Barcode,Topic 1to2,Topic 3,Topic 4,Topic 5,Topic 6to11
AAACAAGTATCTCCCA-1,0.00866,0.000011,0.023852,0.008578,0.958899
AAACACCAATAACTGC-1,0.012219,0.287364,0.599789,0.014528,0.0861
AAACAGAGCGACTCCT-1,0.011963,0.022696,0.003906,0.032038,0.929398
AAACAGCTTTCAGAAG-1,0.049477,0.356356,0.574611,0.000026,0.01953
AAACAGGGTCTATATT-1,0.127447,0.299829,0.534201,0.000027,0.038496
AAACAGTGTTCCTGGG-1,0.833134,0.000019,0.000019,0.041321,0.125507
AAACATTTCCCGGATT-1,0.00003,0.114138,0.030888,0.000015,0.854928
AAACCACTACACAGAT-1,0.000249,0.000017,0.00002,0.103339,0.896376
AAACCCGAACGAAATC-1,0.028284,0.007613,0.03401,0.033182,0.896911
AAACCGGAAATGTTAA-1,0.012401,0.111504,0.015457,0.077405,0.783232
AAACCGGGTAGGTACC-1,0.163609,0.454689,0.321577,0.000017,0.060108
AAACCGTTCGTCCAGG-1,0.03539,0.372708,0.236083,0.014854,0.340964
AAACCTAAGCAGCCGG-1,0.031265,0.001182,0.18221,0.000011,0.785332
AAACCTCATGAAGTTG-1,0.649689,0.150834,0.000048,0.040914,0.158515
AAACGAAGATGGAGTA-1,0.199507,0.130379,0.399867,0.012705,0.257542
AAACGACAGTCTTGCC-1,0.018967,0.026801,0.051516,0.123716,0.779
AAACGAGACGGTTGAT-1,0.314315,0.000022,0.000022,0.081336,0.604304
AAACGCCCGAGATCGG-1,0.018541,0.01561,0.01274,0.047253,0.905856
AAACGGGCGTACGGGT-1,0.000021,0.015515,0.11572,0.00001,0.868734
AAACGGTTGCGAACTG-1,0.064147,0.012127,0.151191,0.024967,0.747568
AAACGTGTTCGCCCTA-1,0.000031,0.001108,0.003916,0.053202,0.941744
AAACTAACGTGGCGAC-1,0.003984,0.000235,0.000012,0.075132,0.920637
AAACTCGGTTCGCAAT-1,0.000024,0.053399,0.119066,0.000012,0.827499
AAACTCGTGATATAAG-1,0.000023,0.000087,0.000011,0.000011,0.999868
AAACTGCTGGCTCCAA-1,0.199673,0.032161,0.030435,0.387526,0.350206
AAACTTAATTGCACGC-1,0.351322,0.533087,0.044779,0.045923,0.024889
AAACTTGCAAACGTAT-1,0.06574,0.415839,0.518303,0.000017,0.000101
AAAGAATGTGGACTAA-1,0.046837,0.173871,0.000024,0.413227,0.366041
AAAGACCCAAGTCGCG-1,0.02247,0.007202,0.321828,0.007565,0.640935
AAAGACTGGGCGCTTT-1,0.806483,0.190131,0.000046,0.003061,0.000279
AAAGCTTGCCTACATA-1,0.000032,0.099494,0.002301,0.046013,0.852159
AAAGGCCCTATAATAC-1,0.481943,0.003107,0.237523,0.057837,0.219591
AAAGGCTACGGACCAT-1,0.000021,0.060536,0.301575,0.000137,0.637731
AAAGGCTCTCGCGCCG-1,0.02344,0.179085,0.120012,0.027383,0.65008
AAAGGGATGTAGCAAG-1,0.373123,0.016677,0.043237,0.182746,0.384217
AAAGGGCAGCTTGAAT-1,0.896761,0.02169,0.01414,0.000033,0.067376
AAAGGTAAGCTGTACC-1,0.000038,0.128333,0.000019,0.074874,0.796736
AAAGTAGCATTGCTCA-1,0.005304,0.128644,0.765467,0.000024,0.10056
AAAGTCACTGATGTAA-1,0.000025,0.000193,0.144903,0.000013,0.854866
AAAGTCGACCCTCAGT-1,0.739696,0.048627,0.179282,0.000031,0.032364
AAAGTGTGATTTATCT-1,0.30672,0.009575,0.005484,0.073733,0.604488
AAAGTTGACTCCCGTA-1,0.052541,0.004838,0.001239,0.049129,0.892253
AAATAACCATACGGGA-1,0.005102,0.068924,0.06874,0.050137,0.807097
AAATAAGGTAGTGCCC-1,0.008179,0.000019,0.000019,0.026409,0.965374
AAATACCTATAAGCAT-1,0.123774,0.014658,0.075016,0.113487,0.673065
AAATAGCTTAGACTTT-1,0.033297,0.001891,0.066485,0.018396,0.879931
AAATAGGGTGCTATTG-1,0.05789,0.017408,0.044581,0.000013,0.880109
AAATCACTCCTAAACG-1,0.002076,0.009762,0.014572,0.22218,0.75141
AAATCCGATACACGCC-1,0.038773,0.165786,0.038243,0.007018,0.750179
AAATCGCGGAAGGAGT-1,0.222181,0.243717,0.320523,0.009529,0.20405
AAATCGTGTACCACAA-1,0.072814,0.368165,0.003087,0.116108,0.439825
AAATCTAGCCCTGCTA-1,0.106232,0.084561,0.019653,0.038415,0.751138
AAATGACTGATCAAAC-1,0.940061,0.000023,0.000023,0.012498,0.047394
AAATGATTCGATCAGC-1,0.023659,0.000022,0.000022,0.006263,0.970035
AAATGCTCGTTACGTT-1,0.999463,0.00006,0.00006,0.00006,0.000358
AAATGGCATGTCTTGT-1,0.00003,0.000015,0.150017,0.000015,0.849923
AAATGGCCCGTGCCCT-1,0.081155,0.242204,0.661517,0.00002,0.015104
AAATGGTCAATGTGCC-1,0.826377,0.02568,0.006302,0.000039,0.141601
AAATGTATCTTATCCC-1,0.680687,0.000029,0.114752,0.000029,0.204503
AAATTAACGGGTAGCT-1,0.559004,0.000029,0.246815,0.000029,0.194124
AAATTAATAAGCGCGA-1,0.880102,0.000043,0.02027,0.003432,0.096152
AAATTACACGACTCTG-1,0.006426,0.000017,0.034589,0.061556,0.897412
AAATTACCTATCGATG-1,0.000021,0.00001,0.111773,0.00001,0.888185
AAATTCCAGGTCCAAA-1,0.038339,0.025236,0.000023,0.044439,0.891963
AAATTGATAGTCCTTT-1,0.000021,0.000011,0.678126,0.000011,0.321831
AAATTGGTGAGAAGCA-1,0.000047,0.011084,0.000024,0.101298,0.887548
AAATTTACCGAAATCC-1,0.00003,0.000015,0.00205,0.061267,0.936639
AAATTTGCGGGTGTGG-1,0.045544,0.50109,0.170232,0.00002,0.283114
AACAACTGGTAGTTGC-1,0.939112,0.016482,0.000032,0.044182,0.000192
AACAATACATTGTCGA-1,0.042568,0.021536,0.325444,0.046425,0.564027
AACAATTACTCTACGC-1,0.999656,0.000038,0.000038,0.000038,0.000229
AACACACGCTCGCCGC-1,0.000367,0.000007,0.087874,0.000007,0.911744
AACACGACTGTACTGA-1,0.000045,0.075375,0.011637,0.074062,0.83888
AACACGAGACGCGGCC-1,0.052188,0.350667,0.480488,0.000026,0.116632
AACAGCTGTGTGGCAA-1,0.025369,0.565081,0.048184,0.003288,0.358077
AACAGGAAATCGAATA-1,0.000033,0.001894,0.202631,0.011844,0.783598
AACAGGATGGGCCGCG-1,0.793485,0.111108,0.052769,0.00093,0.041709
AACAGGTAGTATGGAT-1,0.015901,0.010956,0.014502,0.023141,0.9355
AACATAGCGTGTATCG-1,0.503701,0.009732,0.043554,0.156683,0.28633
AACATATCAACTGGTG-1,0.039893,0.002736,0.006266,0.172603,0.778502
AACATCGATACGTCTA-1,0.000046,0.008463,0.000023,0.009704,0.981764
AACATTGAAGTTGATC-1,0.531722,0.030439,0.153866,0.062289,0.221683
AACATTGTGACTCGAG-1,0.013623,0.137063,0.157134,0.034131,0.658049
AACCAAGACTTCTCTG-1,0.817394,0.000029,0.018925,0.017341,0.146312
AACCATAGGGTTGAAC-1,0.669829,0.21311,0.09134,0.022034,0.003687
AACCATGGGATCGCTA-1,0.799917,0.00005,0.19596,0.00005,0.004023
AACCCAGAGACGGAGA-1,0.776596,0.068563,0.000051,0.00485,0.149941
AACCCATCCCATGATC-1,0.053316,0.044884,0.669275,0.022003,0.210522
AACCCGACAACCCGTG-1,0.121978,0.09829,0.078585,0.266122,0.435026
AACCCGAGCAGAATCG-1,0.043408,0.009806,0.022196,0.037726,0.886864
AACCCGATAGGGCTTC-1,0.000052,0.000026,0.000026,0.55356,0.446336
AACCCGCTGTATTCCA-1,0.871494,0.00002,0.00002,0.00002,0.128447
AACCCTACTGTCAATA-1,0.234452,0.005191,0.000297,0.304222,0.455839
AACCCTGGTGGAACCA-1,0.000026,0.005267,0.039591,0.028248,0.926868
AACCGAGCTTGGTCAT-1,0.315514,0.217927,0.027194,0.108768,0.330597
AACCGCTAAGGGATGC-1,0.118332,0.005724,0.000019,0.086392,0.789532
AACCGTTGTGTTTGCT-1,0.000042,0.012581,0.161654,0.000021,0.825703
AACCTCGCTTTAGCCC-1,0.105247,0.058879,0.213787,0.246237,0.37585
AACCTGTCACGGAATT-1,0.021731,0.000017,0.000017,0.040633,0.937602
AACCTTTAAATACGGT-1,0.004319,0.000728,0.204269,0.000007,0.790677
AACCTTTACGACGTCT-1,0.018142,0.000488,0.000022,0.050301,0.931047
AACGAAAGTCGTCCCA-1,0.131984,0.058745,0.398567,0.069179,0.341525
AACGATAATGCCGTAG-1,0.054516,0.071401,0.03046,0.046258,0.797365
AACGATAGAAGGGCCG-1,0.361128,0.136528,0.065237,0.077864,0.359244
AACGATATGTCAACTG-1,0.113466,0.075828,0.048852,0.106748,0.655106
AACGCATGATCTGGGT-1,0.007004,0.002864,0.000026,0.068783,0.921322
AACGCGACCTTGGGCG-1,0.085512,0.043382,0.112645,0.053445,0.705017
AACGCGGTCTCCAGCC-1,0.276157,0.039987,0.026064,0.069783,0.588009
AACGCTGTTGCTGAAA-1,0.068485,0.024935,0.012249,0.003453,0.890878
AACGGACGTACGTATA-1,0.010077,0.004762,0.000019,0.07274,0.912401
AACGGCCATCTCCGGT-1,0.050208,0.67745,0.098504,0.000674,0.173165
AACGTACTGTGGGTAC-1,0.057189,0.180985,0.27697,0.00048,0.484376
AACGTCAGACTAGTGG-1,0.89203,0.028971,0.000043,0.0787,0.000256
AACGTCATCCGGCTTG-1,0.723391,0.000037,0.000037,0.05009,0.226446
AACGTCGCTGCACTTC-1,0.311266,0.000029,0.000379,0.337022,0.351305
AACGTGATGAAGGACA-1,0.000026,0.000906,0.029825,0.001974,0.967269
AACGTGCGAAAGTCTC-1,0.945299,0.000034,0.000034,0.000034,0.054597
AACGTTATCAGCACCT-1,0.952987,0.000049,0.034627,0.000049,0.012289
AACTACCCGTTTGTCA-1,0.012806,0.005421,0.00002,0.0494,0.932353
AACTAGGCTTGGGTGT-1,0.050061,0.10006,0.148126,0.002317,0.699436
AACTCAAGTTAATTGC-1,0.529181,0.073678,0.066356,0.036847,0.293938
AACTCCAGAGCGTGTT-1,0.064726,0.029236,0.030191,0.120781,0.755066
AACTCCTAATCCCATG-1,0.000049,0.129884,0.005108,0.076193,0.788766
AACTCGATGGCGCAGT-1,0.970411,0.000045,0.029231,0.000045,0.000268
AACTCTCAATAGAGCG-1,0.172647,0.000019,0.002968,0.022105,0.802261
AACTCTCAGTGTGCTC-1,0.000034,0.323224,0.416806,0.000017,0.259918
AACTGAGGTCAGCGTC-1,0.000069,0.119107,0.000034,0.258459,0.62233
AACTGAGTTATACTGA-1,0.000055,0.30553,0.000028,0.11234,0.582047
AACTGATATTAGGCCT-1,0.024662,0.284711,0.000049,0.043721,0.646857
AACTGGGTCCCGACGT-1,0.148536,0.00148,0.11441,0.046717,0.688856
AACTTCTGCGTCTATC-1,0.929366,0.070174,0.000058,0.000058,0.000345
AACTTGCCCGTATGCA-1,0.879613,0.120052,0.000042,0.000042,0.000251
AACTTGCGTTCTCGCG-1,0.999216,0.000087,0.000087,0.000087,0.000523
AACTTTACGGGAGCTT-1,0.999383,0.000069,0.000069,0.000069,0.000411
AACTTTCTCGATCATG-1,0.000034,0.000017,0.000017,0.046088,0.953845
AAGAAAGTTTGATGGG-1,0.841367,0.000062,0.009145,0.021565,0.127862
AAGAAATCACCAGATT-1,0.000051,0.07033,0.003678,0.071662,0.854278
AAGAAGGATCAGTTAG-1,0.822633,0.176707,0.000052,0.000295,0.000312
AAGACATACGTGGTTT-1,0.000044,0.276119,0.000022,0.053811,0.670004
AAGACCAAATAACTCA-1,0.328134,0.025909,0.279608,0.011928,0.354421
AAGACCCAACTGAACA-1,0.000023,0.035011,0.31012,0.00145,0.653395
AAGACTGCAAGCTACT-1,0.501128,0.000051,0.000051,0.113296,0.385474
AAGAGATGAATCGGTA-1,0.88001,0.061623,0.021439,0.000038,0.03689
AAGAGCTCTTTATCGG-1,0.415442,0.000057,0.000057,0.106656,0.477787
AAGAGGATGTACGCGA-1,0.218387,0.150075,0.236743,0.09682,0.297975
AAGAGGCATGGATCGC-1,0.528338,0.000022,0.009494,0.004781,0.457365
AAGAGGCCCTTTGGAA-1,0.000039,0.132271,0.014355,0.014371,0.838963
AAGATGGCACCGGACC-1,0.026012,0.355896,0.187541,0.122208,0.308342
AAGCACCCTGCGTATC-1,0.0137,0.043235,0.097997,0.003074,0.841994
AAGCATACTCTCCTGA-1,0.053874,0.00516,0.189105,0.024263,0.727599
AAGCCACTTGCAGGTA-1,0.746196,0.000022,0.012123,0.023719,0.21794
AAGCCGAAGCGGTTTA-1,0.054314,0.070759,0.004571,0.079322,0.791035
AAGCCGCCGTGAAATC-1,0.291307,0.00001,0.447325,0.005793,0.255564
AAGCCGCTTTACCTTG-1,0.000041,0.108116,0.0066,0.001149,0.884094
AAGCGCAGGGCTTTGA-1,0.061786,0.129445,0.037598,0.065605,0.705564
AAGCGGAGTGCGCGCA-1,0.000044,0.002016,0.000022,0.11936,0.878558
AAGCGGCGTCATGGGT-1,0.007204,0.007454,0.000021,0.058838,0.926484
AAGCGTCCCTCATCGA-1,0.036607,0.180718,0.232142,0.011006,0.539528
AAGCTAGATCGAGTAA-1,0.073194,0.090638,0.086027,0.050845,0.699297
AAGCTCGTGCCAAGTC-1,0.68635,0.000043,0.000043,0.011243,0.302322
AAGCTCTTTCATGGTG-1,0.02912,0.103159,0.060551,0.000011,0.807159
AAGGAGCGGTTGGTGC-1,0.897348,0.025711,0.000056,0.048187,0.028699
AAGGATCGATCGCTTG-1,0.02258,0.000856,0.001596,0.010088,0.964881
AAGGATGAGGGACCTC-1,0.053808,0.059783,0.012922,0.200317,0.67317
AAGGCAGGCTGTCTCC-1,0.076358,0.025718,0.016346,0.034256,0.847322
AAGGCGCGTAAAGCTT-1,0.938062,0.025133,0.036489,0.000045,0.000272
AAGGCTGTGCTCATCG-1,0.794172,0.133224,0.000057,0.040372,0.032175
AAGGGAACGACTGGCT-1,0.45392,0.336113,0.000017,0.20985,0.0001
AAGGGACAGATTCTGT-1,0.095545,0.003263,0.032949,0.097127,0.771115
AAGGGACTATGCATTC-1,0.1627,0.167926,0.254259,0.110085,0.30503
AAGGTATCCTAATATA-1,0.089655,0.007359,0.000037,0.171272,0.731677
AAGGTGATAAACCAGC-1,0.099673,0.002953,0.012172,0.118663,0.76654
AAGTAGAAGACCGGGT-1,0.274202,0.00053,0.13165,0.000029,0.593589
AAGTAGTGACGCGAGG-1,0.780363,0.207263,0.000057,0.011974,0.000342
AAGTCAATTGTCGTCA-1,0.032265,0.000019,0.000019,0.028027,0.939669
AAGTCTTCTGTGGCCT-1,0.58937,0.008331,0.170864,0.001137,0.230298
AAGTGACGACCGAATT-1,0.026526,0.046296,0.581868,0.021607,0.323704
AAGTGAGTCGGGTTTA-1,0.000037,0.313687,0.131224,0.029567,0.525486
AAGTGCAAAGGTAGAC-1,0.999691,0.000034,0.000034,0.000034,0.000206
AAGTGCCTTGACTGTA-1,0.026761,0.003143,0.000031,0.117387,0.852677
AAGTGCGTTAGAATCT-1,0.000034,0.11135,0.811603,0.000017,0.076996
AAGTGCTTCTCTATTG-1,0.401138,0.053984,0.160249,0.034668,0.349961
AAGTGTTTGGAGACGG-1,0.008944,0.070841,0.00035,0.077563,0.842302
AAGTTCACTCCAAGCT-1,0.034532,0.094963,0.022641,0.008353,0.839512
AAGTTCAGTCTGCGTA-1,0.017518,0.000022,0.001947,0.041839,0.938674
AAGTTCGGCCAACAGG-1,0.114439,0.515813,0.310351,0.000028,0.05937
AAGTTGTGATGTTATA-1,0.054804,0.164036,0.074636,0.000022,0.706501
AAGTTTATGGGCCCAA-1,0.000018,0.003558,0.154779,0.000009,0.841635
AATAACAACGCTCGGC-1,0.948012,0.020514,0.000759,0.025182,0.005532
AATAACACTAGAACAA-1,0.075967,0.26837,0.254849,0.143241,0.257573
AATAATCTTCGTATCG-1,0.000032,0.011155,0.046299,0.000016,0.942498
AATACAATGTTTCAGG-1,0.945885,0.036689,0.017073,0.00005,0.000302
AATACCGGAGGGCTGT-1,0.280711,0.076693,0.141037,0.259193,0.242365
AATACCTGATGTGAAC-1,0.494771,0.006765,0.013937,0.238578,0.24595
AATAGAACAGAGTGGC-1,0.011171,0.598278,0.093345,0.016564,0.280642
AATAGAATCTGTTTCA-1,0.072884,0.000014,0.019111,0.026052,0.881939
AATAGCTACCGCGTGC-1,0.00005,0.068937,0.000025,0.100877,0.830112
AATAGGCACGACCCTT-1,0.803633,0.000052,0.022191,0.000052,0.174071
AATAGTCCGTCCCGAC-1,0.035972,0.368731,0.021134,0.028426,0.545737
AATAGTCGCGAGTCGG-1,0.999608,0.000044,0.000044,0.000044,0.000261
AATATCCTAGCAAACT-1,0.387416,0.043927,0.353633,0.003326,0.211698
AATATCGAATCAATGC-1,0.028987,0.017613,0.000659,0.037078,0.915663
AATATCGAGGGTTCTC-1,0.007283,0.020018,0.070378,0.029338,0.872983
AATATTGGAGTATTGA-1,0.93598,0.000054,0.000054,0.000054,0.06386
AATCAGGTTTCATTTA-1,0.859232,0.000028,0.042592,0.011113,0.087035
AATCATGTAAAGACTC-1,0.026567,0.00061,0.017126,0.041979,0.913717
AATCCAAGGGCCTGAG-1,0.155768,0.083635,0.168515,0.115007,0.477076
AATCCCGCTCAGAGCC-1,0.745604,0.000027,0.009784,0.017288,0.227297
AATCGAGGTCTCAAGG-1,0.827219,0.000032,0.000032,0.032428,0.140289
AATCGCCTCAGCGCCA-1,0.594133,0.000038,0.000038,0.11569,0.2901
AATCGCGCAGAGGACT-1,0.154629,0.001443,0.00144,0.036275,0.806213
AATCGGGACACTACGA-1,0.020924,0.059667,0.009381,0.054733,0.855295
AATCGGTATAGCCCTC-1,0.180593,0.137694,0.000031,0.681495,0.000187
AATCGTGAGCCGAGCA-1,0.000034,0.058561,0.039112,0.000017,0.902276
AATCTAGGTTTACTTG-1,0.156175,0.810928,0.032471,0.000061,0.000365
AATCTATGCCGGAGCC-1,0.02305,0.004707,0.007579,0.002556,0.962108
AATCTCTACTGTGGTT-1,0.688863,0.300612,0.00007,0.00007,0.010385
AATCTGCGTTGGGACG-1,0.265383,0.000033,0.05458,0.083727,0.596277
AATCTGGCTTTCTAGT-1,0.193873,0.391712,0.414176,0.000034,0.000205
AATGACAGCAATGTCT-1,0.096326,0.323399,0.422281,0.007552,0.150441
AATGACGTAGGATGTC-1,0.073585,0.000015,0.089902,0.021938,0.81456
AATGACTGTCAGCCGG-1,0.874465,0.122428,0.000056,0.002304,0.000747
AATGAGTTCGCATATG-1,0.959978,0.032501,0.000055,0.000055,0.007411
AATGATGATACGCTAT-1,0.00344,0.000018,0.000018,0.056601,0.939923
AATGATGCGACTCCTG-1,0.00003,0.000015,0.005354,0.000015,0.994586
AATGCAACCGGGTACC-1,0.512101,0.089824,0.070311,0.189751,0.138012
AATGCACCAAGCAATG-1,0.007857,0.000341,0.005723,0.104932,0.881147
AATGGCCGCCAATGCG-1,0.012326,0.00004,0.00004,0.987357,0.000238
AATGGTCCACCGTTCA-1,0.999774,0.000025,0.000025,0.000025,0.000151
AATGGTTCTCACAAGC-1,0.999648,0.000039,0.000039,0.000039,0.000235
AATGTATGGCACTGTA-1,0.858524,0.122332,0.000039,0.018872,0.000233
AATGTGCCCGAGGTGT-1,0.117781,0.021378,0.521386,0.000048,0.339406
AATGTGCTAATCTGAG-1,0.206144,0.129962,0.272514,0.139447,0.251933
AATGTTAAGACCCTGA-1,0.509397,0.000044,0.000026,0.318905,0.171628
AATGTTGTCGTGAGAC-1,0.022408,0.279536,0.002208,0.037901,0.657948
AATTAAAGGTCGGCGT-1,0.356306,0.166278,0.000055,0.022498,0.454863
AATTAACGGATTTCCA-1,0.0149,0.283838,0.039966,0.123821,0.537475
AATTACGAGACCCATC-1,0.262831,0.076409,0.452537,0.005927,0.202296
AATTACTCGTACGCTC-1,0.851406,0.000051,0.007908,0.072962,0.067674
AATTAGCGCTGCAGCG-1,0.012846,0.309048,0.019872,0.022944,0.63529
AATTATACCCAGCAAG-1,0.68334,0.000024,0.009353,0.080545,0.226738
AATTCATAAGGGATCT-1,0.019645,0.000019,0.042337,0.035647,0.902352
AATTCATTGTCATGCA-1,0.395811,0.515937,0.034253,0.05379,0.00021
AATTCCAAGCATGTAC-1,0.055474,0.077338,0.153822,0.00001,0.713357
AATTCGATTCGAGGAT-1,0.001904,0.018943,0.091478,0.050306,0.83737
AATTCTAGAGTTAGGC-1,0.025441,0.001459,0.099204,0.031358,0.842539
AATTGAACGCTCTGGT-1,0.091362,0.000213,0.017594,0.035634,0.855197
AATTGCAGCAATCGAC-1,0.012703,0.061264,0.090079,0.021998,0.813956
AATTGCGTGGATTACA-1,0.879248,0.000029,0.025424,0.000029,0.095271
AATTTGGGACATAGTA-1,0.021023,0.002003,0.033481,0.093277,0.850216
AATTTGGTTCCAAAGA-1,0.0333,0.000783,0.019365,0.026687,0.919865
ACAAACCATGCGTCCT-1,0.269334,0.582417,0.001298,0.135615,0.011336
ACAAACTCCATCAGAG-1,0.921643,0.000018,0.000018,0.011733,0.066587
ACAAAGAAGGTAGGCC-1,0.270976,0.193165,0.399874,0.000021,0.135965
ACAAAGCATGACCTAG-1,0.003675,0.052064,0.073993,0.001237,0.869032
ACAAATCGCACCGAAT-1,0.052813,0.009833,0.006541,0.073738,0.857075
ACAAATGGTAGTGTTT-1,0.08053,0.022755,0.000031,0.241475,0.655209
ACAAATTCAGATCTGA-1,0.068568,0.009834,0.039828,0.016618,0.865153
ACAACAGCATGAGCTA-1,0.306122,0.000021,0.004163,0.107271,0.582423
ACAACGGTCCCTGCGA-1,0.999617,0.000043,0.000043,0.000043,0.000256
ACAAGCAGTGCCTAGC-1,0.784056,0.061058,0.000047,0.118558,0.036282
ACAAGGAAATCCGCCC-1,0.015721,0.006768,0.098285,0.039422,0.839803
ACAAGGACAAGAGGTT-1,0.982253,0.017515,0.000029,0.000029,0.000174
ACAAGGATGCTTTAGG-1,0.030517,0.243511,0.004307,0.000091,0.721573
ACAAGGCCTACCAGCC-1,0.012092,0.010483,0.040717,0.060478,0.87623
ACAAGGGCAGGCTCTG-1,0.192226,0.00083,0.001569,0.057696,0.747678
ACAAGTAATTGTAAGG-1,0.881981,0.000079,0.000079,0.028911,0.088951
ACAATAGTCGTACGTT-1,0.028035,0.002305,0.924715,0.000016,0.044928
ACAATCCATTTAAACC-1,0.6334,0.109434,0.088838,0.004959,0.163369
ACAATGAATACGGAGA-1,0.027716,0.22807,0.245397,0.005826,0.49299
ACAATGATTCTTCTAC-1,0.000059,0.183341,0.00003,0.376709,0.439861
ACAATTGTGTCTCTTT-1,0.010458,0.013684,0.015824,0.003351,0.956682
ACAATTTAGGAGGCTC-1,0.887193,0.081099,0.000062,0.031272,0.000374
ACAATTTGAGCAGTGG-1,0.237454,0.050728,0.000051,0.423345,0.288422
ACAATTTGGCCATATT-1,0.016458,0.014515,0.057555,0.092937,0.818535
ACACAAAGACGGGTGG-1,0.78008,0.211537,0.000047,0.008054,0.000282
ACACAAATATTCCTAG-1,0.022096,0.192756,0.048891,0.093508,0.64275
ACACACCAGGACCAGT-1,0.135813,0.000012,0.069547,0.073589,0.721039
ACACACTTTCTACACG-1,0.031544,0.016399,0.126908,0.004985,0.820164
ACACATGATCAAATCT-1,0.028801,0.1517,0.436007,0.006211,0.377281
ACACATTTCCGTAGAC-1,0.725332,0.00002,0.006063,0.068528,0.200058
ACACCACATAATTAGC-1,0.021811,0.018349,0.004745,0.023264,0.931831
ACACCCAGCATGCAGC-1,0.679084,0.007443,0.022681,0.045718,0.245075
ACACCCGAGAAATCCG-1,0.702186,0.034913,0.046956,0.048428,0.167518
ACACCGAGCGCTCTTT-1,0.893532,0.000068,0.000068,0.105924,0.000408
ACACCGGTCTGACCGC-1,0.304995,0.167441,0.260736,0.080595,0.186232
ACACCTTAAGTAGGGC-1,0.887502,0.014475,0.000046,0.065184,0.032793
ACACCTTACTACTTGC-1,0.092702,0.000013,0.000607,0.000013,0.906663
ACACGAGACTCCTTCT-1,0.762649,0.058558,0.000049,0.147565,0.031179
ACACGGCACTATGCAT-1,0.000035,0.000018,0.027228,0.000018,0.972702
ACACGGGAACTTAGGG-1,0.308309,0.069433,0.058191,0.060068,0.503998
ACACGTAGGCCACAAG-1,0.020401,0.029628,0.072223,0.016546,0.861202
ACACTCCAATGTCACT-1,0.836713,0.162589,0.000087,0.000087,0.000524
ACACTGATCAAGGTGT-1,0.087657,0.034666,0.192556,0.019154,0.665967
ACACTGGGACAGTCGT-1,0.016451,0.075253,0.040756,0.158225,0.709315
ACAGAACTGAGAACAA-1,0.001075,0.058874,0.557049,0.000016,0.382986
ACAGCATAGAGCCAGT-1,0.052588,0.109368,0.133342,0.000479,0.704223
ACAGCGACATTCTCAT-1,0.000044,0.055581,0.030418,0.008612,0.905346
ACAGCGCACCCGCAGC-1,0.009786,0.048418,0.059562,0.001679,0.880554
ACAGGCACGGATCCTT-1,0.006236,0.027357,0.011779,0.04388,0.910748
ACAGGCTTGCCCGACT-1,0.063696,0.004514,0.060514,0.000204,0.871072
ACAGGTGGAGGTGAGG-1,0.011157,0.082589,0.372834,0.000015,0.533405
ACAGTAATACAACTTG-1,0.142139,0.348059,0.507233,0.000026,0.002542
ACAGTATACCGTGGGA-1,0.000054,0.107376,0.011919,0.004484,0.876168
ACATAAGTCGTGGTGA-1,0.150782,0.358463,0.24298,0.019579,0.228196
ACATAATAAGGCGGTG-1,0.260321,0.078367,0.036772,0.059422,0.565118
ACATACAATCAAGCGG-1,0.727734,0.000051,0.000051,0.048638,0.223526
ACATCAGCTGGGACGC-1,0.999708,0.000032,0.000032,0.000032,0.000195
ACATCCCGGCCATACG-1,0.000022,0.002187,0.166413,0.000011,0.831368
ACATCCTGGTAACTGT-1,0.071741,0.000018,0.003782,0.02593,0.898529
ACATCGATCGTTTACC-1,0.416001,0.117697,0.00006,0.116169,0.350074
ACATCGCAATATTCGG-1,0.903459,0.000054,0.000054,0.000054,0.096381
ACATCGGTCAGCCGCG-1,0.06751,0.168403,0.282372,0.02421,0.457505
ACATCGTATGCAATGG-1,0.101953,0.000017,0.090801,0.076851,0.730378
ACATCGTTAACCTAGT-1,0.024581,0.045898,0.005847,0.033875,0.889798
ACATGCTTACGGCAGC-1,0.912766,0.000078,0.000078,0.000078,0.087001
ACATGGCGCCAAAGTA-1,0.025777,0.00113,0.058098,0.009544,0.905451
ACATTAGTTTATATCC-1,0.000037,0.000018,0.405633,0.000018,0.594294
ACATTCGCGCGGAATA-1,0.64593,0.000023,0.1444,0.003187,0.20646
ACATTTGAAACCTAAC-1,0.466455,0.001894,0.000031,0.531435,0.000185
ACCAAACACCCAGCGA-1,0.000029,0.001591,0.001255,0.000099,0.997026
ACCAACACCACACACT-1,0.000043,0.015139,0.019204,0.023149,0.942465
ACCAACCGCACTCCAC-1,0.000027,0.011082,0.274437,0.000013,0.714441
ACCAACGCTTATTTAT-1,0.036706,0.104538,0.226534,0.014657,0.617566
ACCAAGAACGCGTGTC-1,0.277419,0.000037,0.155859,0.119236,0.44745
ACCAAGTCATCGGCAG-1,0.000059,0.161375,0.00003,0.430563,0.407973
ACCAATATGCAAGTTA-1,0.015919,0.23622,0.027081,0.005219,0.71556
ACCACAACTCAGAACA-1,0.008681,0.001036,0.053308,0.209507,0.727468
ACCACAAGTTTCTATC-1,0.811405,0.027981,0.000054,0.033225,0.127334
ACCACACGGTTGATGG-1,0.74057,0.000027,0.000027,0.082741,0.176635
ACCACCAATGTAACAA-1,0.034249,0.000011,0.047453,0.000011,0.918277
ACCACCCTCTCTTCTA-1,0.000041,0.012978,0.027222,0.003857,0.955902
ACCACGTGCAGCTATA-1,0.04153,0.033839,0.070858,0.043972,0.809802
ACCACTGTTCAAGAAG-1,0.99947,0.000059,0.000059,0.000059,0.000354
ACCAGACCATAACAAC-1,0.896494,0.061946,0.032656,0.000035,0.008869
ACCAGTGCCCGGTCAA-1,0.026973,0.000013,0.003409,0.065558,0.904046
ACCAGTGCGGGAGACG-1,0.040259,0.174445,0.000033,0.389599,0.395665
ACCATATCCGCAATAA-1,0.619688,0.000046,0.071407,0.008079,0.300781
ACCATCCGCCAACTAG-1,0.146002,0.073021,0.685111,0.000025,0.095841
ACCATCGTATATGGTA-1,0.136302,0.269957,0.297697,0.040229,0.255815
ACCATTAAGGGTGTCA-1,0.942529,0.056879,0.000074,0.000074,0.000444
ACCCAACGCCCGTGGC-1,0.172795,0.000019,0.063934,0.000019,0.763232
ACCCACCTACATGCTC-1,0.92114,0.078337,0.000065,0.000065,0.000392
ACCCATCTTGAGGGTA-1,0.621965,0.085678,0.012697,0.094333,0.185328
ACCCATTTGTCCCTCT-1,0.03273,0.068875,0.036625,0.082592,0.779179
ACCCGAGCGAAATTAC-1,0.47186,0.066053,0.187659,0.194371,0.080057
ACCCGATTGGTTCCGA-1,0.616315,0.000015,0.049965,0.000399,0.333306
ACCCGGAAACTCCCAG-1,0.061368,0.219527,0.044646,0.012613,0.661846
ACCCGGAGCACCACAA-1,0.031582,0.17461,0.00043,0.130371,0.663008
ACCCGGATGACGCATC-1,0.235496,0.007948,0.000029,0.08313,0.673397
ACCCGGTTACACTTCC-1,0.298708,0.085914,0.065577,0.17053,0.379271
ACCCGTAGCAGAGAAT-1,0.982428,0.000054,0.000054,0.005286,0.012179
ACCCGTAGTCTAGTTG-1,0.078659,0.059824,0.075652,0.091967,0.693898
ACCCGTGTCATCAGTA-1,0.000042,0.290519,0.107783,0.000021,0.601635
ACCCTATAGGACTGAG-1,0.851686,0.016663,0.011034,0.000084,0.120533
ACCCTATGCCATATCG-1,0.064385,0.159775,0.30826,0.002498,0.465082
ACCCTCCCGTCAGGGC-1,0.04537,0.035003,0.062503,0.056939,0.800185
ACCCTCCCTTGCTATT-1,0.025917,0.025395,0.07105,0.078873,0.798764
ACCCTGGTAACGCCCT-1,0.000054,0.026601,0.000027,0.00497,0.968348
ACCCTTCATCTGCGAA-1,0.000025,0.000012,0.211926,0.000348,0.787689
ACCCTTGCCTGGGTCG-1,0.000082,0.178727,0.000041,0.193396,0.627754
ACCCTTTAGTTCTCCA-1,0.000792,0.006854,0.021881,0.085395,0.885078
ACCGAAAGGGCCCTGC-1,0.048392,0.125002,0.099792,0.05776,0.669054
ACCGAAGAGTCTGGTT-1,0.178506,0.464612,0.356616,0.000038,0.000228
ACCGACACATCTCCCA-1,0.038926,0.15736,0.07099,0.013038,0.719686
ACCGACTGAGTCCCAC-1,0.284795,0.000037,0.021477,0.065777,0.627915
ACCGAGTCTCCTTATT-1,0.051567,0.302491,0.000018,0.36475,0.281174
ACCGATAGGCATAACC-1,0.038549,0.017248,0.035268,0.110178,0.798759
ACCGATATTTAATCAT-1,0.000056,0.16249,0.037566,0.142201,0.657688
ACCGATGGTAGCATCG-1,0.141363,0.000063,0.000031,0.190505,0.668038
ACCGCAATAACTGCCT-1,0.113834,0.132365,0.035504,0.007887,0.71041
ACCGCGGTGGAAGTCG-1,0.034944,0.000022,0.000022,0.055084,0.909929
ACCGCTAGTCATTGGT-1,0.801027,0.000026,0.007904,0.002094,0.18895
ACCGGGCCTTTGTTGA-1,0.041284,0.009874,0.000024,0.127,0.821818
ACCGGTCAGGTACACC-1,0.002075,0.28058,0.536134,0.008559,0.172652
ACCGGTCTGAGTACGG-1,0.014907,0.002292,0.003331,0.106195,0.873274
ACCGTCCACTGGGCCC-1,0.237188,0.061658,0.449998,0.006737,0.244418
ACCGTGACCACGTGGG-1,0.000022,0.042383,0.35929,0.000011,0.598293
ACCTAAGTACCTTTCA-1,0.116141,0.036339,0.527051,0.000016,0.320452
ACCTAATCGACTTCCT-1,0.999577,0.000047,0.000047,0.000047,0.000282
ACCTACAGTATGTGGT-1,0.013194,0.000999,0.005106,0.079008,0.901694
ACCTACTATAAATCTA-1,0.065367,0.089434,0.041852,0.13553,0.667817
ACCTCAGCGAGGCGCA-1,0.66503,0.000077,0.000077,0.178669,0.156147
ACCTCCGCCCTCGCTG-1,0.022736,0.032211,0.076685,0.023528,0.84484
ACCTCCGTTATTCACC-1,0.015449,0.052252,0.008455,0.038634,0.88521
ACCTCGAACTTATGCT-1,0.355493,0.000789,0.64322,0.000015,0.000482
ACCTGCGTGTCATGTT-1,0.175112,0.04316,0.78155,0.000025,0.000153
ACGAAATGGGCGGCAC-1,0.781355,0.041286,0.052935,0.047723,0.076702
ACGACCCATGAGTTGC-1,0.015824,0.318057,0.162024,0.04252,0.461574
ACGACTCTAGGGCCGA-1,0.043398,0.31595,0.000025,0.594331,0.046296
ACGACTGGTCATACTC-1,0.137043,0.276117,0.058401,0.270469,0.25797
ACGAGATATTTGCTTA-1,0.000048,0.06519,0.099217,0.000024,0.835521
ACGAGGATACCACTCT-1,0.063302,0.242887,0.687412,0.000023,0.006377
ACGAGGTTTACAACGT-1,0.148315,0.289185,0.478932,0.005877,0.077691
ACGAGTACGGATGCCC-1,0.000016,0.000008,0.000008,0.000008,0.999959
ACGATACATAGAACTA-1,0.019656,0.023593,0.007672,0.236746,0.712334
ACGATACCTATCCTGA-1,0.752015,0.003045,0.072792,0.007174,0.164974
ACGATCATACATAGAG-1,0.452324,0.05019,0.000066,0.190917,0.306502
ACGATCATCTTGTAAA-1,0.037721,0.000019,0.070786,0.01673,0.874744
ACGATGCATATGTTAT-1,0.944861,0.000029,0.009403,0.000029,0.045678
ACGATGGATCCGATGC-1,0.005881,0.005826,0.001156,0.019555,0.967582
ACGCAAACTAATAGAT-1,0.003152,0.150101,0.199897,0.006242,0.640608
ACGCAATCACTACAGC-1,0.010367,0.000013,0.001161,0.000013,0.988445
ACGCATACGTTTACTA-1,0.000297,0.006505,0.009118,0.034039,0.950041
ACGCATTCGTGAGTAC-1,0.868453,0.000053,0.000053,0.131122,0.000319
ACGCCACTCGAAACAG-1,0.695819,0.000019,0.000019,0.180591,0.123553
ACGCCAGATGATTTCT-1,0.018595,0.173622,0.003037,0.034058,0.770689
ACGCCAGTGCGTTTGC-1,0.155564,0.0416,0.000024,0.190826,0.611987
ACGCCGCTAGACGACC-1,0.646783,0.04802,0.000039,0.005781,0.299376
ACGCGAAGTCAGACGA-1,0.000023,0.000012,0.243581,0.000012,0.756372
ACGCGCTACACAGGGT-1,0.097703,0.335927,0.458297,0.000018,0.108056
ACGCGGGCCAAGGACA-1,0.75695,0.000049,0.000049,0.125545,0.117406
ACGCGTTTCTTAAGAG-1,0.968577,0.030623,0.0001,0.0001,0.000599
ACGCTAGTGATACACT-1,0.011018,0.000022,0.001855,0.066583,0.920522
ACGCTGTGAGGCGTAG-1,0.204836,0.114937,0.636347,0.002035,0.041845
ACGGAACACGAGTGCC-1,0.570755,0.000026,0.000026,0.247831,0.181363
ACGGAATTTAGCAAAT-1,0.956909,0.042475,0.000077,0.000077,0.000462
ACGGACGCAGCGACAA-1,0.719091,0.000062,0.000062,0.280414,0.000372
ACGGACTCTCAAAGCG-1,0.000011,0.000336,0.119814,0.000005,0.879834
ACGGAGCGCAAATTAC-1,0.000053,0.021168,0.000027,0.036793,0.941959
ACGGATGGTGCGGATA-1,0.020557,0.002774,0.14541,0.00001,0.831249
ACGGCACTTGCTTGGG-1,0.000057,0.238918,0.004449,0.024188,0.732389
ACGGCCAACATGGACT-1,0.051478,0.088924,0.084813,0.014649,0.760137
ACGGCGACGATGGGAA-1,0.026154,0.003494,0.272838,0.027829,0.669685
ACGGCTGGATGTAGAA-1,0.047062,0.680829,0.195029,0.040301,0.036779
ACGGGAGTGTCGGCCC-1,0.000048,0.033203,0.908426,0.000024,0.058299
ACGGGCGTATGCGACA-1,0.000036,0.017296,0.000018,0.010709,0.971941
ACGGGTCATGTGACTT-1,0.99954,0.000051,0.000051,0.000051,0.000306
ACGGGTTGTGACCTGT-1,0.465676,0.03608,0.245393,0.006305,0.246546
ACGGTACAGTTCAATG-1,0.047457,0.256316,0.000024,0.386848,0.309356
ACGGTCACCGAGAACA-1,0.924027,0.000016,0.011097,0.011956,0.052905
ACGTACAGATTTCTCT-1,0.000037,0.001491,0.150386,0.000018,0.848068
ACGTACTTTGGCACGG-1,0.780851,0.00002,0.080184,0.00002,0.138925
ACGTAGATTGCTGATG-1,0.675091,0.11731,0.00009,0.206968,0.000541
ACGTAGGAGAGTCGCT-1,0.071459,0.012053,0.035768,0.091648,0.789072
ACGTATTACTCCGATC-1,0.114679,0.001766,0.084249,0.075498,0.723808
ACGTCTCGTTCCGGGA-1,0.210593,0.369895,0.381275,0.000031,0.038206
ACGTGACAAAGTAAGT-1,0.328223,0.084193,0.350086,0.015354,0.222144
ACGTGCGCCTCGTGCA-1,0.019809,0.088772,0.013456,0.438845,0.439118
ACGTTAATGTCGAAGA-1,0.860253,0.000028,0.000028,0.000028,0.139664
ACGTTAGATTTGCCCG-1,0.167541,0.000014,0.378614,0.000014,0.453816
ACGTTATTGGTCACTC-1,0.887775,0.111431,0.000099,0.000099,0.000596
ACGTTCACTATGCCGC-1,0.733922,0.006223,0.075597,0.000133,0.184125
ACGTTCGCAATCAATT-1,0.027765,0.000017,0.000081,0.022666,0.94947
ACGTTCGTTCAGGAAA-1,0.05459,0.158748,0.21438,0.137563,0.434718
ACGTTCTGTACAAGTC-1,0.001927,0.011661,0.122205,0.009116,0.855092
ACGTTGTCGTTGAAAG-1,0.885034,0.000024,0.001052,0.000024,0.113867
ACGTTTAGTTGTGATC-1,0.090854,0.204688,0.001363,0.060408,0.642687
ACTAATACGTCAGGCG-1,0.025751,0.023029,0.013503,0.034767,0.90295
ACTACAAAGAGAGGTG-1,0.513571,0.020285,0.071263,0.096127,0.298753
ACTACATCCCGACAAG-1,0.006208,0.008834,0.529027,0.000014,0.455917
ACTACCAGCTCTCTGG-1,0.683399,0.137764,0.000068,0.08639,0.092379
ACTACCATCCGAGGGC-1,0.59704,0.00089,0.099595,0.044409,0.258067
ACTACGCGTTAGAATT-1,0.000016,0.000008,0.323661,0.000008,0.676308
ACTAGTTGCGATCGTC-1,0.000034,0.000017,0.000017,0.007198,0.992734
ACTATATGCTGTGTTC-1,0.000035,0.026566,0.005843,0.007513,0.960043
ACTATCCAGGGCATGG-1,0.074858,0.000019,0.022215,0.000019,0.90289
ACTATCGCCGGCTAAA-1,0.800743,0.097567,0.092915,0.000051,0.008723
ACTATCTGCCCGCGTA-1,0.016257,0.027154,0.01784,0.148091,0.790658
ACTATGTCCAGCTGCC-1,0.373067,0.464806,0.007718,0.150166,0.004242
ACTATTCGTCCGTGGT-1,0.000042,0.019469,0.029915,0.039078,0.911496
ACTATTTCCGGGCCCA-1,0.00004,0.431112,0.085109,0.000207,0.483532
ACTCAAGTGCAAGGCT-1,0.052579,0.088678,0.032519,0.00418,0.822045
ACTCAATAAAGGCACG-1,0.197879,0.000025,0.342316,0.000025,0.459755
ACTCAGACCTGCTTCT-1,0.085544,0.013433,0.234556,0.008256,0.658211
ACTCATGGCAGCCTTC-1,0.709731,0.007413,0.105197,0.044596,0.133063
ACTCCAATATCATCAT-1,0.210879,0.028967,0.22047,0.096117,0.443568
ACTCCCATTCCTAAAG-1,0.133462,0.252213,0.520339,0.001601,0.092387
ACTCCCGAATTCGTTT-1,0.036157,0.00515,0.000028,0.125394,0.833271
ACTCCCGTAGACTAGG-1,0.000062,0.035469,0.013208,0.017668,0.933593
ACTCCCTAATGCTAAA-1,0.091069,0.208809,0.04728,0.000536,0.652306
ACTCCCTAGAATAGTA-1,0.062861,0.009899,0.140435,0.082392,0.704413
ACTCCGGCCGACCACT-1,0.041793,0.167054,0.000019,0.325072,0.466062
ACTCGATGTATTTCAT-1,0.853436,0.001411,0.109663,0.000056,0.035434
ACTCGCCGTTCGATAA-1,0.000044,0.159368,0.003334,0.013695,0.823558
ACTCGCGATCTGACGC-1,0.029295,0.072353,0.106072,0.0626,0.729679
ACTCGTAACCCGTCCT-1,0.043511,0.003117,0.843626,0.000018,0.109728
ACTCGTCAGTAATCCC-1,0.277495,0.000033,0.000033,0.074642,0.647796
ACTCTAAACCTGGGAT-1,0.99967,0.000037,0.000037,0.000037,0.00022
ACTCTCTGACTTAGGT-1,0.543138,0.084877,0.000054,0.155583,0.216348
ACTCTCTTATACACGA-1,0.000033,0.000017,0.028477,0.002326,0.969148
ACTCTGACCTAATAGA-1,0.000513,0.010373,0.125756,0.001696,0.861662
ACTCTTCAGCTCCCGC-1,0.055522,0.032603,0.142451,0.031845,0.737579
ACTCTTGTATAGTAAC-1,0.765425,0.000055,0.000055,0.060814,0.173652
ACTGAAACGCCGTTAG-1,0.030497,0.012189,0.033774,0.000006,0.923533
ACTGAATGGCGAAAGT-1,0.04924,0.021501,0.065495,0.065116,0.798648
ACTGCCCGCCATTCTC-1,0.772521,0.000015,0.034756,0.008226,0.184482
ACTGCCGTCGTAACTC-1,0.085385,0.053364,0.068042,0.058594,0.734616
ACTGCGGACACACCGT-1,0.037727,0.042899,0.00003,0.124507,0.794837
ACTGCTCGGAAGGATG-1,0.00005,0.38975,0.595606,0.000025,0.014569
ACTGGGATGCCAGTGC-1,0.999806,0.000022,0.000022,0.000022,0.000129
ACTGTACGATACACAT-1,0.592433,0.000048,0.000048,0.06678,0.340691
ACTGTAGCACTTTGGA-1,0.999708,0.000032,0.000032,0.000032,0.000195
ACTGTATACGCGAGCA-1,0.400581,0.176105,0.038821,0.135104,0.249389
ACTGTCCAGGATTATA-1,0.72558,0.006389,0.002703,0.0492,0.216129
ACTGTGCTAGTAGATC-1,0.558405,0.079527,0.000092,0.242801,0.119175
ACTTACCGGGCGCGCA-1,0.014502,0.008724,0.005403,0.02138,0.949991
ACTTACGCATCCACGC-1,0.031817,0.100679,0.090149,0.029986,0.747369
ACTTAGTACGACAAGA-1,0.484758,0.0754,0.032366,0.071178,0.336298
ACTTATACTTACCCGG-1,0.241616,0.000075,0.000043,0.281134,0.477131
ACTTATTAGGATCGGT-1,0.539747,0.000044,0.140979,0.000044,0.319186
ACTTATTTATGTGCCA-1,0.134831,0.000022,0.023956,0.038726,0.802465
ACTTCAGGCTGATCCC-1,0.013087,0.000012,0.119112,0.007675,0.860114
ACTTCCATGCGGGACA-1,0.008946,0.218985,0.014962,0.04744,0.709666
ACTTCCTGTCGTGCGA-1,0.018172,0.000023,0.000023,0.195421,0.786361
ACTTCGCCATACGCAC-1,0.412644,0.030363,0.0079,0.119557,0.429536
ACTTCGCTAGCGAGTG-1,0.008449,0.000014,0.00949,0.033883,0.948164
ACTTGACTCCCTCTTT-1,0.3217,0.014891,0.047096,0.052684,0.563629
ACTTGGGACCCGGTGG-1,0.946542,0.045506,0.000058,0.007549,0.000346
ACTTGGGCTTTCGCCA-1,0.611795,0.000044,0.000044,0.189586,0.198531
ACTTGTAGTCCCTTCA-1,0.206591,0.422783,0.365963,0.000047,0.004617
ACTTGTGGATGGAACG-1,0.024764,0.006576,0.014271,0.05018,0.904208
ACTTGTTACCGGATCA-1,0.537621,0.000026,0.03228,0.064462,0.36561
ACTTTACCCTCATGAA-1,0.026433,0.002733,0.000024,0.068702,0.902108
ACTTTATACACCACTT-1,0.999163,0.000093,0.000093,0.000093,0.000558
ACTTTCCTATAGCTTC-1,0.370634,0.000037,0.016513,0.094337,0.518479
ACTTTGACTGCATCCT-1,0.365282,0.155595,0.471961,0.000023,0.00714
ACTTTGGTCGTGCTCC-1,0.122542,0.060163,0.330697,0.041978,0.44462
ACTTTGTCGACGCACT-1,0.110557,0.226664,0.000046,0.343544,0.319189
AGAAATTATGACTCGC-1,0.069454,0.250114,0.000027,0.065315,0.61509
AGAACACGGCGATGGT-1,0.999576,0.000047,0.000047,0.000047,0.000283
AGAACCCAGCGTGACA-1,0.035571,0.130655,0.0821,0.111103,0.64057
AGAACCCTCAATTGGG-1,0.034846,0.05652,0.454808,0.008037,0.445789
AGAACGTGGTACATTC-1,0.21074,0.000027,0.133572,0.091329,0.564332
AGAACTGTACTTTGTA-1,0.613158,0.000053,0.000053,0.376509,0.010228
AGAAGAGCGCCGTTCC-1,0.137401,0.000421,0.000421,0.000421,0.861336
AGAAGGTACACTTCAC-1,0.108149,0.360435,0.414219,0.000037,0.11716
AGAAGGTTGCCGAATT-1,0.123092,0.008994,0.4429,0.007991,0.417022
AGAAGGTTGTAGGTCG-1,0.002873,0.067458,0.075304,0.000014,0.85435
AGAAGTGATTCGTGAT-1,0.059339,0.320996,0.358668,0.005256,0.255741
AGAATAAATCTTCAGG-1,0.802395,0.037631,0.016646,0.003454,0.139875
AGAATACAGGCTATCC-1,0.852141,0.00003,0.00003,0.002864,0.144935
AGAATGCGGGTTCGGA-1,0.000027,0.000014,0.004834,0.000014,0.995111
AGAATTATGGATTCGA-1,0.041271,0.000026,0.002376,0.074155,0.882172
AGAATTGTTTGACATA-1,0.755412,0.06378,0.144897,0.000071,0.03584
AGACAGCTCAGAATCC-1,0.999587,0.000046,0.000046,0.000046,0.000275
AGACAGGCATCTCAGC-1,0.000065,0.19886,0.000032,0.169813,0.631229
AGACCAAACCACACCT-1,0.088593,0.319391,0.526352,0.000023,0.065642
AGACCATGGGATACAA-1,0.844369,0.015419,0.034668,0.000032,0.105513
AGACCCACCGCTGATC-1,0.079083,0.001975,0.172401,0.019204,0.727337
AGACCCGCCCTCCTCG-1,0.584478,0.000044,0.026484,0.090576,0.298418
AGACCGCTCCGCGGTT-1,0.149466,0.01923,0.016775,0.022877,0.791652
AGACCGGGAAACCCTG-1,0.206721,0.145913,0.634857,0.00002,0.01249
AGACGAAGTGCCGGTC-1,0.014919,0.000012,0.000012,0.037667,0.94739
AGACGACGATGCCGCT-1,0.01273,0.081533,0.497827,0.028467,0.379443
AGACGGGCCGATTTAA-1,0.001292,0.027308,0.052669,0.031404,0.887326
AGACTAGCCTTCCAGA-1,0.832711,0.102685,0.006022,0.026022,0.03256
AGACTGTTACCGGGTC-1,0.070812,0.04214,0.188396,0.035254,0.663398
AGAGAAACACCAGAAA-1,0.662723,0.006247,0.088168,0.059597,0.183264
AGAGAACCGTCTAGGA-1,0.05179,0.000014,0.002727,0.078186,0.867284
AGAGAAGGAGTACAAT-1,0.000042,0.315673,0.218471,0.00237,0.463444
AGAGATCTCTAAAGCG-1,0.195417,0.324329,0.1834,0.022439,0.274414
AGAGCAGTTATGAGAC-1,0.999609,0.000043,0.000043,0.000043,0.000261
AGAGCCGCCGAGATTT-1,0.034236,0.073814,0.202219,0.028182,0.661549
AGAGCGCTTGTAACGG-1,0.000047,0.175867,0.000023,0.434257,0.389806
AGAGCGGGCTAATCAT-1,0.117564,0.000045,0.052945,0.026559,0.802886
AGAGCGTACAAGCTCG-1,0.699458,0.187726,0.0144,0.083617,0.0148
AGAGCTACGAAAGCAT-1,0.677861,0.011289,0.07235,0.018138,0.220363
AGAGGCTTCGGAAACC-1,0.063966,0.000033,0.01359,0.000021,0.92239
AGAGTAAACTTCACTA-1,0.022503,0.024741,0.001792,0.01888,0.932083
AGAGTATAGTGTTACG-1,0.000046,0.054122,0.000023,0.051906,0.893903
AGAGTGAACAGACACC-1,0.025758,0.002479,0.011079,0.220889,0.739794
AGAGTTAGAGACCGAT-1,0.000032,0.003129,0.011266,0.031082,0.954491
AGATAACTTCAGGGCC-1,0.911046,0.000043,0.044146,0.000043,0.044722
AGATAATCACACCTAT-1,0.874056,0.000118,0.000118,0.000118,0.12559
AGATACCAATAGAACC-1,0.021951,0.008631,0.115908,0.000312,0.853199
AGATACCAGCACTTCA-1,0.000033,0.000016,0.002738,0.042078,0.955136
AGATACCGGTGTTCAC-1,0.162338,0.015954,0.655435,0.000202,0.166072
AGATACGACTTCATAT-1,0.638578,0.096665,0.034417,0.006838,0.223503
AGATACTCAAGATCGA-1,0.186407,0.001095,0.032132,0.046186,0.73418
AGATATAATACGACTA-1,0.025333,0.028675,0.11185,0.022139,0.812004
AGATCGTGCATAAGAT-1,0.010318,0.000017,0.002942,0.057454,0.929268
AGATCTCAGGTGTGAT-1,0.528501,0.004618,0.000046,0.179936,0.286898
AGATCTGGAGAGGATA-1,0.999206,0.000088,0.000088,0.000088,0.000529
AGATGACTCGCCCACG-1,0.765468,0.140394,0.000076,0.093609,0.000453
AGATGAGGGTTGCGAT-1,0.000033,0.000497,0.037026,0.000466,0.961978
AGATGATGGAGTCTGG-1,0.009941,0.00402,0.000019,0.04207,0.943949
AGATGCAAGACGTGCA-1,0.111418,0.448025,0.288856,0.074807,0.076893
AGATGCATCCTGTGTC-1,0.094496,0.123898,0.780046,0.000033,0.001527
AGATGCTATAACGAGC-1,0.719028,0.156971,0.007023,0.022375,0.094602
AGATTATAGGACGTTT-1,0.668233,0.000075,0.000075,0.080864,0.250752
AGATTCAAGCGGGTCG-1,0.001848,0.000016,0.000016,0.067414,0.930705
AGATTCACAACCGATA-1,0.129965,0.343171,0.438302,0.000507,0.088055
AGCAAAGGCCGCTAGT-1,0.048585,0.241288,0.118325,0.000013,0.591788
AGCAACATATCTTATT-1,0.112515,0.00166,0.050088,0.01081,0.824927
AGCAACCGAAAGTAAT-1,0.190517,0.77272,0.002282,0.034285,0.000196
AGCACACGTTTAGACT-1,0.684565,0.01272,0.090846,0.080192,0.131677
AGCACCAGTACTCACG-1,0.954843,0.000055,0.000055,0.000055,0.044993
AGCACTACCGGCCTGT-1,0.841713,0.094192,0.000043,0.063791,0.000261
AGCACTACCTCACCAG-1,0.03819,0.076303,0.004829,0.102202,0.778475
AGCACTTAAGGACGCC-1,0.739448,0.114964,0.000038,0.044058,0.101491
AGCAGAAGGAGAAAGA-1,0.000011,0.000006,0.237117,0.000005,0.762862
AGCAGCCAGATGAATA-1,0.025588,0.091322,0.196255,0.008718,0.678117
AGCAGTCGAAGCATGC-1,0.206365,0.035899,0.039708,0.354454,0.363575
AGCATATCAATATGCT-1,0.000035,0.007271,0.000904,0.028861,0.962928
AGCATCATTTCGAAAG-1,0.25237,0.643057,0.104274,0.000043,0.000256
AGCATCGTCGATAATT-1,0.763139,0.000043,0.000043,0.023379,0.213397
AGCATTACGAGGCAAG-1,0.000732,0.008575,0.142279,0.000016,0.848398
AGCCAAGCTTTGTGTC-1,0.000047,0.37395,0.057214,0.002427,0.566362
AGCCACAGGTTACCCG-1,0.020907,0.012365,0.138574,0.000014,0.82814
AGCCACTCCCGTGCTT-1,0.069675,0.091234,0.023771,0.142069,0.673251
AGCCATATAGTATGTG-1,0.123073,0.265507,0.000029,0.45661,0.15478
AGCCCATACATGTAAG-1,0.069425,0.033655,0.87999,0.000018,0.016912
AGCCCGCAACAAGCAG-1,0.119181,0.000732,0.091734,0.592184,0.19617
AGCCCGCACTACAATG-1,0.17659,0.082473,0.064597,0.283085,0.393254
AGCCCGGTAGCCTGTA-1,0.011614,0.136334,0.176989,0.050413,0.624651
AGCCCTAAGCGAAGTT-1,0.021554,0.000015,0.064368,0.000015,0.91405
AGCCCTCCCTGGTGGC-1,0.6627,0.000015,0.120615,0.006759,0.20991
AGCCCTGTCGCACCGT-1,0.042676,0.046732,0.000027,0.056821,0.853744
AGCCCTTCTAATCCGA-1,0.000055,0.064682,0.000027,0.027802,0.907434
AGCCCTTGGACATCCC-1,0.000063,0.221253,0.000032,0.17939,0.599263
AGCCGCAAATTCAAAT-1,0.85979,0.010911,0.05374,0.00215,0.07341
AGCCGCTTGATTAGCG-1,0.686475,0.061593,0.097783,0.048297,0.105852
AGCCGTGGCTAAATGT-1,0.046439,0.067098,0.67749,0.015524,0.193449
AGCCTAATACCCACGT-1,0.00006,0.532358,0.46737,0.00003,0.000181
AGCCTTAAAGCGGAAG-1,0.983402,0.000065,0.000065,0.016082,0.000387
AGCGACAGGAACGGTC-1,0.000017,0.000008,0.576667,0.000008,0.423299
AGCGACATCCCATTCA-1,0.159162,0.189456,0.035918,0.186737,0.428728
AGCGACCAACGATATT-1,0.708157,0.043381,0.01292,0.028551,0.206992
