Barcode,Topic 1to2,Topic 3to4,Topic 5,Topic 6to11
AAACAAGTATCTCCCA-1,0.00866,0.023863,0.008578,0.958899
AAACACCAATAACTGC-1,0.012219,0.887153,0.014528,0.0861
AAACAGAGCGACTCCT-1,0.011963,0.026601,0.032038,0.929398
AAACAGCTTTCAGAAG-1,0.049477,0.930967,0.000026,0.01953
AAACAGGGTCTATATT-1,0.127447,0.83403,0.000027,0.038496
AAACAGTGTTCCTGGG-1,0.833134,0.000039,0.041321,0.125507
AAACATTTCCCGGATT-1,0.00003,0.145027,0.000015,0.854928
AAACCACTACACAGAT-1,0.000249,0.000037,0.103339,0.896376
AAACCCGAACGAAATC-1,0.028284,0.041622,0.033182,0.896911
AAACCGGAAATGTTAA-1,0.012401,0.126962,0.077405,0.783232
AAACCGGGTAGGTACC-1,0.163609,0.776266,0.000017,0.060108
AAACCGTTCGTCCAGG-1,0.03539,0.608791,0.014854,0.340964
AAACCTAAGCAGCCGG-1,0.031265,0.183392,0.000011,0.785332
AAACCTCATGAAGTTG-1,0.649689,0.150882,0.040914,0.158515
AAACGAAGATGGAGTA-1,0.199507,0.530247,0.012705,0.257542
AAACGACAGTCTTGCC-1,0.018967,0.078317,0.123716,0.779
AAACGAGACGGTTGAT-1,0.314315,0.000045,0.081336,0.604304
AAACGCCCGAGATCGG-1,0.018541,0.02835,0.047253,0.905856
AAACGGGCGTACGGGT-1,0.000021,0.131235,0.00001,0.868734
AAACGGTTGCGAACTG-1,0.064147,0.163318,0.024967,0.747568
AAACGTGTTCGCCCTA-1,0.000031,0.005023,0.053202,0.941744
AAACTAACGTGGCGAC-1,0.003984,0.000247,0.075132,0.920637
AAACTCGGTTCGCAAT-1,0.000024,0.172465,0.000012,0.827499
AAACTCGTGATATAAG-1,0.000023,0.000098,0.000011,0.999868
AAACTGCTGGCTCCAA-1,0.199673,0.062595,0.387526,0.350206
AAACTTAATTGCACGC-1,0.351322,0.577866,0.045923,0.024889
AAACTTGCAAACGTAT-1,0.06574,0.934142,0.000017,0.000101
AAAGAATGTGGACTAA-1,0.046837,0.173895,0.413227,0.366041
AAAGACCCAAGTCGCG-1,0.02247,0.32903,0.007565,0.640935
AAAGACTGGGCGCTTT-1,0.806483,0.190178,0.003061,0.000279
AAAGCTTGCCTACATA-1,0.000032,0.101795,0.046013,0.852159
AAAGGCCCTATAATAC-1,0.481943,0.240629,0.057837,0.219591
AAAGGCTACGGACCAT-1,0.000021,0.362112,0.000137,0.637731
AAAGGCTCTCGCGCCG-1,0.02344,0.299097,0.027383,0.65008
AAAGGGATGTAGCAAG-1,0.373123,0.059914,0.182746,0.384217
AAAGGGCAGCTTGAAT-1,0.896761,0.03583,0.000033,0.067376
AAAGGTAAGCTGTACC-1,0.000038,0.128352,0.074874,0.796736
AAAGTAGCATTGCTCA-1,0.005304,0.894112,0.000024,0.10056
AAAGTCACTGATGTAA-1,0.000025,0.145096,0.000013,0.854866
AAAGTCGACCCTCAGT-1,0.739696,0.227909,0.000031,0.032364
AAAGTGTGATTTATCT-1,0.30672,0.015059,0.073733,0.604488
AAAGTTGACTCCCGTA-1,0.052541,0.006077,0.049129,0.892253
AAATAACCATACGGGA-1,0.005102,0.137664,0.050137,0.807097
AAATAAGGTAGTGCCC-1,0.008179,0.000039,0.026409,0.965374
AAATACCTATAAGCAT-1,0.123774,0.089674,0.113487,0.673065
AAATAGCTTAGACTTT-1,0.033297,0.068376,0.018396,0.879931
AAATAGGGTGCTATTG-1,0.05789,0.061989,0.000013,0.880109
AAATCACTCCTAAACG-1,0.002076,0.024334,0.22218,0.75141
AAATCCGATACACGCC-1,0.038773,0.204029,0.007018,0.750179
AAATCGCGGAAGGAGT-1,0.222181,0.56424,0.009529,0.20405
AAATCGTGTACCACAA-1,0.072814,0.371253,0.116108,0.439825
AAATCTAGCCCTGCTA-1,0.106232,0.104214,0.038415,0.751138
AAATGACTGATCAAAC-1,0.940061,0.000047,0.012498,0.047394
AAATGATTCGATCAGC-1,0.023659,0.000043,0.006263,0.970035
AAATGCTCGTTACGTT-1,0.999463,0.000119,0.00006,0.000358
AAATGGCATGTCTTGT-1,0.00003,0.150032,0.000015,0.849923
AAATGGCCCGTGCCCT-1,0.081155,0.903721,0.00002,0.015104
AAATGGTCAATGTGCC-1,0.826377,0.031982,0.000039,0.141601
AAATGTATCTTATCCC-1,0.680687,0.114781,0.000029,0.204503
AAATTAACGGGTAGCT-1,0.559004,0.246844,0.000029,0.194124
AAATTAATAAGCGCGA-1,0.880102,0.020314,0.003432,0.096152
AAATTACACGACTCTG-1,0.006426,0.034606,0.061556,0.897412
AAATTACCTATCGATG-1,0.000021,0.111784,0.00001,0.888185
AAATTCCAGGTCCAAA-1,0.038339,0.025258,0.044439,0.891963
AAATTGATAGTCCTTT-1,0.000021,0.678137,0.000011,0.321831
AAATTGGTGAGAAGCA-1,0.000047,0.011108,0.101298,0.887548
AAATTTACCGAAATCC-1,0.00003,0.002064,0.061267,0.936639
AAATTTGCGGGTGTGG-1,0.045544,0.671322,0.00002,0.283114
AACAACTGGTAGTTGC-1,0.939112,0.016514,0.044182,0.000192
AACAATACATTGTCGA-1,0.042568,0.34698,0.046425,0.564027
AACAATTACTCTACGC-1,0.999656,0.000076,0.000038,0.000229
AACACACGCTCGCCGC-1,0.000367,0.087882,0.000007,0.911744
AACACGACTGTACTGA-1,0.000045,0.087012,0.074062,0.83888
AACACGAGACGCGGCC-1,0.052188,0.831155,0.000026,0.116632
AACAGCTGTGTGGCAA-1,0.025369,0.613266,0.003288,0.358077
AACAGGAAATCGAATA-1,0.000033,0.204525,0.011844,0.783598
AACAGGATGGGCCGCG-1,0.793485,0.163877,0.00093,0.041709
AACAGGTAGTATGGAT-1,0.015901,0.025457,0.023141,0.9355
AACATAGCGTGTATCG-1,0.503701,0.053286,0.156683,0.28633
AACATATCAACTGGTG-1,0.039893,0.009002,0.172603,0.778502
AACATCGATACGTCTA-1,0.000046,0.008486,0.009704,0.981764
AACATTGAAGTTGATC-1,0.531722,0.184305,0.062289,0.221683
AACATTGTGACTCGAG-1,0.013623,0.294197,0.034131,0.658049
AACCAAGACTTCTCTG-1,0.817394,0.018954,0.017341,0.146312
AACCATAGGGTTGAAC-1,0.669829,0.30445,0.022034,0.003687
AACCATGGGATCGCTA-1,0.799917,0.19601,0.00005,0.004023
AACCCAGAGACGGAGA-1,0.776596,0.068614,0.00485,0.149941
AACCCATCCCATGATC-1,0.053316,0.714159,0.022003,0.210522
AACCCGACAACCCGTG-1,0.121978,0.176874,0.266122,0.435026
AACCCGAGCAGAATCG-1,0.043408,0.032002,0.037726,0.886864
AACCCGATAGGGCTTC-1,0.000052,0.000052,0.55356,0.446336
AACCCGCTGTATTCCA-1,0.871494,0.00004,0.00002,0.128447
AACCCTACTGTCAATA-1,0.234452,0.005488,0.304222,0.455839
AACCCTGGTGGAACCA-1,0.000026,0.044858,0.028248,0.926868
AACCGAGCTTGGTCAT-1,0.315514,0.245121,0.108768,0.330597
AACCGCTAAGGGATGC-1,0.118332,0.005743,0.086392,0.789532
AACCGTTGTGTTTGCT-1,0.000042,0.174234,0.000021,0.825703
AACCTCGCTTTAGCCC-1,0.105247,0.272666,0.246237,0.37585
AACCTGTCACGGAATT-1,0.021731,0.000034,0.040633,0.937602
AACCTTTAAATACGGT-1,0.004319,0.204996,0.000007,0.790677
AACCTTTACGACGTCT-1,0.018142,0.00051,0.050301,0.931047
AACGAAAGTCGTCCCA-1,0.131984,0.457312,0.069179,0.341525
AACGATAATGCCGTAG-1,0.054516,0.101861,0.046258,0.797365
AACGATAGAAGGGCCG-1,0.361128,0.201765,0.077864,0.359244
AACGATATGTCAACTG-1,0.113466,0.12468,0.106748,0.655106
AACGCATGATCTGGGT-1,0.007004,0.002891,0.068783,0.921322
AACGCGACCTTGGGCG-1,0.085512,0.156027,0.053445,0.705017
AACGCGGTCTCCAGCC-1,0.276157,0.066051,0.069783,0.588009
AACGCTGTTGCTGAAA-1,0.068485,0.037184,0.003453,0.890878
AACGGACGTACGTATA-1,0.010077,0.004782,0.07274,0.912401
AACGGCCATCTCCGGT-1,0.050208,0.775954,0.000674,0.173165
AACGTACTGTGGGTAC-1,0.057189,0.457955,0.00048,0.484376
AACGTCAGACTAGTGG-1,0.89203,0.029014,0.0787,0.000256
AACGTCATCCGGCTTG-1,0.723391,0.000073,0.05009,0.226446
AACGTCGCTGCACTTC-1,0.311266,0.000407,0.337022,0.351305
AACGTGATGAAGGACA-1,0.000026,0.030731,0.001974,0.967269
AACGTGCGAAAGTCTC-1,0.945299,0.000069,0.000034,0.054597
AACGTTATCAGCACCT-1,0.952987,0.034675,0.000049,0.012289
AACTACCCGTTTGTCA-1,0.012806,0.005441,0.0494,0.932353
AACTAGGCTTGGGTGT-1,0.050061,0.248186,0.002317,0.699436
AACTCAAGTTAATTGC-1,0.529181,0.140034,0.036847,0.293938
AACTCCAGAGCGTGTT-1,0.064726,0.059427,0.120781,0.755066
AACTCCTAATCCCATG-1,0.000049,0.134991,0.076193,0.788766
AACTCGATGGCGCAGT-1,0.970411,0.029276,0.000045,0.000268
AACTCTCAATAGAGCG-1,0.172647,0.002987,0.022105,0.802261
AACTCTCAGTGTGCTC-1,0.000034,0.74003,0.000017,0.259918
AACTGAGGTCAGCGTC-1,0.000069,0.119141,0.258459,0.62233
AACTGAGTTATACTGA-1,0.000055,0.305557,0.11234,0.582047
AACTGATATTAGGCCT-1,0.024662,0.28476,0.043721,0.646857
AACTGGGTCCCGACGT-1,0.148536,0.115891,0.046717,0.688856
AACTTCTGCGTCTATC-1,0.929366,0.070232,0.000058,0.000345
AACTTGCCCGTATGCA-1,0.879613,0.120094,0.000042,0.000251
AACTTGCGTTCTCGCG-1,0.999216,0.000174,0.000087,0.000523
AACTTTACGGGAGCTT-1,0.999383,0.000137,0.000069,0.000411
AACTTTCTCGATCATG-1,0.000034,0.000034,0.046088,0.953845
AAGAAAGTTTGATGGG-1,0.841367,0.009207,0.021565,0.127862
AAGAAATCACCAGATT-1,0.000051,0.074009,0.071662,0.854278
AAGAAGGATCAGTTAG-1,0.822633,0.176759,0.000295,0.000312
AAGACATACGTGGTTT-1,0.000044,0.276141,0.053811,0.670004
AAGACCAAATAACTCA-1,0.328134,0.305517,0.011928,0.354421
AAGACCCAACTGAACA-1,0.000023,0.345132,0.00145,0.653395
AAGACTGCAAGCTACT-1,0.501128,0.000103,0.113296,0.385474
AAGAGATGAATCGGTA-1,0.88001,0.083062,0.000038,0.03689
AAGAGCTCTTTATCGG-1,0.415442,0.000115,0.106656,0.477787
AAGAGGATGTACGCGA-1,0.218387,0.386818,0.09682,0.297975
AAGAGGCATGGATCGC-1,0.528338,0.009516,0.004781,0.457365
AAGAGGCCCTTTGGAA-1,0.000039,0.146626,0.014371,0.838963
AAGATGGCACCGGACC-1,0.026012,0.543438,0.122208,0.308342
AAGCACCCTGCGTATC-1,0.0137,0.141232,0.003074,0.841994
AAGCATACTCTCCTGA-1,0.053874,0.194264,0.024263,0.727599
AAGCCACTTGCAGGTA-1,0.746196,0.012145,0.023719,0.21794
AAGCCGAAGCGGTTTA-1,0.054314,0.075329,0.079322,0.791035
AAGCCGCCGTGAAATC-1,0.291307,0.447335,0.005793,0.255564
AAGCCGCTTTACCTTG-1,0.000041,0.114715,0.001149,0.884094
AAGCGCAGGGCTTTGA-1,0.061786,0.167044,0.065605,0.705564
AAGCGGAGTGCGCGCA-1,0.000044,0.002038,0.11936,0.878558
AAGCGGCGTCATGGGT-1,0.007204,0.007474,0.058838,0.926484
AAGCGTCCCTCATCGA-1,0.036607,0.412859,0.011006,0.539528
AAGCTAGATCGAGTAA-1,0.073194,0.176665,0.050845,0.699297
AAGCTCGTGCCAAGTC-1,0.68635,0.000085,0.011243,0.302322
AAGCTCTTTCATGGTG-1,0.02912,0.163709,0.000011,0.807159
AAGGAGCGGTTGGTGC-1,0.897348,0.025766,0.048187,0.028699
AAGGATCGATCGCTTG-1,0.02258,0.002452,0.010088,0.964881
AAGGATGAGGGACCTC-1,0.053808,0.072705,0.200317,0.67317
AAGGCAGGCTGTCTCC-1,0.076358,0.042064,0.034256,0.847322
AAGGCGCGTAAAGCTT-1,0.938062,0.061621,0.000045,0.000272
AAGGCTGTGCTCATCG-1,0.794172,0.133281,0.040372,0.032175
AAGGGAACGACTGGCT-1,0.45392,0.336129,0.20985,0.0001
AAGGGACAGATTCTGT-1,0.095545,0.036213,0.097127,0.771115
AAGGGACTATGCATTC-1,0.1627,0.422185,0.110085,0.30503
AAGGTATCCTAATATA-1,0.089655,0.007396,0.171272,0.731677
AAGGTGATAAACCAGC-1,0.099673,0.015125,0.118663,0.76654
AAGTAGAAGACCGGGT-1,0.274202,0.13218,0.000029,0.593589
AAGTAGTGACGCGAGG-1,0.780363,0.20732,0.011974,0.000342
AAGTCAATTGTCGTCA-1,0.032265,0.000038,0.028027,0.939669
AAGTCTTCTGTGGCCT-1,0.58937,0.179195,0.001137,0.230298
AAGTGACGACCGAATT-1,0.026526,0.628163,0.021607,0.323704
AAGTGAGTCGGGTTTA-1,0.000037,0.444911,0.029567,0.525486
AAGTGCAAAGGTAGAC-1,0.999691,0.000069,0.000034,0.000206
AAGTGCCTTGACTGTA-1,0.026761,0.003175,0.117387,0.852677
AAGTGCGTTAGAATCT-1,0.000034,0.922953,0.000017,0.076996
AAGTGCTTCTCTATTG-1,0.401138,0.214233,0.034668,0.349961
AAGTGTTTGGAGACGG-1,0.008944,0.071191,0.077563,0.842302
AAGTTCACTCCAAGCT-1,0.034532,0.117603,0.008353,0.839512
AAGTTCAGTCTGCGTA-1,0.017518,0.001969,0.041839,0.938674
AAGTTCGGCCAACAGG-1,0.114439,0.826164,0.000028,0.05937
AAGTTGTGATGTTATA-1,0.054804,0.238673,0.000022,0.706501
AAGTTTATGGGCCCAA-1,0.000018,0.158337,0.000009,0.841635
AATAACAACGCTCGGC-1,0.948012,0.021274,0.025182,0.005532
AATAACACTAGAACAA-1,0.075967,0.523219,0.143241,0.257573
AATAATCTTCGTATCG-1,0.000032,0.057454,0.000016,0.942498
AATACAATGTTTCAGG-1,0.945885,0.053762,0.00005,0.000302
AATACCGGAGGGCTGT-1,0.280711,0.21773,0.259193,0.242365
AATACCTGATGTGAAC-1,0.494771,0.020702,0.238578,0.24595
AATAGAACAGAGTGGC-1,0.011171,0.691623,0.016564,0.280642
AATAGAATCTGTTTCA-1,0.072884,0.019125,0.026052,0.881939
AATAGCTACCGCGTGC-1,0.00005,0.068961,0.100877,0.830112
AATAGGCACGACCCTT-1,0.803633,0.022243,0.000052,0.174071
AATAGTCCGTCCCGAC-1,0.035972,0.389865,0.028426,0.545737
AATAGTCGCGAGTCGG-1,0.999608,0.000087,0.000044,0.000261
AATATCCTAGCAAACT-1,0.387416,0.39756,0.003326,0.211698
AATATCGAATCAATGC-1,0.028987,0.018273,0.037078,0.915663
AATATCGAGGGTTCTC-1,0.007283,0.090396,0.029338,0.872983
AATATTGGAGTATTGA-1,0.93598,0.000107,0.000054,0.06386
AATCAGGTTTCATTTA-1,0.859232,0.04262,0.011113,0.087035
AATCATGTAAAGACTC-1,0.026567,0.017736,0.041979,0.913717
AATCCAAGGGCCTGAG-1,0.155768,0.25215,0.115007,0.477076
AATCCCGCTCAGAGCC-1,0.745604,0.009811,0.017288,0.227297
AATCGAGGTCTCAAGG-1,0.827219,0.000064,0.032428,0.140289
AATCGCCTCAGCGCCA-1,0.594133,0.000076,0.11569,0.2901
AATCGCGCAGAGGACT-1,0.154629,0.002884,0.036275,0.806213
AATCGGGACACTACGA-1,0.020924,0.069048,0.054733,0.855295
AATCGGTATAGCCCTC-1,0.180593,0.137725,0.681495,0.000187
AATCGTGAGCCGAGCA-1,0.000034,0.097673,0.000017,0.902276
AATCTAGGTTTACTTG-1,0.156175,0.8434,0.000061,0.000365
AATCTATGCCGGAGCC-1,0.02305,0.012286,0.002556,0.962108
AATCTCTACTGTGGTT-1,0.688863,0.300682,0.00007,0.010385
AATCTGCGTTGGGACG-1,0.265383,0.054614,0.083727,0.596277
AATCTGGCTTTCTAGT-1,0.193873,0.805888,0.000034,0.000205
AATGACAGCAATGTCT-1,0.096326,0.745681,0.007552,0.150441
AATGACGTAGGATGTC-1,0.073585,0.089917,0.021938,0.81456
AATGACTGTCAGCCGG-1,0.874465,0.122484,0.002304,0.000747
AATGAGTTCGCATATG-1,0.959978,0.032556,0.000055,0.007411
AATGATGATACGCTAT-1,0.00344,0.000036,0.056601,0.939923
AATGATGCGACTCCTG-1,0.00003,0.005369,0.000015,0.994586
AATGCAACCGGGTACC-1,0.512101,0.160135,0.189751,0.138012
AATGCACCAAGCAATG-1,0.007857,0.006064,0.104932,0.881147
AATGGCCGCCAATGCG-1,0.012326,0.000079,0.987357,0.000238
AATGGTCCACCGTTCA-1,0.999774,0.00005,0.000025,0.000151
AATGGTTCTCACAAGC-1,0.999648,0.000078,0.000039,0.000235
AATGTATGGCACTGTA-1,0.858524,0.12237,0.018872,0.000233
AATGTGCCCGAGGTGT-1,0.117781,0.542764,0.000048,0.339406
AATGTGCTAATCTGAG-1,0.206144,0.402476,0.139447,0.251933
AATGTTAAGACCCTGA-1,0.509397,0.00007,0.318905,0.171628
AATGTTGTCGTGAGAC-1,0.022408,0.281743,0.037901,0.657948
AATTAAAGGTCGGCGT-1,0.356306,0.166333,0.022498,0.454863
AATTAACGGATTTCCA-1,0.0149,0.323804,0.123821,0.537475
AATTACGAGACCCATC-1,0.262831,0.528946,0.005927,0.202296
AATTACTCGTACGCTC-1,0.851406,0.007959,0.072962,0.067674
AATTAGCGCTGCAGCG-1,0.012846,0.32892,0.022944,0.63529
AATTATACCCAGCAAG-1,0.68334,0.009377,0.080545,0.226738
AATTCATAAGGGATCT-1,0.019645,0.042356,0.035647,0.902352
AATTCATTGTCATGCA-1,0.395811,0.550189,0.05379,0.00021
AATTCCAAGCATGTAC-1,0.055474,0.231159,0.00001,0.713357
AATTCGATTCGAGGAT-1,0.001904,0.11042,0.050306,0.83737
AATTCTAGAGTTAGGC-1,0.025441,0.100663,0.031358,0.842539
AATTGAACGCTCTGGT-1,0.091362,0.017807,0.035634,0.855197
AATTGCAGCAATCGAC-1,0.012703,0.151343,0.021998,0.813956
AATTGCGTGGATTACA-1,0.879248,0.025453,0.000029,0.095271
AATTTGGGACATAGTA-1,0.021023,0.035484,0.093277,0.850216
AATTTGGTTCCAAAGA-1,0.0333,0.020148,0.026687,0.919865
ACAAACCATGCGTCCT-1,0.269334,0.583715,0.135615,0.011336
ACAAACTCCATCAGAG-1,0.921643,0.000036,0.011733,0.066587
ACAAAGAAGGTAGGCC-1,0.270976,0.593039,0.000021,0.135965
ACAAAGCATGACCTAG-1,0.003675,0.126056,0.001237,0.869032
ACAAATCGCACCGAAT-1,0.052813,0.016374,0.073738,0.857075
ACAAATGGTAGTGTTT-1,0.08053,0.022786,0.241475,0.655209
ACAAATTCAGATCTGA-1,0.068568,0.049661,0.016618,0.865153
ACAACAGCATGAGCTA-1,0.306122,0.004185,0.107271,0.582423
ACAACGGTCCCTGCGA-1,0.999617,0.000085,0.000043,0.000256
ACAAGCAGTGCCTAGC-1,0.784056,0.061104,0.118558,0.036282
ACAAGGAAATCCGCCC-1,0.015721,0.105054,0.039422,0.839803
ACAAGGACAAGAGGTT-1,0.982253,0.017544,0.000029,0.000174
ACAAGGATGCTTTAGG-1,0.030517,0.247818,0.000091,0.721573
ACAAGGCCTACCAGCC-1,0.012092,0.051201,0.060478,0.87623
ACAAGGGCAGGCTCTG-1,0.192226,0.002399,0.057696,0.747678
ACAAGTAATTGTAAGG-1,0.881981,0.000157,0.028911,0.088951
ACAATAGTCGTACGTT-1,0.028035,0.927021,0.000016,0.044928
ACAATCCATTTAAACC-1,0.6334,0.198272,0.004959,0.163369
ACAATGAATACGGAGA-1,0.027716,0.473467,0.005826,0.49299
ACAATGATTCTTCTAC-1,0.000059,0.18337,0.376709,0.439861
ACAATTGTGTCTCTTT-1,0.010458,0.029509,0.003351,0.956682
ACAATTTAGGAGGCTC-1,0.887193,0.081161,0.031272,0.000374
ACAATTTGAGCAGTGG-1,0.237454,0.050778,0.423345,0.288422
ACAATTTGGCCATATT-1,0.016458,0.07207,0.092937,0.818535
ACACAAAGACGGGTGG-1,0.78008,0.211584,0.008054,0.000282
ACACAAATATTCCTAG-1,0.022096,0.241647,0.093508,0.64275
ACACACCAGGACCAGT-1,0.135813,0.069559,0.073589,0.721039
ACACACTTTCTACACG-1,0.031544,0.143307,0.004985,0.820164
ACACATGATCAAATCT-1,0.028801,0.587707,0.006211,0.377281
ACACATTTCCGTAGAC-1,0.725332,0.006082,0.068528,0.200058
ACACCACATAATTAGC-1,0.021811,0.023094,0.023264,0.931831
ACACCCAGCATGCAGC-1,0.679084,0.030123,0.045718,0.245075
ACACCCGAGAAATCCG-1,0.702186,0.081869,0.048428,0.167518
ACACCGAGCGCTCTTT-1,0.893532,0.000136,0.105924,0.000408
ACACCGGTCTGACCGC-1,0.304995,0.428178,0.080595,0.186232
ACACCTTAAGTAGGGC-1,0.887502,0.01452,0.065184,0.032793
ACACCTTACTACTTGC-1,0.092702,0.000621,0.000013,0.906663
ACACGAGACTCCTTCT-1,0.762649,0.058607,0.147565,0.031179
ACACGGCACTATGCAT-1,0.000035,0.027245,0.000018,0.972702
ACACGGGAACTTAGGG-1,0.308309,0.127624,0.060068,0.503998
ACACGTAGGCCACAAG-1,0.020401,0.101851,0.016546,0.861202
ACACTCCAATGTCACT-1,0.836713,0.162676,0.000087,0.000524
ACACTGATCAAGGTGT-1,0.087657,0.227222,0.019154,0.665967
ACACTGGGACAGTCGT-1,0.016451,0.116009,0.158225,0.709315
ACAGAACTGAGAACAA-1,0.001075,0.615923,0.000016,0.382986
ACAGCATAGAGCCAGT-1,0.052588,0.24271,0.000479,0.704223
ACAGCGACATTCTCAT-1,0.000044,0.085998,0.008612,0.905346
ACAGCGCACCCGCAGC-1,0.009786,0.107981,0.001679,0.880554
ACAGGCACGGATCCTT-1,0.006236,0.039136,0.04388,0.910748
ACAGGCTTGCCCGACT-1,0.063696,0.065028,0.000204,0.871072
ACAGGTGGAGGTGAGG-1,0.011157,0.455423,0.000015,0.533405
ACAGTAATACAACTTG-1,0.142139,0.855292,0.000026,0.002542
ACAGTATACCGTGGGA-1,0.000054,0.119295,0.004484,0.876168
ACATAAGTCGTGGTGA-1,0.150782,0.601443,0.019579,0.228196
ACATAATAAGGCGGTG-1,0.260321,0.115139,0.059422,0.565118
ACATACAATCAAGCGG-1,0.727734,0.000102,0.048638,0.223526
ACATCAGCTGGGACGC-1,0.999708,0.000065,0.000032,0.000195
ACATCCCGGCCATACG-1,0.000022,0.1686,0.000011,0.831368
ACATCCTGGTAACTGT-1,0.071741,0.0038,0.02593,0.898529
ACATCGATCGTTTACC-1,0.416001,0.117757,0.116169,0.350074
ACATCGCAATATTCGG-1,0.903459,0.000107,0.000054,0.096381
ACATCGGTCAGCCGCG-1,0.06751,0.450775,0.02421,0.457505
ACATCGTATGCAATGG-1,0.101953,0.090818,0.076851,0.730378
ACATCGTTAACCTAGT-1,0.024581,0.051745,0.033875,0.889798
ACATGCTTACGGCAGC-1,0.912766,0.000156,0.000078,0.087001
ACATGGCGCCAAAGTA-1,0.025777,0.059228,0.009544,0.905451
ACATTAGTTTATATCC-1,0.000037,0.405651,0.000018,0.594294
ACATTCGCGCGGAATA-1,0.64593,0.144423,0.003187,0.20646
ACATTTGAAACCTAAC-1,0.466455,0.001925,0.531435,0.000185
ACCAAACACCCAGCGA-1,0.000029,0.002846,0.000099,0.997026
ACCAACACCACACACT-1,0.000043,0.034343,0.023149,0.942465
ACCAACCGCACTCCAC-1,0.000027,0.285519,0.000013,0.714441
ACCAACGCTTATTTAT-1,0.036706,0.331072,0.014657,0.617566
ACCAAGAACGCGTGTC-1,0.277419,0.155896,0.119236,0.44745
ACCAAGTCATCGGCAG-1,0.000059,0.161405,0.430563,0.407973
ACCAATATGCAAGTTA-1,0.015919,0.263301,0.005219,0.71556
ACCACAACTCAGAACA-1,0.008681,0.054344,0.209507,0.727468
ACCACAAGTTTCTATC-1,0.811405,0.028035,0.033225,0.127334
ACCACACGGTTGATGG-1,0.74057,0.000053,0.082741,0.176635
ACCACCAATGTAACAA-1,0.034249,0.047463,0.000011,0.918277
ACCACCCTCTCTTCTA-1,0.000041,0.0402,0.003857,0.955902
ACCACGTGCAGCTATA-1,0.04153,0.104696,0.043972,0.809802
ACCACTGTTCAAGAAG-1,0.99947,0.000118,0.000059,0.000354
ACCAGACCATAACAAC-1,0.896494,0.094602,0.000035,0.008869
ACCAGTGCCCGGTCAA-1,0.026973,0.003422,0.065558,0.904046
ACCAGTGCGGGAGACG-1,0.040259,0.174477,0.389599,0.395665
ACCATATCCGCAATAA-1,0.619688,0.071453,0.008079,0.300781
ACCATCCGCCAACTAG-1,0.146002,0.758132,0.000025,0.095841
ACCATCGTATATGGTA-1,0.136302,0.567654,0.040229,0.255815
ACCATTAAGGGTGTCA-1,0.942529,0.056953,0.000074,0.000444
ACCCAACGCCCGTGGC-1,0.172795,0.063954,0.000019,0.763232
ACCCACCTACATGCTC-1,0.92114,0.078402,0.000065,0.000392
ACCCATCTTGAGGGTA-1,0.621965,0.098375,0.094333,0.185328
ACCCATTTGTCCCTCT-1,0.03273,0.1055,0.082592,0.779179
ACCCGAGCGAAATTAC-1,0.47186,0.253712,0.194371,0.080057
ACCCGATTGGTTCCGA-1,0.616315,0.049979,0.000399,0.333306
ACCCGGAAACTCCCAG-1,0.061368,0.264173,0.012613,0.661846
ACCCGGAGCACCACAA-1,0.031582,0.17504,0.130371,0.663008
ACCCGGATGACGCATC-1,0.235496,0.007977,0.08313,0.673397
ACCCGGTTACACTTCC-1,0.298708,0.151491,0.17053,0.379271
ACCCGTAGCAGAGAAT-1,0.982428,0.000107,0.005286,0.012179
ACCCGTAGTCTAGTTG-1,0.078659,0.135476,0.091967,0.693898
ACCCGTGTCATCAGTA-1,0.000042,0.398302,0.000021,0.601635
ACCCTATAGGACTGAG-1,0.851686,0.027697,0.000084,0.120533
ACCCTATGCCATATCG-1,0.064385,0.468034,0.002498,0.465082
ACCCTCCCGTCAGGGC-1,0.04537,0.097506,0.056939,0.800185
ACCCTCCCTTGCTATT-1,0.025917,0.096446,0.078873,0.798764
ACCCTGGTAACGCCCT-1,0.000054,0.026628,0.00497,0.968348
ACCCTTCATCTGCGAA-1,0.000025,0.211938,0.000348,0.787689
ACCCTTGCCTGGGTCG-1,0.000082,0.178768,0.193396,0.627754
ACCCTTTAGTTCTCCA-1,0.000792,0.028735,0.085395,0.885078
ACCGAAAGGGCCCTGC-1,0.048392,0.224794,0.05776,0.669054
ACCGAAGAGTCTGGTT-1,0.178506,0.821228,0.000038,0.000228
ACCGACACATCTCCCA-1,0.038926,0.22835,0.013038,0.719686
ACCGACTGAGTCCCAC-1,0.284795,0.021513,0.065777,0.627915
ACCGAGTCTCCTTATT-1,0.051567,0.30251,0.36475,0.281174
ACCGATAGGCATAACC-1,0.038549,0.052515,0.110178,0.798759
ACCGATATTTAATCAT-1,0.000056,0.200056,0.142201,0.657688
ACCGATGGTAGCATCG-1,0.141363,0.000094,0.190505,0.668038
ACCGCAATAACTGCCT-1,0.113834,0.16787,0.007887,0.71041
ACCGCGGTGGAAGTCG-1,0.034944,0.000044,0.055084,0.909929
ACCGCTAGTCATTGGT-1,0.801027,0.00793,0.002094,0.18895
ACCGGGCCTTTGTTGA-1,0.041284,0.009898,0.127,0.821818
ACCGGTCAGGTACACC-1,0.002075,0.816714,0.008559,0.172652
ACCGGTCTGAGTACGG-1,0.014907,0.005624,0.106195,0.873274
ACCGTCCACTGGGCCC-1,0.237188,0.511656,0.006737,0.244418
ACCGTGACCACGTGGG-1,0.000022,0.401673,0.000011,0.598293
ACCTAAGTACCTTTCA-1,0.116141,0.56339,0.000016,0.320452
ACCTAATCGACTTCCT-1,0.999577,0.000094,0.000047,0.000282
ACCTACAGTATGTGGT-1,0.013194,0.006105,0.079008,0.901694
ACCTACTATAAATCTA-1,0.065367,0.131286,0.13553,0.667817
ACCTCAGCGAGGCGCA-1,0.66503,0.000153,0.178669,0.156147
ACCTCCGCCCTCGCTG-1,0.022736,0.108896,0.023528,0.84484
ACCTCCGTTATTCACC-1,0.015449,0.060707,0.038634,0.88521
ACCTCGAACTTATGCT-1,0.355493,0.644009,0.000015,0.000482
ACCTGCGTGTCATGTT-1,0.175112,0.82471,0.000025,0.000153
ACGAAATGGGCGGCAC-1,0.781355,0.09422,0.047723,0.076702
ACGACCCATGAGTTGC-1,0.015824,0.480081,0.04252,0.461574
ACGACTCTAGGGCCGA-1,0.043398,0.315975,0.594331,0.046296
ACGACTGGTCATACTC-1,0.137043,0.334518,0.270469,0.25797
ACGAGATATTTGCTTA-1,0.000048,0.164407,0.000024,0.835521
ACGAGGATACCACTCT-1,0.063302,0.930299,0.000023,0.006377
ACGAGGTTTACAACGT-1,0.148315,0.768117,0.005877,0.077691
ACGAGTACGGATGCCC-1,0.000016,0.000016,0.000008,0.999959
ACGATACATAGAACTA-1,0.019656,0.031265,0.236746,0.712334
ACGATACCTATCCTGA-1,0.752015,0.075837,0.007174,0.164974
ACGATCATACATAGAG-1,0.452324,0.050256,0.190917,0.306502
ACGATCATCTTGTAAA-1,0.037721,0.070805,0.01673,0.874744
ACGATGCATATGTTAT-1,0.944861,0.009432,0.000029,0.045678
ACGATGGATCCGATGC-1,0.005881,0.006982,0.019555,0.967582
ACGCAAACTAATAGAT-1,0.003152,0.349998,0.006242,0.640608
ACGCAATCACTACAGC-1,0.010367,0.001175,0.000013,0.988445
ACGCATACGTTTACTA-1,0.000297,0.015623,0.034039,0.950041
ACGCATTCGTGAGTAC-1,0.868453,0.000106,0.131122,0.000319
ACGCCACTCGAAACAG-1,0.695819,0.000037,0.180591,0.123553
ACGCCAGATGATTTCT-1,0.018595,0.176659,0.034058,0.770689
ACGCCAGTGCGTTTGC-1,0.155564,0.041623,0.190826,0.611987
ACGCCGCTAGACGACC-1,0.646783,0.048059,0.005781,0.299376
ACGCGAAGTCAGACGA-1,0.000023,0.243593,0.000012,0.756372
ACGCGCTACACAGGGT-1,0.097703,0.794223,0.000018,0.108056
ACGCGGGCCAAGGACA-1,0.75695,0.000099,0.125545,0.117406
ACGCGTTTCTTAAGAG-1,0.968577,0.030723,0.0001,0.000599
ACGCTAGTGATACACT-1,0.011018,0.001877,0.066583,0.920522
ACGCTGTGAGGCGTAG-1,0.204836,0.751284,0.002035,0.041845
ACGGAACACGAGTGCC-1,0.570755,0.000051,0.247831,0.181363
ACGGAATTTAGCAAAT-1,0.956909,0.042552,0.000077,0.000462
ACGGACGCAGCGACAA-1,0.719091,0.000124,0.280414,0.000372
ACGGACTCTCAAAGCG-1,0.000011,0.12015,0.000005,0.879834
ACGGAGCGCAAATTAC-1,0.000053,0.021195,0.036793,0.941959
ACGGATGGTGCGGATA-1,0.020557,0.148184,0.00001,0.831249
ACGGCACTTGCTTGGG-1,0.000057,0.243367,0.024188,0.732389
ACGGCCAACATGGACT-1,0.051478,0.173737,0.014649,0.760137
ACGGCGACGATGGGAA-1,0.026154,0.276332,0.027829,0.669685
ACGGCTGGATGTAGAA-1,0.047062,0.875858,0.040301,0.036779
ACGGGAGTGTCGGCCC-1,0.000048,0.941629,0.000024,0.058299
ACGGGCGTATGCGACA-1,0.000036,0.017314,0.010709,0.971941
ACGGGTCATGTGACTT-1,0.99954,0.000102,0.000051,0.000306
ACGGGTTGTGACCTGT-1,0.465676,0.281473,0.006305,0.246546
ACGGTACAGTTCAATG-1,0.047457,0.256339,0.386848,0.309356
ACGGTCACCGAGAACA-1,0.924027,0.011112,0.011956,0.052905
ACGTACAGATTTCTCT-1,0.000037,0.151877,0.000018,0.848068
ACGTACTTTGGCACGG-1,0.780851,0.080204,0.00002,0.138925
ACGTAGATTGCTGATG-1,0.675091,0.1174,0.206968,0.000541
ACGTAGGAGAGTCGCT-1,0.071459,0.047821,0.091648,0.789072
ACGTATTACTCCGATC-1,0.114679,0.086015,0.075498,0.723808
ACGTCTCGTTCCGGGA-1,0.210593,0.75117,0.000031,0.038206
ACGTGACAAAGTAAGT-1,0.328223,0.434279,0.015354,0.222144
ACGTGCGCCTCGTGCA-1,0.019809,0.102227,0.438845,0.439118
ACGTTAATGTCGAAGA-1,0.860253,0.000055,0.000028,0.139664
ACGTTAGATTTGCCCG-1,0.167541,0.378628,0.000014,0.453816
ACGTTATTGGTCACTC-1,0.887775,0.111531,0.000099,0.000596
ACGTTCACTATGCCGC-1,0.733922,0.08182,0.000133,0.184125
ACGTTCGCAATCAATT-1,0.027765,0.000098,0.022666,0.94947
ACGTTCGTTCAGGAAA-1,0.05459,0.373128,0.137563,0.434718
ACGTTCTGTACAAGTC-1,0.001927,0.133866,0.009116,0.855092
ACGTTGTCGTTGAAAG-1,0.885034,0.001075,0.000024,0.113867
ACGTTTAGTTGTGATC-1,0.090854,0.206051,0.060408,0.642687
ACTAATACGTCAGGCG-1,0.025751,0.036533,0.034767,0.90295
ACTACAAAGAGAGGTG-1,0.513571,0.091548,0.096127,0.298753
ACTACATCCCGACAAG-1,0.006208,0.537861,0.000014,0.455917
ACTACCAGCTCTCTGG-1,0.683399,0.137832,0.08639,0.092379
ACTACCATCCGAGGGC-1,0.59704,0.100484,0.044409,0.258067
ACTACGCGTTAGAATT-1,0.000016,0.323668,0.000008,0.676308
ACTAGTTGCGATCGTC-1,0.000034,0.000034,0.007198,0.992734
ACTATATGCTGTGTTC-1,0.000035,0.032409,0.007513,0.960043
ACTATCCAGGGCATGG-1,0.074858,0.022234,0.000019,0.90289
ACTATCGCCGGCTAAA-1,0.800743,0.190482,0.000051,0.008723
ACTATCTGCCCGCGTA-1,0.016257,0.044994,0.148091,0.790658
ACTATGTCCAGCTGCC-1,0.373067,0.472524,0.150166,0.004242
ACTATTCGTCCGTGGT-1,0.000042,0.049385,0.039078,0.911496
ACTATTTCCGGGCCCA-1,0.00004,0.516221,0.000207,0.483532
ACTCAAGTGCAAGGCT-1,0.052579,0.121197,0.00418,0.822045
ACTCAATAAAGGCACG-1,0.197879,0.342341,0.000025,0.459755
ACTCAGACCTGCTTCT-1,0.085544,0.247989,0.008256,0.658211
ACTCATGGCAGCCTTC-1,0.709731,0.11261,0.044596,0.133063
ACTCCAATATCATCAT-1,0.210879,0.249436,0.096117,0.443568
ACTCCCATTCCTAAAG-1,0.133462,0.772551,0.001601,0.092387
ACTCCCGAATTCGTTT-1,0.036157,0.005178,0.125394,0.833271
ACTCCCGTAGACTAGG-1,0.000062,0.048677,0.017668,0.933593
ACTCCCTAATGCTAAA-1,0.091069,0.256089,0.000536,0.652306
ACTCCCTAGAATAGTA-1,0.062861,0.150334,0.082392,0.704413
ACTCCGGCCGACCACT-1,0.041793,0.167073,0.325072,0.466062
ACTCGATGTATTTCAT-1,0.853436,0.111074,0.000056,0.035434
ACTCGCCGTTCGATAA-1,0.000044,0.162702,0.013695,0.823558
ACTCGCGATCTGACGC-1,0.029295,0.178425,0.0626,0.729679
ACTCGTAACCCGTCCT-1,0.043511,0.846743,0.000018,0.109728
ACTCGTCAGTAATCCC-1,0.277495,0.000067,0.074642,0.647796
ACTCTAAACCTGGGAT-1,0.99967,0.000073,0.000037,0.00022
ACTCTCTGACTTAGGT-1,0.543138,0.08493,0.155583,0.216348
ACTCTCTTATACACGA-1,0.000033,0.028494,0.002326,0.969148
ACTCTGACCTAATAGA-1,0.000513,0.136129,0.001696,0.861662
ACTCTTCAGCTCCCGC-1,0.055522,0.175054,0.031845,0.737579
ACTCTTGTATAGTAAC-1,0.765425,0.00011,0.060814,0.173652
ACTGAAACGCCGTTAG-1,0.030497,0.045963,0.000006,0.923533
ACTGAATGGCGAAAGT-1,0.04924,0.086996,0.065116,0.798648
ACTGCCCGCCATTCTC-1,0.772521,0.034771,0.008226,0.184482
ACTGCCGTCGTAACTC-1,0.085385,0.121405,0.058594,0.734616
ACTGCGGACACACCGT-1,0.037727,0.042929,0.124507,0.794837
ACTGCTCGGAAGGATG-1,0.00005,0.985356,0.000025,0.014569
ACTGGGATGCCAGTGC-1,0.999806,0.000043,0.000022,0.000129
ACTGTACGATACACAT-1,0.592433,0.000095,0.06678,0.340691
ACTGTAGCACTTTGGA-1,0.999708,0.000065,0.000032,0.000195
ACTGTATACGCGAGCA-1,0.400581,0.214926,0.135104,0.249389
ACTGTCCAGGATTATA-1,0.72558,0.009092,0.0492,0.216129
ACTGTGCTAGTAGATC-1,0.558405,0.079619,0.242801,0.119175
ACTTACCGGGCGCGCA-1,0.014502,0.014128,0.02138,0.949991
ACTTACGCATCCACGC-1,0.031817,0.190828,0.029986,0.747369
ACTTAGTACGACAAGA-1,0.484758,0.107766,0.071178,0.336298
ACTTATACTTACCCGG-1,0.241616,0.000118,0.281134,0.477131
ACTTATTAGGATCGGT-1,0.539747,0.141023,0.000044,0.319186
ACTTATTTATGTGCCA-1,0.134831,0.023978,0.038726,0.802465
ACTTCAGGCTGATCCC-1,0.013087,0.119124,0.007675,0.860114
ACTTCCATGCGGGACA-1,0.008946,0.233948,0.04744,0.709666
ACTTCCTGTCGTGCGA-1,0.018172,0.000047,0.195421,0.786361
ACTTCGCCATACGCAC-1,0.412644,0.038263,0.119557,0.429536
ACTTCGCTAGCGAGTG-1,0.008449,0.009504,0.033883,0.948164
ACTTGACTCCCTCTTT-1,0.3217,0.061987,0.052684,0.563629
ACTTGGGACCCGGTGG-1,0.946542,0.045564,0.007549,0.000346
ACTTGGGCTTTCGCCA-1,0.611795,0.000088,0.189586,0.198531
ACTTGTAGTCCCTTCA-1,0.206591,0.788745,0.000047,0.004617
ACTTGTGGATGGAACG-1,0.024764,0.020847,0.05018,0.904208
ACTTGTTACCGGATCA-1,0.537621,0.032306,0.064462,0.36561
ACTTTACCCTCATGAA-1,0.026433,0.002757,0.068702,0.902108
ACTTTATACACCACTT-1,0.999163,0.000186,0.000093,0.000558
ACTTTCCTATAGCTTC-1,0.370634,0.016549,0.094337,0.518479
ACTTTGACTGCATCCT-1,0.365282,0.627556,0.000023,0.00714
ACTTTGGTCGTGCTCC-1,0.122542,0.39086,0.041978,0.44462
ACTTTGTCGACGCACT-1,0.110557,0.22671,0.343544,0.319189
AGAAATTATGACTCGC-1,0.069454,0.250141,0.065315,0.61509
AGAACACGGCGATGGT-1,0.999576,0.000094,0.000047,0.000283
AGAACCCAGCGTGACA-1,0.035571,0.212756,0.111103,0.64057
AGAACCCTCAATTGGG-1,0.034846,0.511328,0.008037,0.445789
AGAACGTGGTACATTC-1,0.21074,0.133599,0.091329,0.564332
AGAACTGTACTTTGTA-1,0.613158,0.000106,0.376509,0.010228
AGAAGAGCGCCGTTCC-1,0.137401,0.000842,0.000421,0.861336
AGAAGGTACACTTCAC-1,0.108149,0.774654,0.000037,0.11716
AGAAGGTTGCCGAATT-1,0.123092,0.451895,0.007991,0.417022
AGAAGGTTGTAGGTCG-1,0.002873,0.142762,0.000014,0.85435
AGAAGTGATTCGTGAT-1,0.059339,0.679664,0.005256,0.255741
AGAATAAATCTTCAGG-1,0.802395,0.054276,0.003454,0.139875
AGAATACAGGCTATCC-1,0.852141,0.00006,0.002864,0.144935
AGAATGCGGGTTCGGA-1,0.000027,0.004848,0.000014,0.995111
AGAATTATGGATTCGA-1,0.041271,0.002402,0.074155,0.882172
AGAATTGTTTGACATA-1,0.755412,0.208677,0.000071,0.03584
AGACAGCTCAGAATCC-1,0.999587,0.000092,0.000046,0.000275
AGACAGGCATCTCAGC-1,0.000065,0.198893,0.169813,0.631229
AGACCAAACCACACCT-1,0.088593,0.845742,0.000023,0.065642
AGACCATGGGATACAA-1,0.844369,0.050087,0.000032,0.105513
AGACCCACCGCTGATC-1,0.079083,0.174376,0.019204,0.727337
AGACCCGCCCTCCTCG-1,0.584478,0.026528,0.090576,0.298418
AGACCGCTCCGCGGTT-1,0.149466,0.036005,0.022877,0.791652
AGACCGGGAAACCCTG-1,0.206721,0.78077,0.00002,0.01249
AGACGAAGTGCCGGTC-1,0.014919,0.000025,0.037667,0.94739
AGACGACGATGCCGCT-1,0.01273,0.57936,0.028467,0.379443
AGACGGGCCGATTTAA-1,0.001292,0.079978,0.031404,0.887326
AGACTAGCCTTCCAGA-1,0.832711,0.108706,0.026022,0.03256
AGACTGTTACCGGGTC-1,0.070812,0.230536,0.035254,0.663398
AGAGAAACACCAGAAA-1,0.662723,0.094416,0.059597,0.183264
AGAGAACCGTCTAGGA-1,0.05179,0.002741,0.078186,0.867284
AGAGAAGGAGTACAAT-1,0.000042,0.534143,0.00237,0.463444
AGAGATCTCTAAAGCG-1,0.195417,0.507729,0.022439,0.274414
AGAGCAGTTATGAGAC-1,0.999609,0.000087,0.000043,0.000261
AGAGCCGCCGAGATTT-1,0.034236,0.276033,0.028182,0.661549
AGAGCGCTTGTAACGG-1,0.000047,0.17589,0.434257,0.389806
AGAGCGGGCTAATCAT-1,0.117564,0.05299,0.026559,0.802886
AGAGCGTACAAGCTCG-1,0.699458,0.202126,0.083617,0.0148
AGAGCTACGAAAGCAT-1,0.677861,0.083639,0.018138,0.220363
AGAGGCTTCGGAAACC-1,0.063966,0.013623,0.000021,0.92239
AGAGTAAACTTCACTA-1,0.022503,0.026534,0.01888,0.932083
AGAGTATAGTGTTACG-1,0.000046,0.054145,0.051906,0.893903
AGAGTGAACAGACACC-1,0.025758,0.013559,0.220889,0.739794
AGAGTTAGAGACCGAT-1,0.000032,0.014395,0.031082,0.954491
AGATAACTTCAGGGCC-1,0.911046,0.044189,0.000043,0.044722
AGATAATCACACCTAT-1,0.874056,0.000236,0.000118,0.12559
AGATACCAATAGAACC-1,0.021951,0.124539,0.000312,0.853199
AGATACCAGCACTTCA-1,0.000033,0.002754,0.042078,0.955136
AGATACCGGTGTTCAC-1,0.162338,0.671389,0.000202,0.166072
AGATACGACTTCATAT-1,0.638578,0.131082,0.006838,0.223503
AGATACTCAAGATCGA-1,0.186407,0.033227,0.046186,0.73418
AGATATAATACGACTA-1,0.025333,0.140524,0.022139,0.812004
AGATCGTGCATAAGAT-1,0.010318,0.002959,0.057454,0.929268
AGATCTCAGGTGTGAT-1,0.528501,0.004665,0.179936,0.286898
AGATCTGGAGAGGATA-1,0.999206,0.000176,0.000088,0.000529
AGATGACTCGCCCACG-1,0.765468,0.14047,0.093609,0.000453
AGATGAGGGTTGCGAT-1,0.000033,0.037523,0.000466,0.961978
AGATGATGGAGTCTGG-1,0.009941,0.004039,0.04207,0.943949
AGATGCAAGACGTGCA-1,0.111418,0.736882,0.074807,0.076893
AGATGCATCCTGTGTC-1,0.094496,0.903944,0.000033,0.001527
AGATGCTATAACGAGC-1,0.719028,0.163994,0.022375,0.094602
AGATTATAGGACGTTT-1,0.668233,0.000151,0.080864,0.250752
AGATTCAAGCGGGTCG-1,0.001848,0.000032,0.067414,0.930705
AGATTCACAACCGATA-1,0.129965,0.781473,0.000507,0.088055
AGCAAAGGCCGCTAGT-1,0.048585,0.359613,0.000013,0.591788
AGCAACATATCTTATT-1,0.112515,0.051748,0.01081,0.824927
AGCAACCGAAAGTAAT-1,0.190517,0.775002,0.034285,0.000196
AGCACACGTTTAGACT-1,0.684565,0.103566,0.080192,0.131677
AGCACCAGTACTCACG-1,0.954843,0.00011,0.000055,0.044993
AGCACTACCGGCCTGT-1,0.841713,0.094236,0.063791,0.000261
AGCACTACCTCACCAG-1,0.03819,0.081132,0.102202,0.778475
AGCACTTAAGGACGCC-1,0.739448,0.115002,0.044058,0.101491
AGCAGAAGGAGAAAGA-1,0.000011,0.237122,0.000005,0.762862
AGCAGCCAGATGAATA-1,0.025588,0.287577,0.008718,0.678117
AGCAGTCGAAGCATGC-1,0.206365,0.075607,0.354454,0.363575
AGCATATCAATATGCT-1,0.000035,0.008175,0.028861,0.962928
AGCATCATTTCGAAAG-1,0.25237,0.747331,0.000043,0.000256
AGCATCGTCGATAATT-1,0.763139,0.000085,0.023379,0.213397
AGCATTACGAGGCAAG-1,0.000732,0.150854,0.000016,0.848398
AGCCAAGCTTTGTGTC-1,0.000047,0.431164,0.002427,0.566362
AGCCACAGGTTACCCG-1,0.020907,0.150939,0.000014,0.82814
AGCCACTCCCGTGCTT-1,0.069675,0.115005,0.142069,0.673251
AGCCATATAGTATGTG-1,0.123073,0.265537,0.45661,0.15478
AGCCCATACATGTAAG-1,0.069425,0.913645,0.000018,0.016912
AGCCCGCAACAAGCAG-1,0.119181,0.092465,0.592184,0.19617
AGCCCGCACTACAATG-1,0.17659,0.14707,0.283085,0.393254
AGCCCGGTAGCCTGTA-1,0.011614,0.313322,0.050413,0.624651
AGCCCTAAGCGAAGTT-1,0.021554,0.064382,0.000015,0.91405
AGCCCTCCCTGGTGGC-1,0.6627,0.120631,0.006759,0.20991
AGCCCTGTCGCACCGT-1,0.042676,0.04676,0.056821,0.853744
AGCCCTTCTAATCCGA-1,0.000055,0.064709,0.027802,0.907434
AGCCCTTGGACATCCC-1,0.000063,0.221285,0.17939,0.599263
AGCCGCAAATTCAAAT-1,0.85979,0.064651,0.00215,0.07341
AGCCGCTTGATTAGCG-1,0.686475,0.159377,0.048297,0.105852
AGCCGTGGCTAAATGT-1,0.046439,0.744588,0.015524,0.193449
AGCCTAATACCCACGT-1,0.00006,0.999728,0.00003,0.000181
AGCCTTAAAGCGGAAG-1,0.983402,0.000129,0.016082,0.000387
AGCGACAGGAACGGTC-1,0.000017,0.576675,0.000008,0.423299
AGCGACATCCCATTCA-1,0.159162,0.225374,0.186737,0.428728
AGCGACCAACGATATT-1,0.708157,0.056301,0.028551,0.206992
AGCGAGACGTGAAGGC-1,0.911353,0.08272,0.005741,0.000186
AGCGATGCGCCTAATA-1,0.006617,0.239778,0.009698,0.743907
AGCGCATAATGAATCG-1,0.017987,0.430217,0.012022,0.539775
AGCGCGGGTGCCAATG-1,0.029449,0.020175,0.0228,0.927576
AGCGCTAGAGCGATGT-1,0.01691,0.00875,0.001854,0.972486
AGCGCTTATGGGCAAG-1,0.00436,0.001507,0.080117,0.914016
AGCGGACACTTCGTAG-1,0.03467,0.245139,0.008971,0.71122
AGCGGCGGTTAGCGGT-1,0.025423,0.956227,0.000032,0.018317
AGCGGGAAGGGTCCAT-1,0.546181,0.214279,0.047091,0.192449
AGCGGGTCTGACACTC-1,0.000029,0.234199,0.001321,0.76445
AGCGGTTGCCGCTCTG-1,0.000048,0.000048,0.021169,0.978735
AGCGTGGTATTCTACT-1,0.184339,0.094736,0.041297,0.679629
AGCTAACAAGCAATGT-1,0.059243,0.359295,0.022273,0.559189
AGCTAAGCTCCGTCCG-1,0.989738,0.000069,0.003869,0.006324
AGCTAAGTACGCAGGC-1,0.034628,0.120887,0.033318,0.811167
AGCTACGAATGGTGGT-1,0.616929,0.00019,0.03072,0.352161
AGCTAGAAGCAGAAGT-1,0.000027,0.00013,0.001041,0.998802
AGCTATTTAATCCAAC-1,0.07815,0.129356,0.021539,0.770955
AGCTCCATATATGTTC-1,0.010789,0.110548,0.001049,0.877614
AGCTCCTTCGCACATC-1,0.042742,0.106651,0.019958,0.830648
AGCTCGTTGATGGAAA-1,0.000039,0.036532,0.02657,0.93686
AGCTCTAGACGTTCCA-1,0.416613,0.00763,0.24092,0.334837
AGCTCTTCCCAGTGCA-1,0.019143,0.060578,0.107288,0.812992
AGCTCTTCGTAACCTT-1,0.080606,0.006754,0.003681,0.908959
AGCTCTTTACTCAGTT-1,0.238308,0.480596,0.102464,0.178632
AGCTGAAGTAAACCAA-1,0.001948,0.093125,0.121836,0.783091
AGCTGTAACCTCAATC-1,0.07112,0.652495,0.00207,0.274314
AGCTTCTTCTCGAGCA-1,0.000024,0.014169,0.000012,0.985796
AGCTTGATCAGGGTAG-1,0.919437,0.000107,0.000054,0.080403
AGCTTGATCTTAACTT-1,0.187625,0.656146,0.003704,0.152526
AGGAAGCTGTCCGCCG-1,0.000021,0.405078,0.000011,0.594891
AGGACAGTCGAATCCC-1,0.286743,0.002095,0.068232,0.64293
AGGACATCGCACGTCG-1,0.563104,0.258206,0.17211,0.00658
AGGACGACCCATTAGA-1,0.070338,0.532755,0.000015,0.396892
AGGACGCTCGATGTTG-1,0.000028,0.032221,0.000014,0.967737
AGGACTTATAGGAGAA-1,0.99958,0.000093,0.000047,0.00028
AGGAGACATCCACAGT-1,0.000024,0.000829,0.001904,0.997243
AGGAGAGTCTGGCTAC-1,0.000042,0.089965,0.034196,0.875797
AGGAGGCCTTCGCGCG-1,0.024235,0.020247,0.010485,0.945033
AGGATAAAGTCGGGAT-1,0.072513,0.141974,0.000011,0.785502
AGGATATAGGGATTTA-1,0.076489,0.008858,0.033045,0.881607
AGGATATCCGACTGCA-1,0.073247,0.281534,0.212201,0.433018
AGGATCACGCGATCTG-1,0.012092,0.980388,0.000022,0.007498
AGGATTGCTTACGACA-1,0.03076,0.137153,0.085182,0.746904
AGGCACGTGACTGTCC-1,0.006006,0.245754,0.021623,0.726617
AGGCAGATGCGTAAAC-1,0.011954,0.158778,0.018209,0.811058
AGGCAGGGAGCGTACT-1,0.000033,0.423745,0.000016,0.576206
AGGCATTGTCGTAGGG-1,0.000034,0.040684,0.021293,0.937989
AGGCCACATTGGTTAC-1,0.000038,0.222534,0.132992,0.644436
AGGCCACCCGTTATGA-1,0.999735,0.000059,0.000029,0.000177
AGGCCCATTGTACAGG-1,0.183637,0.137468,0.179746,0.499149
AGGCCCTAGAACGCCA-1,0.070364,0.850227,0.000018,0.079392
AGGCCTATCATACCAA-1,0.273858,0.136559,0.084524,0.505059
AGGCCTGAGAATCTCG-1,0.000021,0.060995,0.007786,0.931198
AGGCGGTTTGTCCCGC-1,0.000025,0.711568,0.000012,0.288395
AGGCGTCTATGGACGG-1,0.000037,0.017218,0.017664,0.965082
AGGCTATGGTTAGCTT-1,0.930683,0.068949,0.000053,0.000316
AGGCTTAAGTTGCACA-1,0.645126,0.000049,0.021045,0.33378
AGGCTTCCCGAAGAAG-1,0.011479,0.508634,0.000013,0.479874
AGGCTTGCTAGACACC-1,0.807721,0.012001,0.006054,0.174224
AGGGAAACGAGGTACT-1,0.000033,0.034433,0.034227,0.931307
AGGGACCGGCTGCGTT-1,0.009714,0.012196,0.000017,0.978072
AGGGACTCTACGCGAC-1,0.003736,0.137157,0.00001,0.859097
AGGGAGACATACTTCG-1,0.034263,0.040121,0.008145,0.917471
AGGGCAGCGGCGTGGT-1,0.000051,0.09673,0.000025,0.903194
AGGGCGAGCAGCTGAT-1,0.090335,0.837057,0.000029,0.072579
AGGGCGTGATCGGCTA-1,0.548182,0.159591,0.018493,0.273733
AGGGCTGCAGTTACAG-1,0.641783,0.020792,0.227542,0.109883
AGGGTCAGAGCACTCG-1,0.202361,0.151044,0.17904,0.467555
AGGGTCAGTAACCCTA-1,0.000041,0.003345,0.077616,0.918998
AGGGTCGATGCGAACT-1,0.102903,0.008923,0.108214,0.77996
AGGGTGCCGTTCTTTA-1,0.143503,0.35176,0.267414,0.237322
AGGGTGCTCTCGAGGG-1,0.177025,0.092241,0.098941,0.631792
AGGGTGGATAGTGCAT-1,0.999729,0.00006,0.00003,0.00018
AGGGTGTGCTACACGC-1,0.00008,0.00008,0.758493,0.241347
AGGGTTCAGACGGTCC-1,0.219743,0.262868,0.517221,0.000168
AGGGTTCCCTTTGGTT-1,0.151918,0.09277,0.116352,0.638959
AGGGTTTAGTTCGGGA-1,0.999641,0.00008,0.00004,0.000239
AGGTAACCTCCTATTC-1,0.771213,0.101286,0.035106,0.092396
AGGTACGATATTGCCA-1,0.000035,0.062017,0.000536,0.937412
AGGTAGATCGAGATAT-1,0.107664,0.259743,0.128908,0.503684
AGGTAGGTACAAAGCT-1,0.885117,0.106309,0.006715,0.001859
AGGTATAATTGATAGT-1,0.041086,0.00004,0.003053,0.955821
AGGTATGCGGACATTA-1,0.000056,0.102356,0.057573,0.840015
AGGTCAGGTGAGAGTG-1,0.095994,0.903816,0.000027,0.000163
AGGTCGCGGAGTTACT-1,0.010018,0.025736,0.09294,0.871306
AGGTGCACGTCCACAT-1,0.008728,0.217641,0.536073,0.237559
AGGTGGTGACCTTCGC-1,0.002476,0.394312,0.000564,0.602648
AGGTGTATCGCCATGA-1,0.995234,0.004563,0.000029,0.000174
AGGTTACACCATGCCG-1,0.050146,0.00252,0.003036,0.944297
AGGTTCTCCTTTCCGG-1,0.877218,0.012694,0.000035,0.110053
AGGTTGAGGCACGCTT-1,0.137233,0.106504,0.095336,0.660927
AGGTTTCACACACCTT-1,0.465116,0.000112,0.113248,0.421524
AGTAACTATAGCAGCC-1,0.045349,0.158508,0.608149,0.187994
AGTAAGGGACAGAATC-1,0.559692,0.000161,0.157984,0.282163
AGTAATCTAAGGGTGG-1,0.476296,0.000042,0.431436,0.092226
AGTAATGTCTTGCCGC-1,0.105979,0.333657,0.054861,0.505503
AGTAATTTGCAAGCGT-1,0.996206,0.000055,0.000028,0.003711
AGTACAGAAGCTTATA-1,0.166939,0.24361,0.222751,0.3667
