Barcode,Topic 1,Topic 2,Topic 3,Topic 4,Topic 5,Topic 6,Topic 7to11
AAACAAGTATCTCCCA-1,0.008649,0.000011,0.000011,0.023852,0.008578,0.19781,0.761089
AAACACCAATAACTGC-1,0.00001,0.012209,0.287364,0.599789,0.014528,0.004591,0.081509
AAACAGAGCGACTCCT-1,0.011945,0.000019,0.022696,0.003906,0.032038,0.056767,0.87263
AAACAGCTTTCAGAAG-1,0.049451,0.000026,0.356356,0.574611,0.000026,0.0194,0.00013
AAACAGGGTCTATATT-1,0.009495,0.117952,0.299829,0.534201,0.000027,0.03836,0.000136
AAACAGTGTTCCTGGG-1,0.749698,0.083436,0.000019,0.000019,0.041321,0.000019,0.125488
AAACATTTCCCGGATT-1,0.000015,0.000015,0.114138,0.030888,0.000015,0.00223,0.852698
AAACCACTACACAGAT-1,0.000231,0.000017,0.000017,0.00002,0.103339,0.150069,0.746307
AAACCCGAACGAAATC-1,0.008059,0.020225,0.007613,0.03401,0.033182,0.363962,0.532949
AAACCGGAAATGTTAA-1,0.000028,0.012373,0.111504,0.015457,0.077405,0.12588,0.657352
AAACCGGGTAGGTACC-1,0.04339,0.120219,0.454689,0.321577,0.000017,0.059737,0.000371
AAACCGTTCGTCCAGG-1,0.023643,0.011747,0.372708,0.236083,0.014854,0.059818,0.281146
AAACCTAAGCAGCCGG-1,0.027211,0.004054,0.001182,0.18221,0.000011,0.005881,0.77945
AAACCTCATGAAGTTG-1,0.445912,0.203777,0.150834,0.000048,0.040914,0.158274,0.000241
AAACGAAGATGGAGTA-1,0.127736,0.071771,0.130379,0.399867,0.012705,0.076633,0.180909
AAACGACAGTCTTGCC-1,0.000017,0.01895,0.026801,0.051516,0.123716,0.260392,0.518608
AAACGAGACGGTTGAT-1,0.314293,0.000022,0.000022,0.000022,0.081336,0.040837,0.563467
AAACGCCCGAGATCGG-1,0.012328,0.006214,0.01561,0.01274,0.047253,0.340965,0.564891
AAACGGGCGTACGGGT-1,0.00001,0.00001,0.015515,0.11572,0.00001,0.004264,0.86447
AAACGGTTGCGAACTG-1,0.029784,0.034363,0.012127,0.151191,0.024967,0.104726,0.642841
AAACGTGTTCGCCCTA-1,0.000016,0.000016,0.001108,0.003916,0.053202,0.032058,0.909686
AAACTAACGTGGCGAC-1,0.003972,0.000012,0.000235,0.000012,0.075132,0.073953,0.846684
AAACTCGGTTCGCAAT-1,0.000012,0.000012,0.053399,0.119066,0.000012,0.021483,0.806016
AAACTCGTGATATAAG-1,0.000011,0.000011,0.000087,0.000011,0.000011,0.009504,0.990364
AAACTGCTGGCTCCAA-1,0.176385,0.023289,0.032161,0.030435,0.387526,0.281044,0.069162
AAACTTAATTGCACGC-1,0.165722,0.1856,0.533087,0.044779,0.045923,0.024742,0.000146
AAACTTGCAAACGTAT-1,0.000017,0.065723,0.415839,0.518303,0.000017,0.000017,0.000084
AAAGAATGTGGACTAA-1,0.000024,0.046813,0.173871,0.000024,0.413227,0.005511,0.36053
AAAGACCCAAGTCGCG-1,0.022452,0.000018,0.007202,0.321828,0.007565,0.327675,0.313261
AAAGACTGGGCGCTTT-1,0.704657,0.101826,0.190131,0.000046,0.003061,0.000046,0.000232
AAAGCTTGCCTACATA-1,0.000016,0.000016,0.099494,0.002301,0.046013,0.090142,0.762016
AAAGGCCCTATAATAC-1,0.264603,0.21734,0.003107,0.237523,0.057837,0.008973,0.210618
AAAGGCTACGGACCAT-1,0.00001,0.00001,0.060536,0.301575,0.000137,0.029774,0.607957
AAAGGCTCTCGCGCCG-1,0.000017,0.023424,0.179085,0.120012,0.027383,0.268809,0.381271
AAAGGGATGTAGCAAG-1,0.373071,0.000052,0.016677,0.043237,0.182746,0.32246,0.061757
AAAGGGCAGCTTGAAT-1,0.457767,0.438993,0.02169,0.01414,0.000033,0.052362,0.015014
AAAGGTAAGCTGTACC-1,0.000019,0.000019,0.128333,0.000019,0.074874,0.021537,0.775199
AAAGTAGCATTGCTCA-1,0.000024,0.00528,0.128644,0.765467,0.000024,0.002424,0.098136
AAAGTCACTGATGTAA-1,0.000013,0.000013,0.000193,0.144903,0.000013,0.411647,0.443219
AAAGTCGACCCTCAGT-1,0.428751,0.310945,0.048627,0.179282,0.000031,0.032209,0.000155
AAAGTGTGATTTATCT-1,0.306689,0.00003,0.009575,0.005484,0.073733,0.294798,0.309691
AAAGTTGACTCCCGTA-1,0.052519,0.000022,0.004838,0.001239,0.049129,0.206285,0.685968
AAATAACCATACGGGA-1,0.005084,0.000018,0.068924,0.06874,0.050137,0.121755,0.685342
AAATAAGGTAGTGCCC-1,0.008159,0.000019,0.000019,0.000019,0.026409,0.075393,0.889981
AAATACCTATAAGCAT-1,0.084248,0.039526,0.014658,0.075016,0.113487,0.341679,0.331387
AAATAGCTTAGACTTT-1,0.033277,0.00002,0.001891,0.066485,0.018396,0.152377,0.727554
AAATAGGGTGCTATTG-1,0.023172,0.034718,0.017408,0.044581,0.000013,0.356643,0.523466
AAATCACTCCTAAACG-1,0.000018,0.002058,0.009762,0.014572,0.22218,0.084615,0.666795
AAATCCGATACACGCC-1,0.000017,0.038756,0.165786,0.038243,0.007018,0.016714,0.733465
AAATCGCGGAAGGAGT-1,0.133739,0.088442,0.243717,0.320523,0.009529,0.179403,0.024647
AAATCGTGTACCACAA-1,0.072782,0.000032,0.368165,0.003087,0.116108,0.246863,0.192962
AAATCTAGCCCTGCTA-1,0.012663,0.093569,0.084561,0.019653,0.038415,0.136382,0.614757
AAATGACTGATCAAAC-1,0.938557,0.001504,0.000023,0.000023,0.012498,0.000023,0.047371
AAATGATTCGATCAGC-1,0.000022,0.023637,0.000022,0.000022,0.006263,0.043071,0.926964
AAATGCTCGTTACGTT-1,0.564873,0.43459,0.00006,0.00006,0.00006,0.00006,0.000298
AAATGGCATGTCTTGT-1,0.000015,0.000015,0.000015,0.150017,0.000015,0.225784,0.62414
AAATGGCCCGTGCCCT-1,0.00002,0.081136,0.242204,0.661517,0.00002,0.002896,0.012208
AAATGGTCAATGTGCC-1,0.707969,0.118408,0.02568,0.006302,0.000039,0.077069,0.064532
AAATGTATCTTATCCC-1,0.384715,0.295972,0.000029,0.114752,0.000029,0.015102,0.189402
AAATTAACGGGTAGCT-1,0.337751,0.221253,0.000029,0.246815,0.000029,0.006152,0.187971
AAATTAATAAGCGCGA-1,0.708291,0.171811,0.000043,0.02027,0.003432,0.06762,0.028533
AAATTACACGACTCTG-1,0.004534,0.001892,0.000017,0.034589,0.061556,0.110011,0.787401
AAATTACCTATCGATG-1,0.00001,0.00001,0.00001,0.111773,0.00001,0.038456,0.849729
AAATTCCAGGTCCAAA-1,0.038316,0.000023,0.025236,0.000023,0.044439,0.152158,0.739806
AAATTGATAGTCCTTT-1,0.000011,0.000011,0.000011,0.678126,0.000011,0.001052,0.320779
AAATTGGTGAGAAGCA-1,0.000024,0.000024,0.011084,0.000024,0.101298,0.140679,0.746868
AAATTTACCGAAATCC-1,0.000015,0.000015,0.000015,0.00205,0.061267,0.224487,0.712152
AAATTTGCGGGTGTGG-1,0.045524,0.00002,0.50109,0.170232,0.00002,0.178713,0.104401
AACAACTGGTAGTTGC-1,0.623533,0.315579,0.016482,0.000032,0.044182,0.000032,0.00016
AACAATACATTGTCGA-1,0.03603,0.006537,0.021536,0.325444,0.046425,0.096611,0.467416
AACAATTACTCTACGC-1,0.670613,0.329043,0.000038,0.000038,0.000038,0.000038,0.000191
AACACACGCTCGCCGC-1,0.000359,0.000007,0.000007,0.087874,0.000007,0.070755,0.840989
AACACGACTGTACTGA-1,0.000023,0.000023,0.075375,0.011637,0.074062,0.460074,0.378806
AACACGAGACGCGGCC-1,0.049617,0.002571,0.350667,0.480488,0.000026,0.113045,0.003587
AACAGCTGTGTGGCAA-1,0.023547,0.001822,0.565081,0.048184,0.003288,0.004585,0.353492
AACAGGAAATCGAATA-1,0.000017,0.000017,0.001894,0.202631,0.011844,0.336912,0.446686
AACAGGATGGGCCGCG-1,0.717449,0.076036,0.111108,0.052769,0.00093,0.041539,0.00017
AACAGGTAGTATGGAT-1,0.01588,0.000021,0.010956,0.014502,0.023141,0.260338,0.675161
AACATAGCGTGTATCG-1,0.498162,0.005539,0.009732,0.043554,0.156683,0.021538,0.264792
AACATATCAACTGGTG-1,0.039871,0.000021,0.002736,0.006266,0.172603,0.256085,0.522417
AACATCGATACGTCTA-1,0.000023,0.000023,0.008463,0.000023,0.009704,0.133456,0.848308
AACATTGAAGTTGATC-1,0.301661,0.230062,0.030439,0.153866,0.062289,0.020816,0.200867
AACATTGTGACTCGAG-1,0.007462,0.006161,0.137063,0.157134,0.034131,0.072096,0.585953
AACCAAGACTTCTCTG-1,0.000029,0.817364,0.000029,0.018925,0.017341,0.057333,0.088979
AACCATAGGGTTGAAC-1,0.580586,0.089243,0.21311,0.09134,0.022034,0.003544,0.000143
AACCATGGGATCGCTA-1,0.316639,0.483278,0.00005,0.19596,0.00005,0.003773,0.00025
AACCCAGAGACGGAGA-1,0.499782,0.276813,0.068563,0.000051,0.00485,0.149688,0.000253
AACCCATCCCATGATC-1,0.005889,0.047427,0.044884,0.669275,0.022003,0.013511,0.197011
AACCCGACAACCCGTG-1,0.023211,0.098767,0.09829,0.078585,0.266122,0.042992,0.392033
AACCCGAGCAGAATCG-1,0.003255,0.040154,0.009806,0.022196,0.037726,0.035093,0.851772
AACCCGATAGGGCTTC-1,0.000026,0.000026,0.000026,0.000026,0.55356,0.001563,0.444773
AACCCGCTGTATTCCA-1,0.871336,0.000157,0.00002,0.00002,0.00002,0.00002,0.128427
AACCCTACTGTCAATA-1,0.234418,0.000034,0.005191,0.000297,0.304222,0.10897,0.346869
AACCCTGGTGGAACCA-1,0.000013,0.000013,0.005267,0.039591,0.028248,0.111205,0.815663
AACCGAGCTTGGTCAT-1,0.296795,0.01872,0.217927,0.027194,0.108768,0.307095,0.023501
AACCGCTAAGGGATGC-1,0.118313,0.000019,0.005724,0.000019,0.086392,0.465611,0.323921
AACCGTTGTGTTTGCT-1,0.000021,0.000021,0.012581,0.161654,0.000021,0.467329,0.358374
AACCTCGCTTTAGCCC-1,0.000017,0.10523,0.058879,0.213787,0.246237,0.015946,0.359904
AACCTGTCACGGAATT-1,0.021714,0.000017,0.000017,0.000017,0.040633,0.034512,0.90309
AACCTTTAAATACGGT-1,0.000007,0.004312,0.000728,0.204269,0.000007,0.051648,0.73903
AACCTTTACGACGTCT-1,0.01812,0.000022,0.000488,0.000022,0.050301,0.137381,0.793666
AACGAAAGTCGTCCCA-1,0.046035,0.085949,0.058745,0.398567,0.069179,0.167915,0.173609
AACGATAATGCCGTAG-1,0.042419,0.012098,0.071401,0.03046,0.046258,0.333839,0.463525
AACGATAGAAGGGCCG-1,0.356631,0.004497,0.136528,0.065237,0.077864,0.24567,0.113574
AACGATATGTCAACTG-1,0.113435,0.00003,0.075828,0.048852,0.106748,0.517212,0.137894
AACGCATGATCTGGGT-1,0.006978,0.000026,0.002864,0.000026,0.068783,0.086317,0.835005
AACGCGACCTTGGGCG-1,0.037112,0.0484,0.043382,0.112645,0.053445,0.082494,0.622523
AACGCGGTCTCCAGCC-1,0.2761,0.000056,0.039987,0.026064,0.069783,0.369183,0.218826
AACGCTGTTGCTGAAA-1,0.004888,0.063597,0.024935,0.012249,0.003453,0.238318,0.65256
AACGGACGTACGTATA-1,0.010058,0.000019,0.004762,0.000019,0.07274,0.197813,0.714588
AACGGCCATCTCCGGT-1,0.046231,0.003977,0.67745,0.098504,0.000674,0.173048,0.000117
AACGTACTGTGGGTAC-1,0.009925,0.047264,0.180985,0.27697,0.00048,0.353334,0.131042
AACGTCAGACTAGTGG-1,0.564925,0.327106,0.028971,0.000043,0.0787,0.000043,0.000214
AACGTCATCCGGCTTG-1,0.723354,0.000037,0.000037,0.000037,0.05009,0.000037,0.226409
AACGTCGCTGCACTTC-1,0.283843,0.027423,0.000029,0.000379,0.337022,0.005152,0.346154
AACGTGATGAAGGACA-1,0.000013,0.000013,0.000906,0.029825,0.001974,0.026031,0.941238
AACGTGCGAAAGTCTC-1,0.945264,0.000035,0.000034,0.000034,0.000034,0.002314,0.052284
AACGTTATCAGCACCT-1,0.650425,0.302562,0.000049,0.034627,0.000049,0.000049,0.01224
AACTACCCGTTTGTCA-1,0.012786,0.00002,0.005421,0.00002,0.0494,0.190379,0.741974
AACTAGGCTTGGGTGT-1,0.005521,0.044539,0.10006,0.148126,0.002317,0.283262,0.416174
AACTCAAGTTAATTGC-1,0.444335,0.084846,0.073678,0.066356,0.036847,0.191323,0.102616
AACTCCAGAGCGTGTT-1,0.000014,0.064712,0.029236,0.030191,0.120781,0.015281,0.739785
AACTCCTAATCCCATG-1,0.000025,0.000025,0.129884,0.005108,0.076193,0.196254,0.592512
AACTCGATGGCGCAGT-1,0.537102,0.43331,0.000045,0.029231,0.000045,0.000045,0.000223
AACTCTCAATAGAGCG-1,0.172628,0.000019,0.000019,0.002968,0.022105,0.157082,0.64518
AACTCTCAGTGTGCTC-1,0.000017,0.000017,0.323224,0.416806,0.000017,0.031092,0.228826
AACTGAGGTCAGCGTC-1,0.000034,0.000034,0.119107,0.000034,0.258459,0.029807,0.592523
AACTGAGTTATACTGA-1,0.000028,0.000028,0.30553,0.000028,0.11234,0.011897,0.57015
AACTGATATTAGGCCT-1,0.024614,0.000049,0.284711,0.000049,0.043721,0.456421,0.190437
AACTGGGTCCCGACGT-1,0.021589,0.126948,0.00148,0.11441,0.046717,0.392421,0.296435
AACTTCTGCGTCTATC-1,0.615535,0.313831,0.070174,0.000058,0.000058,0.000058,0.000288
AACTTGCCCGTATGCA-1,0.650174,0.229439,0.120052,0.000042,0.000042,0.000042,0.000209
AACTTGCGTTCTCGCG-1,0.501256,0.497961,0.000087,0.000087,0.000087,0.000087,0.000435
AACTTTACGGGAGCTT-1,0.770488,0.228895,0.000069,0.000069,0.000069,0.000069,0.000343
AACTTTCTCGATCATG-1,0.000017,0.000017,0.000017,0.000017,0.046088,0.013292,0.940552
AAGAAAGTTTGATGGG-1,0.750692,0.090675,0.000062,0.009145,0.021565,0.046938,0.080923
AAGAAATCACCAGATT-1,0.000025,0.000025,0.07033,0.003678,0.071662,0.117758,0.736521
AAGAAGGATCAGTTAG-1,0.6901,0.132533,0.176707,0.000052,0.000295,0.000052,0.00026
AAGACATACGTGGTTT-1,0.000022,0.000022,0.276119,0.000022,0.053811,0.000022,0.669982
AAGACCAAATAACTCA-1,0.124429,0.203705,0.025909,0.279608,0.011928,0.245678,0.108743
AAGACCCAACTGAACA-1,0.000011,0.000011,0.035011,0.31012,0.00145,0.060228,0.593167
AAGACTGCAAGCTACT-1,0.501076,0.000051,0.000051,0.000051,0.113296,0.107433,0.278041
AAGAGATGAATCGGTA-1,0.597483,0.282527,0.061623,0.021439,0.000038,0.036698,0.000191
AAGAGCTCTTTATCGG-1,0.415385,0.000057,0.000057,0.000057,0.106656,0.103794,0.373993
AAGAGGATGTACGCGA-1,0.071053,0.147334,0.150075,0.236743,0.09682,0.207286,0.090689
AAGAGGCATGGATCGC-1,0.528316,0.000022,0.000022,0.009494,0.004781,0.19785,0.259516
AAGAGGCCCTTTGGAA-1,0.00002,0.00002,0.132271,0.014355,0.014371,0.057982,0.780981
AAGATGGCACCGGACC-1,0.000013,0.026,0.355896,0.187541,0.122208,0.022359,0.285983
AAGCACCCTGCGTATC-1,0.00001,0.01369,0.043235,0.097997,0.003074,0.019599,0.822395
AAGCATACTCTCCTGA-1,0.000011,0.053863,0.00516,0.189105,0.024263,0.171634,0.555966
AAGCCACTTGCAGGTA-1,0.591434,0.154763,0.000022,0.012123,0.023719,0.000022,0.217917
AAGCCGAAGCGGTTTA-1,0.021238,0.033076,0.070759,0.004571,0.079322,0.285064,0.505971
AAGCCGCCGTGAAATC-1,0.126727,0.16458,0.00001,0.447325,0.005793,0.065712,0.189852
AAGCCGCTTTACCTTG-1,0.000021,0.000021,0.108116,0.0066,0.001149,0.146494,0.737601
AAGCGCAGGGCTTTGA-1,0.003536,0.05825,0.129445,0.037598,0.065605,0.089426,0.616138
AAGCGGAGTGCGCGCA-1,0.000022,0.000022,0.002016,0.000022,0.11936,0.037178,0.841381
AAGCGGCGTCATGGGT-1,0.007183,0.000021,0.007454,0.000021,0.058838,0.229009,0.697475
AAGCGTCCCTCATCGA-1,0.011078,0.025529,0.180718,0.232142,0.011006,0.097872,0.441656
AAGCTAGATCGAGTAA-1,0.065159,0.008034,0.090638,0.086027,0.050845,0.465649,0.233647
AAGCTCGTGCCAAGTC-1,0.686308,0.000043,0.000043,0.000043,0.011243,0.194429,0.107892
AAGCTCTTTCATGGTG-1,0.009754,0.019367,0.103159,0.060551,0.000011,0.020239,0.78692
AAGGAGCGGTTGGTGC-1,0.53074,0.366609,0.025711,0.000056,0.048187,0.003951,0.024748
AAGGATCGATCGCTTG-1,0.02256,0.000019,0.000856,0.001596,0.010088,0.127123,0.837757
AAGGATGAGGGACCTC-1,0.053771,0.000037,0.059783,0.012922,0.200317,0.388282,0.284888
AAGGCAGGCTGTCTCC-1,0.072994,0.003364,0.025718,0.016346,0.034256,0.163927,0.683395
AAGGCGCGTAAAGCTT-1,0.405718,0.532344,0.025133,0.036489,0.000045,0.000045,0.000226
AAGGCTGTGCTCATCG-1,0.563636,0.230536,0.133224,0.000057,0.040372,0.031891,0.000284
AAGGGAACGACTGGCT-1,0.001556,0.452364,0.336113,0.000017,0.20985,0.000017,0.000083
AAGGGACAGATTCTGT-1,0.054043,0.041502,0.003263,0.032949,0.097127,0.175348,0.595767
AAGGGACTATGCATTC-1,0.004995,0.157705,0.167926,0.254259,0.110085,0.012587,0.292443
AAGGTATCCTAATATA-1,0.089617,0.000037,0.007359,0.000037,0.171272,0.386735,0.344942
AAGGTGATAAACCAGC-1,0.099655,0.000018,0.002953,0.012172,0.118663,0.236402,0.530138
AAGTAGAAGACCGGGT-1,0.247025,0.027177,0.00053,0.13165,0.000029,0.530078,0.063511
AAGTAGTGACGCGAGG-1,0.733902,0.046461,0.207263,0.000057,0.011974,0.000057,0.000285
AAGTCAATTGTCGTCA-1,0.032246,0.000019,0.000019,0.000019,0.028027,0.082487,0.857182
AAGTCTTCTGTGGCCT-1,0.340435,0.248935,0.008331,0.170864,0.001137,0.126711,0.103587
AAGTGACGACCGAATT-1,0.021312,0.005214,0.046296,0.581868,0.021607,0.204656,0.119048
AAGTGAGTCGGGTTTA-1,0.000018,0.000018,0.313687,0.131224,0.029567,0.061849,0.463636
AAGTGCAAAGGTAGAC-1,0.767996,0.231696,0.000034,0.000034,0.000034,0.000034,0.000171
AAGTGCCTTGACTGTA-1,0.02673,0.000031,0.003143,0.000031,0.117387,0.292018,0.560659
AAGTGCGTTAGAATCT-1,0.000017,0.000017,0.11135,0.811603,0.000017,0.003321,0.073675
AAGTGCTTCTCTATTG-1,0.319231,0.081907,0.053984,0.160249,0.034668,0.00898,0.340981
AAGTGTTTGGAGACGG-1,0.008925,0.000019,0.070841,0.00035,0.077563,0.45561,0.386692
AAGTTCACTCCAAGCT-1,0.028779,0.005753,0.094963,0.022641,0.008353,0.146374,0.693138
AAGTTCAGTCTGCGTA-1,0.017496,0.000022,0.000022,0.001947,0.041839,0.100103,0.838571
AAGTTCGGCCAACAGG-1,0.000028,0.114411,0.515813,0.310351,0.000028,0.059232,0.000138
AAGTTGTGATGTTATA-1,0.000022,0.054782,0.164036,0.074636,0.000022,0.003746,0.702755
AAGTTTATGGGCCCAA-1,0.000009,0.000009,0.003558,0.154779,0.000009,0.002257,0.839378
AATAACAACGCTCGGC-1,0.787122,0.16089,0.020514,0.000759,0.025182,0.005411,0.000121
AATAACACTAGAACAA-1,0.000014,0.075953,0.26837,0.254849,0.143241,0.031684,0.225889
AATAATCTTCGTATCG-1,0.000016,0.000016,0.011155,0.046299,0.000016,0.003455,0.939043
AATACAATGTTTCAGG-1,0.7907,0.155186,0.036689,0.017073,0.00005,0.00005,0.000252
AATACCGGAGGGCTGT-1,0.066137,0.214574,0.076693,0.141037,0.259193,0.056014,0.186352
AATACCTGATGTGAAC-1,0.45521,0.039561,0.006765,0.013937,0.238578,0.000029,0.24592
AATAGAACAGAGTGGC-1,0.000017,0.011154,0.598278,0.093345,0.016564,0.089766,0.190876
AATAGAATCTGTTTCA-1,0.072871,0.000014,0.000014,0.019111,0.026052,0.157705,0.724234
AATAGCTACCGCGTGC-1,0.000025,0.000025,0.068937,0.000025,0.100877,0.030109,0.800002
AATAGGCACGACCCTT-1,0.720715,0.082918,0.000052,0.022191,0.000052,0.000052,0.174019
AATAGTCCGTCCCGAC-1,0.032861,0.003111,0.368731,0.021134,0.028426,0.146947,0.39879
AATAGTCGCGAGTCGG-1,0.802762,0.196846,0.000044,0.000044,0.000044,0.000044,0.000218
AATATCCTAGCAAACT-1,0.191784,0.195633,0.043927,0.353633,0.003326,0.163758,0.04794
AATATCGAATCAATGC-1,0.028961,0.000026,0.017613,0.000659,0.037078,0.284889,0.630773
AATATCGAGGGTTCTC-1,0.007258,0.000025,0.020018,0.070378,0.029338,0.224538,0.648445
AATATTGGAGTATTGA-1,0.000054,0.935926,0.000054,0.000054,0.000054,0.000054,0.063806
AATCAGGTTTCATTTA-1,0.829259,0.029973,0.000028,0.042592,0.011113,0.000028,0.087007
AATCATGTAAAGACTC-1,0.0223,0.004268,0.00061,0.017126,0.041979,0.095061,0.818657
AATCCAAGGGCCTGAG-1,0.155729,0.000039,0.083635,0.168515,0.115007,0.451357,0.025719
AATCCCGCTCAGAGCC-1,0.713066,0.032539,0.000027,0.009784,0.017288,0.000027,0.22727
AATCGAGGTCTCAAGG-1,0.82488,0.002339,0.000032,0.000032,0.032428,0.000032,0.140257
AATCGCCTCAGCGCCA-1,0.594095,0.000038,0.000038,0.000038,0.11569,0.011698,0.278403
AATCGCGCAGAGGACT-1,0.143477,0.011153,0.001443,0.00144,0.036275,0.241781,0.564432
AATCGGGACACTACGA-1,0.019234,0.00169,0.059667,0.009381,0.054733,0.546835,0.30846
AATCGGTATAGCCCTC-1,0.000031,0.180562,0.137694,0.000031,0.681495,0.000031,0.000156
AATCGTGAGCCGAGCA-1,0.000017,0.000017,0.058561,0.039112,0.000017,0.021467,0.880809
AATCTAGGTTTACTTG-1,0.000061,0.156114,0.810928,0.032471,0.000061,0.000061,0.000304
AATCTATGCCGGAGCC-1,0.02303,0.00002,0.004707,0.007579,0.002556,0.137742,0.824366
AATCTCTACTGTGGTT-1,0.461508,0.227355,0.300612,0.00007,0.00007,0.010035,0.000349
AATCTGCGTTGGGACG-1,0.26535,0.000033,0.000033,0.05458,0.083727,0.151178,0.445099
AATCTGGCTTTCTAGT-1,0.000034,0.193839,0.391712,0.414176,0.000034,0.000034,0.000171
AATGACAGCAATGTCT-1,0.053946,0.04238,0.323399,0.422281,0.007552,0.072635,0.077806
AATGACGTAGGATGTC-1,0.07357,0.000015,0.000015,0.089902,0.021938,0.195289,0.619271
AATGACTGTCAGCCGG-1,0.787678,0.086788,0.122428,0.000056,0.002304,0.000466,0.000281
AATGAGTTCGCATATG-1,0.690518,0.26946,0.032501,0.000055,0.000055,0.007138,0.000274
AATGATGATACGCTAT-1,0.003422,0.000018,0.000018,0.000018,0.056601,0.104735,0.835188
AATGATGCGACTCCTG-1,0.000015,0.000015,0.000015,0.005354,0.000015,0.009231,0.985355
AATGCAACCGGGTACC-1,0.512055,0.000046,0.089824,0.070311,0.189751,0.108665,0.029347
AATGCACCAAGCAATG-1,0.007834,0.000023,0.000341,0.005723,0.104932,0.162359,0.718788
AATGGCCGCCAATGCG-1,0.00004,0.012286,0.00004,0.00004,0.987357,0.00004,0.000198
AATGGTCCACCGTTCA-1,0.638772,0.361002,0.000025,0.000025,0.000025,0.000025,0.000125
AATGGTTCTCACAAGC-1,0.82643,0.173218,0.000039,0.000039,0.000039,0.000039,0.000196
AATGTATGGCACTGTA-1,0.683278,0.175246,0.122332,0.000039,0.018872,0.000039,0.000194
AATGTGCCCGAGGTGT-1,0.000015,0.117767,0.021378,0.521386,0.000048,0.000015,0.339392
AATGTGCTAATCTGAG-1,0.025052,0.181092,0.129962,0.272514,0.139447,0.026537,0.225396
AATGTTAAGACCCTGA-1,0.50058,0.008817,0.000044,0.000026,0.318905,0.000026,0.171601
AATGTTGTCGTGAGAC-1,0.00003,0.022378,0.279536,0.002208,0.037901,0.002519,0.655429
AATTAAAGGTCGGCGT-1,0.310896,0.04541,0.166278,0.000055,0.022498,0.438417,0.016445
AATTAACGGATTTCCA-1,0.009074,0.005826,0.283838,0.039966,0.123821,0.048366,0.489109
AATTACGAGACCCATC-1,0.115264,0.147567,0.076409,0.452537,0.005927,0.117451,0.084844
AATTACTCGTACGCTC-1,0.619147,0.232259,0.000051,0.007908,0.072962,0.020703,0.046971
AATTAGCGCTGCAGCG-1,0.012825,0.000021,0.309048,0.019872,0.022944,0.355663,0.279627
AATTATACCCAGCAAG-1,0.629366,0.053974,0.000024,0.009353,0.080545,0.000984,0.225754
AATTCATAAGGGATCT-1,0.019626,0.000019,0.000019,0.042337,0.035647,0.218261,0.684091
AATTCATTGTCATGCA-1,0.124307,0.271504,0.515937,0.034253,0.05379,0.000035,0.000175
AATTCCAAGCATGTAC-1,0.00001,0.055464,0.077338,0.153822,0.00001,0.008085,0.705272
AATTCGATTCGAGGAT-1,0.000012,0.001892,0.018943,0.091478,0.050306,0.008761,0.828609
AATTCTAGAGTTAGGC-1,0.025417,0.000024,0.001459,0.099204,0.031358,0.620541,0.221997
AATTGAACGCTCTGGT-1,0.073262,0.0181,0.000213,0.017594,0.035634,0.3004,0.554797
AATTGCAGCAATCGAC-1,0.000018,0.012685,0.061264,0.090079,0.021998,0.017703,0.796253
AATTGCGTGGATTACA-1,0.775987,0.103261,0.000029,0.025424,0.000029,0.000029,0.095242
AATTTGGGACATAGTA-1,0.019761,0.001262,0.002003,0.033481,0.093277,0.065824,0.784392
AATTTGGTTCCAAAGA-1,0.033274,0.000026,0.000783,0.019365,0.026687,0.489117,0.430748
ACAAACCATGCGTCCT-1,0.077239,0.192095,0.582417,0.001298,0.135615,0.005366,0.005969
ACAAACTCCATCAGAG-1,0.919532,0.002111,0.000018,0.000018,0.011733,0.000018,0.066569
ACAAAGAAGGTAGGCC-1,0.144672,0.126304,0.193165,0.399874,0.000021,0.135859,0.000105
ACAAAGCATGACCTAG-1,0.000013,0.003661,0.052064,0.073993,0.001237,0.024807,0.844224
ACAAATCGCACCGAAT-1,0.047781,0.005032,0.009833,0.006541,0.073738,0.305792,0.551283
ACAAATGGTAGTGTTT-1,0.080499,0.000031,0.022755,0.000031,0.241475,0.259186,0.396023
ACAAATTCAGATCTGA-1,0.036307,0.032261,0.009834,0.039828,0.016618,0.271711,0.593443
ACAACAGCATGAGCTA-1,0.306101,0.000021,0.000021,0.004163,0.107271,0.114034,0.468389
ACAACGGTCCCTGCGA-1,0.782247,0.217369,0.000043,0.000043,0.000043,0.000043,0.000213
ACAAGCAGTGCCTAGC-1,0.764485,0.01957,0.061058,0.000047,0.118558,0.035309,0.000973
ACAAGGAAATCCGCCC-1,0.015706,0.000015,0.006768,0.098285,0.039422,0.423091,0.416712
ACAAGGACAAGAGGTT-1,0.818645,0.163608,0.017515,0.000029,0.000029,0.000029,0.000145
ACAAGGATGCTTTAGG-1,0.015445,0.015072,0.243511,0.004307,0.000091,0.006276,0.715297
ACAAGGCCTACCAGCC-1,0.000016,0.012076,0.010483,0.040717,0.060478,0.31734,0.558889
ACAAGGGCAGGCTCTG-1,0.192199,0.000027,0.00083,0.001569,0.057696,0.288556,0.459122
ACAAGTAATTGTAAGG-1,0.850826,0.031155,0.000079,0.000079,0.028911,0.000079,0.088872
ACAATAGTCGTACGTT-1,0.019,0.009034,0.002305,0.924715,0.000016,0.044015,0.000913
ACAATCCATTTAAACC-1,0.58044,0.05296,0.109434,0.088838,0.004959,0.042682,0.120686
ACAATGAATACGGAGA-1,0.025252,0.002464,0.22807,0.245397,0.005826,0.060639,0.432351
ACAATGATTCTTCTAC-1,0.00003,0.00003,0.183341,0.00003,0.376709,0.069229,0.370632
ACAATTGTGTCTCTTT-1,0.010444,0.000015,0.013684,0.015824,0.003351,0.166759,0.789923
ACAATTTAGGAGGCTC-1,0.625858,0.261334,0.081099,0.000062,0.031272,0.000062,0.000312
ACAATTTGAGCAGTGG-1,0.237404,0.000051,0.050728,0.000051,0.423345,0.164024,0.124398
ACAATTTGGCCATATT-1,0.000022,0.016436,0.014515,0.057555,0.092937,0.082722,0.735813
ACACAAAGACGGGTGG-1,0.682549,0.09753,0.211537,0.000047,0.008054,0.000047,0.000235
ACACAAATATTCCTAG-1,0.012713,0.009382,0.192756,0.048891,0.093508,0.031709,0.611041
ACACACCAGGACCAGT-1,0.132352,0.003461,0.000012,0.069547,0.073589,0.08752,0.633519
ACACACTTTCTACACG-1,0.031525,0.000019,0.016399,0.126908,0.004985,0.463603,0.356561
ACACATGATCAAATCT-1,0.012621,0.01618,0.1517,0.436007,0.006211,0.060184,0.317096
ACACATTTCCGTAGAC-1,0.596389,0.128942,0.00002,0.006063,0.068528,0.00002,0.200039
ACACCACATAATTAGC-1,0.004848,0.016964,0.018349,0.004745,0.023264,0.009399,0.922432
ACACCCAGCATGCAGC-1,0.597219,0.081865,0.007443,0.022681,0.045718,0.19935,0.045725
ACACCCGAGAAATCCG-1,0.555434,0.146751,0.034913,0.046956,0.048428,0.064187,0.10333
ACACCGAGCGCTCTTT-1,0.000068,0.893464,0.000068,0.000068,0.105924,0.000068,0.00034
ACACCGGTCTGACCGC-1,0.126976,0.178019,0.167441,0.260736,0.080595,0.034043,0.152189
ACACCTTAAGTAGGGC-1,0.861147,0.026356,0.014475,0.000046,0.065184,0.004395,0.028398
ACACCTTACTACTTGC-1,0.092689,0.000013,0.000013,0.000607,0.000013,0.032275,0.874388
ACACGAGACTCCTTCT-1,0.757199,0.00545,0.058558,0.000049,0.147565,0.002892,0.028286
ACACGGCACTATGCAT-1,0.000018,0.000018,0.000018,0.027228,0.000018,0.168296,0.804405
ACACGGGAACTTAGGG-1,0.308258,0.000051,0.069433,0.058191,0.060068,0.433966,0.070032
ACACGTAGGCCACAAG-1,0.00002,0.020382,0.029628,0.072223,0.016546,0.022134,0.839068
ACACTCCAATGTCACT-1,0.781774,0.054939,0.162589,0.000087,0.000087,0.000087,0.000436
ACACTGATCAAGGTGT-1,0.047373,0.040284,0.034666,0.192556,0.019154,0.236321,0.429645
ACACTGGGACAGTCGT-1,0.007492,0.008959,0.075253,0.040756,0.158225,0.055706,0.653609
ACAGAACTGAGAACAA-1,0.001059,0.000016,0.058874,0.557049,0.000016,0.005768,0.377219
ACAGCATAGAGCCAGT-1,0.042128,0.01046,0.109368,0.133342,0.000479,0.639776,0.064447
ACAGCGACATTCTCAT-1,0.000022,0.000022,0.055581,0.030418,0.008612,0.012149,0.893196
ACAGCGCACCCGCAGC-1,0.009768,0.000019,0.048418,0.059562,0.001679,0.028385,0.852169
ACAGGCACGGATCCTT-1,0.000013,0.006223,0.027357,0.011779,0.04388,0.007365,0.903383
ACAGGCTTGCCCGACT-1,0.063687,0.000009,0.004514,0.060514,0.000204,0.265252,0.60582
ACAGGTGGAGGTGAGG-1,0.011142,0.000015,0.082589,0.372834,0.000015,0.280043,0.253362
ACAGTAATACAACTTG-1,0.000026,0.142113,0.348059,0.507233,0.000026,0.00241,0.000132
ACAGTATACCGTGGGA-1,0.000027,0.000027,0.107376,0.011919,0.004484,0.125152,0.751016
ACATAAGTCGTGGTGA-1,0.035956,0.114826,0.358463,0.24298,0.019579,0.059271,0.168925
ACATAATAAGGCGGTG-1,0.260278,0.000043,0.078367,0.036772,0.059422,0.442478,0.12264
ACATACAATCAAGCGG-1,0.727684,0.000051,0.000051,0.000051,0.048638,0.000051,0.223475
ACATCAGCTGGGACGC-1,0.72734,0.272368,0.000032,0.000032,0.000032,0.000032,0.000162
ACATCCCGGCCATACG-1,0.000011,0.000011,0.002187,0.166413,0.000011,0.156837,0.67453
ACATCCTGGTAACTGT-1,0.071722,0.000018,0.000018,0.003782,0.02593,0.095934,0.802595
ACATCGATCGTTTACC-1,0.41594,0.00006,0.117697,0.00006,0.116169,0.217875,0.132199
ACATCGCAATATTCGG-1,0.903405,0.000054,0.000054,0.000054,0.000054,0.000054,0.096327
ACATCGGTCAGCCGCG-1,0.045873,0.021637,0.168403,0.282372,0.02421,0.281624,0.175881
ACATCGTATGCAATGG-1,0.089122,0.012831,0.000017,0.090801,0.076851,0.22986,0.500518
ACATCGTTAACCTAGT-1,0.024556,0.000026,0.045898,0.005847,0.033875,0.253605,0.636194
ACATGCTTACGGCAGC-1,0.912688,0.000078,0.000078,0.000078,0.000078,0.000078,0.086923
ACATGGCGCCAAAGTA-1,0.025761,0.000015,0.00113,0.058098,0.009544,0.164536,0.740915
ACATTAGTTTATATCC-1,0.000018,0.000018,0.000018,0.405633,0.000018,0.091088,0.503206
ACATTCGCGCGGAATA-1,0.598603,0.047327,0.000023,0.1444,0.003187,0.000023,0.206436
ACATTTGAAACCTAAC-1,0.422441,0.044014,0.001894,0.000031,0.531435,0.000031,0.000154
ACCAAACACCCAGCGA-1,0.000014,0.000014,0.001591,0.001255,0.000099,0.064332,0.932693
ACCAACACCACACACT-1,0.000021,0.000021,0.015139,0.019204,0.023149,0.133618,0.808847
ACCAACCGCACTCCAC-1,0.000013,0.000013,0.011082,0.274437,0.000013,0.004654,0.709787
ACCAACGCTTATTTAT-1,0.028482,0.008224,0.104538,0.226534,0.014657,0.217474,0.400092
ACCAAGAACGCGTGTC-1,0.232731,0.044688,0.000037,0.155859,0.119236,0.300049,0.147401
ACCAAGTCATCGGCAG-1,0.00003,0.00003,0.161375,0.00003,0.430563,0.003225,0.404748
ACCAATATGCAAGTTA-1,0.015904,0.000016,0.23622,0.027081,0.005219,0.198273,0.517288
ACCACAACTCAGAACA-1,0.003567,0.005114,0.001036,0.053308,0.209507,0.034713,0.692755
ACCACAAGTTTCTATC-1,0.811351,0.000054,0.027981,0.000054,0.033225,0.024808,0.102527
ACCACACGGTTGATGG-1,0.734764,0.005806,0.000027,0.000027,0.082741,0.001049,0.175586
ACCACCAATGTAACAA-1,0.034239,0.000011,0.000011,0.047453,0.000011,0.118013,0.800264
ACCACCCTCTCTTCTA-1,0.000021,0.000021,0.012978,0.027222,0.003857,0.027854,0.928048
ACCACGTGCAGCTATA-1,0.041388,0.000142,0.033839,0.070858,0.043972,0.294951,0.514851
ACCACTGTTCAAGAAG-1,0.696959,0.302511,0.000059,0.000059,0.000059,0.000059,0.000295
ACCAGACCATAACAAC-1,0.618152,0.278342,0.061946,0.032656,0.000035,0.008692,0.000177
ACCAGTGCCCGGTCAA-1,0.02696,0.000013,0.000013,0.003409,0.065558,0.126334,0.777712
ACCAGTGCGGGAGACG-1,0.040227,0.000033,0.174445,0.000033,0.389599,0.074129,0.321536
ACCATATCCGCAATAA-1,0.599602,0.020086,0.000046,0.071407,0.008079,0.231508,0.069273
ACCATCCGCCAACTAG-1,0.001234,0.144768,0.073021,0.685111,0.000025,0.0889,0.006941
ACCATCGTATATGGTA-1,0.102359,0.033943,0.269957,0.297697,0.040229,0.124978,0.130837
ACCATTAAGGGTGTCA-1,0.643913,0.298617,0.056879,0.000074,0.000074,0.000074,0.00037
ACCCAACGCCCGTGGC-1,0.172776,0.000019,0.000019,0.063934,0.000019,0.19721,0.566022
ACCCACCTACATGCTC-1,0.850805,0.070335,0.078337,0.000065,0.000065,0.000065,0.000327
ACCCATCTTGAGGGTA-1,0.516976,0.104989,0.085678,0.012697,0.094333,0.147565,0.037762
ACCCATTTGTCCCTCT-1,0.00002,0.03271,0.068875,0.036625,0.082592,0.002671,0.776508
ACCCGAGCGAAATTAC-1,0.000022,0.471838,0.066053,0.187659,0.194371,0.000022,0.080035
ACCCGATTGGTTCCGA-1,0.491985,0.12433,0.000015,0.049965,0.000399,0.002206,0.3311
ACCCGGAAACTCCCAG-1,0.009141,0.052227,0.219527,0.044646,0.012613,0.300851,0.360995
ACCCGGAGCACCACAA-1,0.003274,0.028307,0.17461,0.00043,0.130371,0.0396,0.623408
ACCCGGATGACGCATC-1,0.235468,0.000029,0.007948,0.000029,0.08313,0.065969,0.607429
ACCCGGTTACACTTCC-1,0.279667,0.019042,0.085914,0.065577,0.17053,0.333433,0.045838
ACCCGTAGCAGAGAAT-1,0.90408,0.078348,0.000054,0.000054,0.005286,0.000054,0.012125
ACCCGTAGTCTAGTTG-1,0.02114,0.05752,0.059824,0.075652,0.091967,0.030269,0.663628
ACCCGTGTCATCAGTA-1,0.000021,0.000021,0.290519,0.107783,0.000021,0.023507,0.578128
ACCCTATAGGACTGAG-1,0.537122,0.314564,0.016663,0.011034,0.000084,0.088971,0.031562
ACCCTATGCCATATCG-1,0.047023,0.017362,0.159775,0.30826,0.002498,0.030407,0.434676
ACCCTCCCGTCAGGGC-1,0.000158,0.045211,0.035003,0.062503,0.056939,0.025789,0.774396
ACCCTCCCTTGCTATT-1,0.025892,0.000026,0.025395,0.07105,0.078873,0.432492,0.366273
ACCCTGGTAACGCCCT-1,0.000027,0.000027,0.026601,0.000027,0.00497,0.117684,0.850663
ACCCTTCATCTGCGAA-1,0.000012,0.000012,0.000012,0.211926,0.000348,0.261664,0.526024
ACCCTTGCCTGGGTCG-1,0.000041,0.000041,0.178727,0.000041,0.193396,0.012384,0.61537
ACCCTTTAGTTCTCCA-1,0.000769,0.000023,0.006854,0.021881,0.085395,0.13954,0.745538
ACCGAAAGGGCCCTGC-1,0.046033,0.002359,0.125002,0.099792,0.05776,0.466128,0.202926
ACCGAAGAGTCTGGTT-1,0.000038,0.178468,0.464612,0.356616,0.000038,0.000038,0.00019
ACCGACACATCTCCCA-1,0.037006,0.00192,0.15736,0.07099,0.013038,0.042162,0.677524
ACCGACTGAGTCCCAC-1,0.284758,0.000037,0.000037,0.021477,0.065777,0.113368,0.514547
ACCGAGTCTCCTTATT-1,0.000018,0.051548,0.302491,0.000018,0.36475,0.000018,0.281155
ACCGATAGGCATAACC-1,0.004674,0.033875,0.017248,0.035268,0.110178,0.070936,0.727823
ACCGATATTTAATCAT-1,0.000028,0.000028,0.16249,0.037566,0.142201,0.014007,0.643681
ACCGATGGTAGCATCG-1,0.141333,0.000031,0.000063,0.000031,0.190505,0.244798,0.423239
ACCGCAATAACTGCCT-1,0.064799,0.049036,0.132365,0.035504,0.007887,0.198594,0.511815
ACCGCGGTGGAAGTCG-1,0.034922,0.000022,0.000022,0.000022,0.055084,0.084336,0.825594
ACCGCTAGTCATTGGT-1,0.730535,0.070492,0.000026,0.007904,0.002094,0.000026,0.188924
ACCGGGCCTTTGTTGA-1,0.04126,0.000024,0.009874,0.000024,0.127,0.130101,0.691717
ACCGGTCAGGTACACC-1,0.000016,0.002059,0.28058,0.536134,0.008559,0.002717,0.169935
ACCGGTCTGAGTACGG-1,0.001634,0.013274,0.002292,0.003331,0.106195,0.250512,0.622762
ACCGTCCACTGGGCCC-1,0.138334,0.098854,0.061658,0.449998,0.006737,0.119359,0.125058
ACCGTGACCACGTGGG-1,0.000011,0.000011,0.042383,0.35929,0.000011,0.016329,0.581965
ACCTAAGTACCTTTCA-1,0.093612,0.022529,0.036339,0.527051,0.000016,0.073395,0.247057
ACCTAATCGACTTCCT-1,0.415703,0.583874,0.000047,0.000047,0.000047,0.000047,0.000235
ACCTACAGTATGTGGT-1,0.013173,0.000021,0.000999,0.005106,0.079008,0.058034,0.84366
ACCTACTATAAATCTA-1,0.00001,0.065357,0.089434,0.041852,0.13553,0.00043,0.667387
ACCTCAGCGAGGCGCA-1,0.664954,0.000077,0.000077,0.000077,0.178669,0.000077,0.15607
ACCTCCGCCCTCGCTG-1,0.000023,0.022713,0.032211,0.076685,0.023528,0.158681,0.686159
ACCTCCGTTATTCACC-1,0.010417,0.005031,0.052252,0.008455,0.038634,0.075873,0.809338
ACCTCGAACTTATGCT-1,0.039862,0.315631,0.000789,0.64322,0.000015,0.000015,0.000467
ACCTGCGTGTCATGTT-1,0.000025,0.175086,0.04316,0.78155,0.000025,0.000025,0.000127
ACGAAATGGGCGGCAC-1,0.681052,0.100303,0.041286,0.052935,0.047723,0.040729,0.035972
ACGACCCATGAGTTGC-1,0.000028,0.015797,0.318057,0.162024,0.04252,0.060504,0.40107
ACGACTCTAGGGCCGA-1,0.000025,0.043372,0.31595,0.000025,0.594331,0.000025,0.04627
ACGACTGGTCATACTC-1,0.022867,0.114176,0.276117,0.058401,0.270469,0.001777,0.256193
ACGAGATATTTGCTTA-1,0.000024,0.000024,0.06519,0.099217,0.000024,0.237374,0.598147
ACGAGGATACCACTCT-1,0.000023,0.063279,0.242887,0.687412,0.000023,0.000023,0.006354
ACGAGGTTTACAACGT-1,0.000024,0.14829,0.289185,0.478932,0.005877,0.040298,0.037393
ACGAGTACGGATGCCC-1,0.000008,0.000008,0.000008,0.000008,0.000008,0.000008,0.999951
ACGATACATAGAACTA-1,0.019636,0.00002,0.023593,0.007672,0.236746,0.277874,0.43446
ACGATACCTATCCTGA-1,0.456285,0.29573,0.003045,0.072792,0.007174,0.061395,0.103579
ACGATCATACATAGAG-1,0.452258,0.000066,0.05019,0.000066,0.190917,0.183805,0.122697
ACGATCATCTTGTAAA-1,0.037702,0.000019,0.000019,0.070786,0.01673,0.089834,0.78491
ACGATGCATATGTTAT-1,0.68847,0.256391,0.000029,0.009403,0.000029,0.015735,0.029943
ACGATGGATCCGATGC-1,0.005856,0.000026,0.005826,0.001156,0.019555,0.418891,0.548691
ACGCAAACTAATAGAT-1,0.000011,0.003141,0.150101,0.199897,0.006242,0.022233,0.618375
ACGCAATCACTACAGC-1,0.010354,0.000013,0.000013,0.001161,0.000013,0.051867,0.936577
ACGCATACGTTTACTA-1,0.000277,0.00002,0.006505,0.009118,0.034039,0.131364,0.818677
ACGCATTCGTGAGTAC-1,0.8684,0.000053,0.000053,0.000053,0.131122,0.000053,0.000266
ACGCCACTCGAAACAG-1,0.634879,0.06094,0.000019,0.000019,0.180591,0.000019,0.123534
ACGCCAGATGATTTCT-1,0.018561,0.000034,0.173622,0.003037,0.034058,0.513029,0.257659
ACGCCAGTGCGTTTGC-1,0.030144,0.125419,0.0416,0.000024,0.190826,0.002203,0.609785
ACGCCGCTAGACGACC-1,0.646744,0.000039,0.04802,0.000039,0.005781,0.202101,0.097275
ACGCGAAGTCAGACGA-1,0.000012,0.000012,0.000012,0.243581,0.000012,0.317984,0.438388
ACGCGCTACACAGGGT-1,0.066128,0.031574,0.335927,0.458297,0.000018,0.059512,0.048544
ACGCGGGCCAAGGACA-1,0.708044,0.048907,0.000049,0.000049,0.125545,0.090443,0.026963
ACGCGTTTCTTAAGAG-1,0.795806,0.172771,0.030623,0.0001,0.0001,0.0001,0.0005
ACGCTAGTGATACACT-1,0.010996,0.000022,0.000022,0.001855,0.066583,0.120784,0.799738
ACGCTGTGAGGCGTAG-1,0.053242,0.151594,0.114937,0.636347,0.002035,0.04177,0.000076
ACGGAACACGAGTGCC-1,0.569327,0.001429,0.000026,0.000026,0.247831,0.000026,0.181337
ACGGAATTTAGCAAAT-1,0.700967,0.255942,0.042475,0.000077,0.000077,0.000077,0.000385
ACGGACGCAGCGACAA-1,0.506734,0.212357,0.000062,0.000062,0.280414,0.000062,0.00031
ACGGACTCTCAAAGCG-1,0.000005,0.000005,0.000336,0.119814,0.000005,0.003942,0.875892
ACGGAGCGCAAATTAC-1,0.000027,0.000027,0.021168,0.000027,0.036793,0.15193,0.790029
ACGGATGGTGCGGATA-1,0.00001,0.020547,0.002774,0.14541,0.00001,0.251462,0.579787
ACGGCACTTGCTTGGG-1,0.000028,0.000028,0.238918,0.004449,0.024188,0.498123,0.234266
ACGGCCAACATGGACT-1,0.048066,0.003412,0.088924,0.084813,0.014649,0.450427,0.30971
ACGGCGACGATGGGAA-1,0.016659,0.009495,0.003494,0.272838,0.027829,0.381821,0.287864
ACGGCTGGATGTAGAA-1,0.001192,0.04587,0.680829,0.195029,0.040301,0.008649,0.028131
ACGGGAGTGTCGGCCC-1,0.000024,0.000024,0.033203,0.908426,0.000024,0.005915,0.052384
ACGGGCGTATGCGACA-1,0.000018,0.000018,0.017296,0.000018,0.010709,0.082663,0.889278
ACGGGTCATGTGACTT-1,0.29019,0.709351,0.000051,0.000051,0.000051,0.000051,0.000255
ACGGGTTGTGACCTGT-1,0.265512,0.200165,0.03608,0.245393,0.006305,0.002867,0.243679
ACGGTACAGTTCAATG-1,0.018056,0.029401,0.256316,0.000024,0.386848,0.000024,0.309332
ACGGTCACCGAGAACA-1,0.870094,0.053932,0.000016,0.011097,0.011956,0.000016,0.052889
ACGTACAGATTTCTCT-1,0.000018,0.000018,0.001491,0.150386,0.000018,0.260485,0.587583
ACGTACTTTGGCACGG-1,0.730707,0.050144,0.00002,0.080184,0.00002,0.00002,0.138905
ACGTAGATTGCTGATG-1,0.675001,0.00009,0.11731,0.00009,0.206968,0.00009,0.000451
ACGTAGGAGAGTCGCT-1,0.028261,0.043197,0.012053,0.035768,0.091648,0.046673,0.742399
ACGTATTACTCCGATC-1,0.087985,0.026694,0.001766,0.084249,0.075498,0.204671,0.519137
ACGTCTCGTTCCGGGA-1,0.017693,0.1929,0.369895,0.381275,0.000031,0.038051,0.000155
ACGTGACAAAGTAAGT-1,0.169106,0.159117,0.084193,0.350086,0.015354,0.12521,0.096934
ACGTGCGCCTCGTGCA-1,0.009585,0.010224,0.088772,0.013456,0.438845,0.387006,0.052112
ACGTTAATGTCGAAGA-1,0.836325,0.023929,0.000028,0.000028,0.000028,0.043766,0.095898
ACGTTAGATTTGCCCG-1,0.140448,0.027093,0.000014,0.378614,0.000014,0.00524,0.448576
ACGTTATTGGTCACTC-1,0.61508,0.272695,0.111431,0.000099,0.000099,0.000099,0.000496
ACGTTCACTATGCCGC-1,0.618344,0.115578,0.006223,0.075597,0.000133,0.009983,0.174142
ACGTTCGCAATCAATT-1,0.027749,0.000017,0.000017,0.000081,0.022666,0.063542,0.885929
ACGTTCGTTCAGGAAA-1,0.032687,0.021904,0.158748,0.21438,0.137563,0.081152,0.353566
ACGTTCTGTACAAGTC-1,0.000012,0.001915,0.011661,0.122205,0.009116,0.008135,0.846957
ACGTTGTCGTTGAAAG-1,0.84724,0.037794,0.000024,0.001052,0.000024,0.000024,0.113844
ACGTTTAGTTGTGATC-1,0.090826,0.000027,0.204688,0.001363,0.060408,0.435908,0.206779
ACTAATACGTCAGGCG-1,0.004113,0.021638,0.023029,0.013503,0.034767,0.389766,0.513184
ACTACAAAGAGAGGTG-1,0.380028,0.133544,0.020285,0.071263,0.096127,0.066286,0.232468
ACTACATCCCGACAAG-1,0.000014,0.006194,0.008834,0.529027,0.000014,0.017086,0.438831
ACTACCAGCTCTCTGG-1,0.677142,0.006257,0.137764,0.000068,0.08639,0.077392,0.014987
ACTACCATCCGAGGGC-1,0.549078,0.047962,0.00089,0.099595,0.044409,0.005196,0.252871
ACTACGCGTTAGAATT-1,0.000008,0.000008,0.000008,0.323661,0.000008,0.024885,0.651423
ACTAGTTGCGATCGTC-1,0.000017,0.000017,0.000017,0.000017,0.007198,0.040926,0.951808
ACTATATGCTGTGTTC-1,0.000018,0.000018,0.026566,0.005843,0.007513,0.098285,0.861758
ACTATCCAGGGCATGG-1,0.030654,0.044204,0.000019,0.022215,0.000019,0.096951,0.805939
ACTATCGCCGGCTAAA-1,0.688696,0.112047,0.097567,0.092915,0.000051,0.008468,0.000255
ACTATCTGCCCGCGTA-1,0.016223,0.000034,0.027154,0.01784,0.148091,0.074246,0.716412
ACTATGTCCAGCTGCC-1,0.135698,0.237369,0.464806,0.007718,0.150166,0.001916,0.002326
ACTATTCGTCCGTGGT-1,0.000021,0.000021,0.019469,0.029915,0.039078,0.157648,0.753848
ACTATTTCCGGGCCCA-1,0.00002,0.00002,0.431112,0.085109,0.000207,0.030704,0.452827
ACTCAAGTGCAAGGCT-1,0.000567,0.052012,0.088678,0.032519,0.00418,0.074645,0.747399
ACTCAATAAAGGCACG-1,0.171778,0.026101,0.000025,0.342316,0.000025,0.158876,0.300879
ACTCAGACCTGCTTCT-1,0.085504,0.000039,0.013433,0.234556,0.008256,0.227882,0.430328
ACTCATGGCAGCCTTC-1,0.631951,0.07778,0.007413,0.105197,0.044596,0.001523,0.13154
ACTCCAATATCATCAT-1,0.046192,0.164686,0.028967,0.22047,0.096117,0.032661,0.410907
ACTCCCATTCCTAAAG-1,0.081483,0.051979,0.252213,0.520339,0.001601,0.0504,0.041987
ACTCCCGAATTCGTTT-1,0.031505,0.004653,0.00515,0.000028,0.125394,0.097727,0.735543
ACTCCCGTAGACTAGG-1,0.000031,0.000031,0.035469,0.013208,0.017668,0.036208,0.897385
ACTCCCTAATGCTAAA-1,0.085641,0.005429,0.208809,0.04728,0.000536,0.208327,0.44398
ACTCCCTAGAATAGTA-1,0.061492,0.001369,0.009899,0.140435,0.082392,0.371378,0.333035
ACTCCGGCCGACCACT-1,0.000019,0.041774,0.167054,0.000019,0.325072,0.000019,0.466043
ACTCGATGTATTTCAT-1,0.681783,0.171653,0.001411,0.109663,0.000056,0.003994,0.03144
ACTCGCCGTTCGATAA-1,0.000022,0.000022,0.159368,0.003334,0.013695,0.008838,0.814721
ACTCGCGATCTGACGC-1,0.000164,0.029132,0.072353,0.106072,0.0626,0.068803,0.660876
ACTCGTAACCCGTCCT-1,0.000018,0.043493,0.003117,0.843626,0.000018,0.000917,0.10881
ACTCGTCAGTAATCCC-1,0.277462,0.000033,0.000033,0.000033,0.074642,0.087734,0.560062
ACTCTAAACCTGGGAT-1,0.61549,0.38418,0.000037,0.000037,0.000037,0.000037,0.000183
ACTCTCTGACTTAGGT-1,0.543085,0.000054,0.084877,0.000054,0.155583,0.081242,0.135106
ACTCTCTTATACACGA-1,0.000017,0.000017,0.000017,0.028477,0.002326,0.039005,0.930143
ACTCTGACCTAATAGA-1,0.000011,0.000502,0.010373,0.125756,0.001696,0.004125,0.857537
ACTCTTCAGCTCCCGC-1,0.000017,0.055505,0.032603,0.142451,0.031845,0.01467,0.722909
ACTCTTGTATAGTAAC-1,0.76537,0.000055,0.000055,0.000055,0.060814,0.031884,0.141768
ACTGAAACGCCGTTAG-1,0.010539,0.019959,0.012189,0.033774,0.000006,0.00615,0.917383
