Barcode,Topic 1,Topic 2,Topic 3,Topic 4,Topic 5,Topic 6to11
AAACAAGTATCTCCCA-1,0.008649,0.000011,0.000011,0.023852,0.008578,0.958899
AAACACCAATAACTGC-1,0.00001,0.012209,0.287364,0.599789,0.014528,0.0861
AAACAGAGCGACTCCT-1,0.011945,0.000019,0.022696,0.003906,0.032038,0.929398
AAACAGCTTTCAGAAG-1,0.049451,0.000026,0.356356,0.574611,0.000026,0.01953
AAACAGGGTCTATATT-1,0.009495,0.117952,0.299829,0.534201,0.000027,0.038496
AAACAGTGTTCCTGGG-1,0.749698,0.083436,0.000019,0.000019,0.041321,0.125507
AAACATTTCCCGGATT-1,0.000015,0.000015,0.114138,0.030888,0.000015,0.854928
AAACCACTACACAGAT-1,0.000231,0.000017,0.000017,0.00002,0.103339,0.896376
AAACCCGAACGAAATC-1,0.008059,0.020225,0.007613,0.03401,0.033182,0.896911
AAACCGGAAATGTTAA-1,0.000028,0.012373,0.111504,0.015457,0.077405,0.783232
AAACCGGGTAGGTACC-1,0.04339,0.120219,0.454689,0.321577,0.000017,0.060108
AAACCGTTCGTCCAGG-1,0.023643,0.011747,0.372708,0.236083,0.014854,0.340964
AAACCTAAGCAGCCGG-1,0.027211,0.004054,0.001182,0.18221,0.000011,0.785332
AAACCTCATGAAGTTG-1,0.445912,0.203777,0.150834,0.000048,0.040914,0.158515
AAACGAAGATGGAGTA-1,0.127736,0.071771,0.130379,0.399867,0.012705,0.257542
AAACGACAGTCTTGCC-1,0.000017,0.01895,0.026801,0.051516,0.123716,0.779
AAACGAGACGGTTGAT-1,0.314293,0.000022,0.000022,0.000022,0.081336,0.604304
AAACGCCCGAGATCGG-1,0.012328,0.006214,0.01561,0.01274,0.047253,0.905856
AAACGGGCGTACGGGT-1,0.00001,0.00001,0.015515,0.11572,0.00001,0.868734
AAACGGTTGCGAACTG-1,0.029784,0.034363,0.012127,0.151191,0.024967,0.747568
AAACGTGTTCGCCCTA-1,0.000016,0.000016,0.001108,0.003916,0.053202,0.941744
AAACTAACGTGGCGAC-1,0.003972,0.000012,0.000235,0.000012,0.075132,0.920637
AAACTCGGTTCGCAAT-1,0.000012,0.000012,0.053399,0.119066,0.000012,0.827499
AAACTCGTGATATAAG-1,0.000011,0.000011,0.000087,0.000011,0.000011,0.999868
AAACTGCTGGCTCCAA-1,0.176385,0.023289,0.032161,0.030435,0.387526,0.350206
AAACTTAATTGCACGC-1,0.165722,0.1856,0.533087,0.044779,0.045923,0.024889
AAACTTGCAAACGTAT-1,0.000017,0.065723,0.415839,0.518303,0.000017,0.000101
AAAGAATGTGGACTAA-1,0.000024,0.046813,0.173871,0.000024,0.413227,0.366041
AAAGACCCAAGTCGCG-1,0.022452,0.000018,0.007202,0.321828,0.007565,0.640935
AAAGACTGGGCGCTTT-1,0.704657,0.101826,0.190131,0.000046,0.003061,0.000279
AAAGCTTGCCTACATA-1,0.000016,0.000016,0.099494,0.002301,0.046013,0.852159
AAAGGCCCTATAATAC-1,0.264603,0.21734,0.003107,0.237523,0.057837,0.219591
AAAGGCTACGGACCAT-1,0.00001,0.00001,0.060536,0.301575,0.000137,0.637731
AAAGGCTCTCGCGCCG-1,0.000017,0.023424,0.179085,0.120012,0.027383,0.65008
AAAGGGATGTAGCAAG-1,0.373071,0.000052,0.016677,0.043237,0.182746,0.384217
AAAGGGCAGCTTGAAT-1,0.457767,0.438993,0.02169,0.01414,0.000033,0.067376
AAAGGTAAGCTGTACC-1,0.000019,0.000019,0.128333,0.000019,0.074874,0.796736
AAAGTAGCATTGCTCA-1,0.000024,0.00528,0.128644,0.765467,0.000024,0.10056
AAAGTCACTGATGTAA-1,0.000013,0.000013,0.000193,0.144903,0.000013,0.854866
AAAGTCGACCCTCAGT-1,0.428751,0.310945,0.048627,0.179282,0.000031,0.032364
AAAGTGTGATTTATCT-1,0.306689,0.00003,0.009575,0.005484,0.073733,0.604488
AAAGTTGACTCCCGTA-1,0.052519,0.000022,0.004838,0.001239,0.049129,0.892253
AAATAACCATACGGGA-1,0.005084,0.000018,0.068924,0.06874,0.050137,0.807097
AAATAAGGTAGTGCCC-1,0.008159,0.000019,0.000019,0.000019,0.026409,0.965374
AAATACCTATAAGCAT-1,0.084248,0.039526,0.014658,0.075016,0.113487,0.673065
AAATAGCTTAGACTTT-1,0.033277,0.00002,0.001891,0.066485,0.018396,0.879931
AAATAGGGTGCTATTG-1,0.023172,0.034718,0.017408,0.044581,0.000013,0.880109
AAATCACTCCTAAACG-1,0.000018,0.002058,0.009762,0.014572,0.22218,0.75141
AAATCCGATACACGCC-1,0.000017,0.038756,0.165786,0.038243,0.007018,0.750179
AAATCGCGGAAGGAGT-1,0.133739,0.088442,0.243717,0.320523,0.009529,0.20405
AAATCGTGTACCACAA-1,0.072782,0.000032,0.368165,0.003087,0.116108,0.439825
AAATCTAGCCCTGCTA-1,0.012663,0.093569,0.084561,0.019653,0.038415,0.751138
AAATGACTGATCAAAC-1,0.938557,0.001504,0.000023,0.000023,0.012498,0.047394
AAATGATTCGATCAGC-1,0.000022,0.023637,0.000022,0.000022,0.006263,0.970035
AAATGCTCGTTACGTT-1,0.564873,0.43459,0.00006,0.00006,0.00006,0.000358
AAATGGCATGTCTTGT-1,0.000015,0.000015,0.000015,0.150017,0.000015,0.849923
AAATGGCCCGTGCCCT-1,0.00002,0.081136,0.242204,0.661517,0.00002,0.015104
AAATGGTCAATGTGCC-1,0.707969,0.118408,0.02568,0.006302,0.000039,0.141601
AAATGTATCTTATCCC-1,0.384715,0.295972,0.000029,0.114752,0.000029,0.204503
AAATTAACGGGTAGCT-1,0.337751,0.221253,0.000029,0.246815,0.000029,0.194124
AAATTAATAAGCGCGA-1,0.708291,0.171811,0.000043,0.02027,0.003432,0.096152
AAATTACACGACTCTG-1,0.004534,0.001892,0.000017,0.034589,0.061556,0.897412
AAATTACCTATCGATG-1,0.00001,0.00001,0.00001,0.111773,0.00001,0.888185
AAATTCCAGGTCCAAA-1,0.038316,0.000023,0.025236,0.000023,0.044439,0.891963
AAATTGATAGTCCTTT-1,0.000011,0.000011,0.000011,0.678126,0.000011,0.321831
AAATTGGTGAGAAGCA-1,0.000024,0.000024,0.011084,0.000024,0.101298,0.887548
AAATTTACCGAAATCC-1,0.000015,0.000015,0.000015,0.00205,0.061267,0.936639
AAATTTGCGGGTGTGG-1,0.045524,0.00002,0.50109,0.170232,0.00002,0.283114
AACAACTGGTAGTTGC-1,0.623533,0.315579,0.016482,0.000032,0.044182,0.000192
AACAATACATTGTCGA-1,0.03603,0.006537,0.021536,0.325444,0.046425,0.564027
AACAATTACTCTACGC-1,0.670613,0.329043,0.000038,0.000038,0.000038,0.000229
AACACACGCTCGCCGC-1,0.000359,0.000007,0.000007,0.087874,0.000007,0.911744
AACACGACTGTACTGA-1,0.000023,0.000023,0.075375,0.011637,0.074062,0.83888
AACACGAGACGCGGCC-1,0.049617,0.002571,0.350667,0.480488,0.000026,0.116632
AACAGCTGTGTGGCAA-1,0.023547,0.001822,0.565081,0.048184,0.003288,0.358077
AACAGGAAATCGAATA-1,0.000017,0.000017,0.001894,0.202631,0.011844,0.783598
AACAGGATGGGCCGCG-1,0.717449,0.076036,0.111108,0.052769,0.00093,0.041709
AACAGGTAGTATGGAT-1,0.01588,0.000021,0.010956,0.014502,0.023141,0.9355
AACATAGCGTGTATCG-1,0.498162,0.005539,0.009732,0.043554,0.156683,0.28633
AACATATCAACTGGTG-1,0.039871,0.000021,0.002736,0.006266,0.172603,0.778502
AACATCGATACGTCTA-1,0.000023,0.000023,0.008463,0.000023,0.009704,0.981764
AACATTGAAGTTGATC-1,0.301661,0.230062,0.030439,0.153866,0.062289,0.221683
AACATTGTGACTCGAG-1,0.007462,0.006161,0.137063,0.157134,0.034131,0.658049
AACCAAGACTTCTCTG-1,0.000029,0.817364,0.000029,0.018925,0.017341,0.146312
AACCATAGGGTTGAAC-1,0.580586,0.089243,0.21311,0.09134,0.022034,0.003687
AACCATGGGATCGCTA-1,0.316639,0.483278,0.00005,0.19596,0.00005,0.004023
AACCCAGAGACGGAGA-1,0.499782,0.276813,0.068563,0.000051,0.00485,0.149941
AACCCATCCCATGATC-1,0.005889,0.047427,0.044884,0.669275,0.022003,0.210522
AACCCGACAACCCGTG-1,0.023211,0.098767,0.09829,0.078585,0.266122,0.435026
AACCCGAGCAGAATCG-1,0.003255,0.040154,0.009806,0.022196,0.037726,0.886864
AACCCGATAGGGCTTC-1,0.000026,0.000026,0.000026,0.000026,0.55356,0.446336
AACCCGCTGTATTCCA-1,0.871336,0.000157,0.00002,0.00002,0.00002,0.128447
AACCCTACTGTCAATA-1,0.234418,0.000034,0.005191,0.000297,0.304222,0.455839
AACCCTGGTGGAACCA-1,0.000013,0.000013,0.005267,0.039591,0.028248,0.926868
AACCGAGCTTGGTCAT-1,0.296795,0.01872,0.217927,0.027194,0.108768,0.330597
AACCGCTAAGGGATGC-1,0.118313,0.000019,0.005724,0.000019,0.086392,0.789532
AACCGTTGTGTTTGCT-1,0.000021,0.000021,0.012581,0.161654,0.000021,0.825703
AACCTCGCTTTAGCCC-1,0.000017,0.10523,0.058879,0.213787,0.246237,0.37585
AACCTGTCACGGAATT-1,0.021714,0.000017,0.000017,0.000017,0.040633,0.937602
AACCTTTAAATACGGT-1,0.000007,0.004312,0.000728,0.204269,0.000007,0.790677
AACCTTTACGACGTCT-1,0.01812,0.000022,0.000488,0.000022,0.050301,0.931047
AACGAAAGTCGTCCCA-1,0.046035,0.085949,0.058745,0.398567,0.069179,0.341525
AACGATAATGCCGTAG-1,0.042419,0.012098,0.071401,0.03046,0.046258,0.797365
AACGATAGAAGGGCCG-1,0.356631,0.004497,0.136528,0.065237,0.077864,0.359244
AACGATATGTCAACTG-1,0.113435,0.00003,0.075828,0.048852,0.106748,0.655106
AACGCATGATCTGGGT-1,0.006978,0.000026,0.002864,0.000026,0.068783,0.921322
AACGCGACCTTGGGCG-1,0.037112,0.0484,0.043382,0.112645,0.053445,0.705017
AACGCGGTCTCCAGCC-1,0.2761,0.000056,0.039987,0.026064,0.069783,0.588009
AACGCTGTTGCTGAAA-1,0.004888,0.063597,0.024935,0.012249,0.003453,0.890878
AACGGACGTACGTATA-1,0.010058,0.000019,0.004762,0.000019,0.07274,0.912401
AACGGCCATCTCCGGT-1,0.046231,0.003977,0.67745,0.098504,0.000674,0.173165
AACGTACTGTGGGTAC-1,0.009925,0.047264,0.180985,0.27697,0.00048,0.484376
AACGTCAGACTAGTGG-1,0.564925,0.327106,0.028971,0.000043,0.0787,0.000256
AACGTCATCCGGCTTG-1,0.723354,0.000037,0.000037,0.000037,0.05009,0.226446
AACGTCGCTGCACTTC-1,0.283843,0.027423,0.000029,0.000379,0.337022,0.351305
AACGTGATGAAGGACA-1,0.000013,0.000013,0.000906,0.029825,0.001974,0.967269
AACGTGCGAAAGTCTC-1,0.945264,0.000035,0.000034,0.000034,0.000034,0.054597
AACGTTATCAGCACCT-1,0.650425,0.302562,0.000049,0.034627,0.000049,0.012289
AACTACCCGTTTGTCA-1,0.012786,0.00002,0.005421,0.00002,0.0494,0.932353
AACTAGGCTTGGGTGT-1,0.005521,0.044539,0.10006,0.148126,0.002317,0.699436
AACTCAAGTTAATTGC-1,0.444335,0.084846,0.073678,0.066356,0.036847,0.293938
AACTCCAGAGCGTGTT-1,0.000014,0.064712,0.029236,0.030191,0.120781,0.755066
AACTCCTAATCCCATG-1,0.000025,0.000025,0.129884,0.005108,0.076193,0.788766
AACTCGATGGCGCAGT-1,0.537102,0.43331,0.000045,0.029231,0.000045,0.000268
AACTCTCAATAGAGCG-1,0.172628,0.000019,0.000019,0.002968,0.022105,0.802261
AACTCTCAGTGTGCTC-1,0.000017,0.000017,0.323224,0.416806,0.000017,0.259918
AACTGAGGTCAGCGTC-1,0.000034,0.000034,0.119107,0.000034,0.258459,0.62233
AACTGAGTTATACTGA-1,0.000028,0.000028,0.30553,0.000028,0.11234,0.582047
AACTGATATTAGGCCT-1,0.024614,0.000049,0.284711,0.000049,0.043721,0.646857
AACTGGGTCCCGACGT-1,0.021589,0.126948,0.00148,0.11441,0.046717,0.688856
AACTTCTGCGTCTATC-1,0.615535,0.313831,0.070174,0.000058,0.000058,0.000345
AACTTGCCCGTATGCA-1,0.650174,0.229439,0.120052,0.000042,0.000042,0.000251
AACTTGCGTTCTCGCG-1,0.501256,0.497961,0.000087,0.000087,0.000087,0.000523
AACTTTACGGGAGCTT-1,0.770488,0.228895,0.000069,0.000069,0.000069,0.000411
AACTTTCTCGATCATG-1,0.000017,0.000017,0.000017,0.000017,0.046088,0.953845
AAGAAAGTTTGATGGG-1,0.750692,0.090675,0.000062,0.009145,0.021565,0.127862
AAGAAATCACCAGATT-1,0.000025,0.000025,0.07033,0.003678,0.071662,0.854278
AAGAAGGATCAGTTAG-1,0.6901,0.132533,0.176707,0.000052,0.000295,0.000312
AAGACATACGTGGTTT-1,0.000022,0.000022,0.276119,0.000022,0.053811,0.670004
AAGACCAAATAACTCA-1,0.124429,0.203705,0.025909,0.279608,0.011928,0.354421
AAGACCCAACTGAACA-1,0.000011,0.000011,0.035011,0.31012,0.00145,0.653395
AAGACTGCAAGCTACT-1,0.501076,0.000051,0.000051,0.000051,0.113296,0.385474
AAGAGATGAATCGGTA-1,0.597483,0.282527,0.061623,0.021439,0.000038,0.03689
AAGAGCTCTTTATCGG-1,0.415385,0.000057,0.000057,0.000057,0.106656,0.477787
AAGAGGATGTACGCGA-1,0.071053,0.147334,0.150075,0.236743,0.09682,0.297975
AAGAGGCATGGATCGC-1,0.528316,0.000022,0.000022,0.009494,0.004781,0.457365
AAGAGGCCCTTTGGAA-1,0.00002,0.00002,0.132271,0.014355,0.014371,0.838963
AAGATGGCACCGGACC-1,0.000013,0.026,0.355896,0.187541,0.122208,0.308342
AAGCACCCTGCGTATC-1,0.00001,0.01369,0.043235,0.097997,0.003074,0.841994
AAGCATACTCTCCTGA-1,0.000011,0.053863,0.00516,0.189105,0.024263,0.727599
AAGCCACTTGCAGGTA-1,0.591434,0.154763,0.000022,0.012123,0.023719,0.21794
AAGCCGAAGCGGTTTA-1,0.021238,0.033076,0.070759,0.004571,0.079322,0.791035
AAGCCGCCGTGAAATC-1,0.126727,0.16458,0.00001,0.447325,0.005793,0.255564
AAGCCGCTTTACCTTG-1,0.000021,0.000021,0.108116,0.0066,0.001149,0.884094
AAGCGCAGGGCTTTGA-1,0.003536,0.05825,0.129445,0.037598,0.065605,0.705564
AAGCGGAGTGCGCGCA-1,0.000022,0.000022,0.002016,0.000022,0.11936,0.878558
AAGCGGCGTCATGGGT-1,0.007183,0.000021,0.007454,0.000021,0.058838,0.926484
AAGCGTCCCTCATCGA-1,0.011078,0.025529,0.180718,0.232142,0.011006,0.539528
AAGCTAGATCGAGTAA-1,0.065159,0.008034,0.090638,0.086027,0.050845,0.699297
AAGCTCGTGCCAAGTC-1,0.686308,0.000043,0.000043,0.000043,0.011243,0.302322
AAGCTCTTTCATGGTG-1,0.009754,0.019367,0.103159,0.060551,0.000011,0.807159
AAGGAGCGGTTGGTGC-1,0.53074,0.366609,0.025711,0.000056,0.048187,0.028699
AAGGATCGATCGCTTG-1,0.02256,0.000019,0.000856,0.001596,0.010088,0.964881
AAGGATGAGGGACCTC-1,0.053771,0.000037,0.059783,0.012922,0.200317,0.67317
AAGGCAGGCTGTCTCC-1,0.072994,0.003364,0.025718,0.016346,0.034256,0.847322
AAGGCGCGTAAAGCTT-1,0.405718,0.532344,0.025133,0.036489,0.000045,0.000272
AAGGCTGTGCTCATCG-1,0.563636,0.230536,0.133224,0.000057,0.040372,0.032175
AAGGGAACGACTGGCT-1,0.001556,0.452364,0.336113,0.000017,0.20985,0.0001
AAGGGACAGATTCTGT-1,0.054043,0.041502,0.003263,0.032949,0.097127,0.771115
AAGGGACTATGCATTC-1,0.004995,0.157705,0.167926,0.254259,0.110085,0.30503
AAGGTATCCTAATATA-1,0.089617,0.000037,0.007359,0.000037,0.171272,0.731677
AAGGTGATAAACCAGC-1,0.099655,0.000018,0.002953,0.012172,0.118663,0.76654
AAGTAGAAGACCGGGT-1,0.247025,0.027177,0.00053,0.13165,0.000029,0.593589
AAGTAGTGACGCGAGG-1,0.733902,0.046461,0.207263,0.000057,0.011974,0.000342
AAGTCAATTGTCGTCA-1,0.032246,0.000019,0.000019,0.000019,0.028027,0.939669
AAGTCTTCTGTGGCCT-1,0.340435,0.248935,0.008331,0.170864,0.001137,0.230298
AAGTGACGACCGAATT-1,0.021312,0.005214,0.046296,0.581868,0.021607,0.323704
AAGTGAGTCGGGTTTA-1,0.000018,0.000018,0.313687,0.131224,0.029567,0.525486
AAGTGCAAAGGTAGAC-1,0.767996,0.231696,0.000034,0.000034,0.000034,0.000206
AAGTGCCTTGACTGTA-1,0.02673,0.000031,0.003143,0.000031,0.117387,0.852677
AAGTGCGTTAGAATCT-1,0.000017,0.000017,0.11135,0.811603,0.000017,0.076996
AAGTGCTTCTCTATTG-1,0.319231,0.081907,0.053984,0.160249,0.034668,0.349961
AAGTGTTTGGAGACGG-1,0.008925,0.000019,0.070841,0.00035,0.077563,0.842302
AAGTTCACTCCAAGCT-1,0.028779,0.005753,0.094963,0.022641,0.008353,0.839512
AAGTTCAGTCTGCGTA-1,0.017496,0.000022,0.000022,0.001947,0.041839,0.938674
AAGTTCGGCCAACAGG-1,0.000028,0.114411,0.515813,0.310351,0.000028,0.05937
AAGTTGTGATGTTATA-1,0.000022,0.054782,0.164036,0.074636,0.000022,0.706501
AAGTTTATGGGCCCAA-1,0.000009,0.000009,0.003558,0.154779,0.000009,0.841635
AATAACAACGCTCGGC-1,0.787122,0.16089,0.020514,0.000759,0.025182,0.005532
AATAACACTAGAACAA-1,0.000014,0.075953,0.26837,0.254849,0.143241,0.257573
AATAATCTTCGTATCG-1,0.000016,0.000016,0.011155,0.046299,0.000016,0.942498
AATACAATGTTTCAGG-1,0.7907,0.155186,0.036689,0.017073,0.00005,0.000302
AATACCGGAGGGCTGT-1,0.066137,0.214574,0.076693,0.141037,0.259193,0.242365
AATACCTGATGTGAAC-1,0.45521,0.039561,0.006765,0.013937,0.238578,0.24595
AATAGAACAGAGTGGC-1,0.000017,0.011154,0.598278,0.093345,0.016564,0.280642
AATAGAATCTGTTTCA-1,0.072871,0.000014,0.000014,0.019111,0.026052,0.881939
AATAGCTACCGCGTGC-1,0.000025,0.000025,0.068937,0.000025,0.100877,0.830112
AATAGGCACGACCCTT-1,0.720715,0.082918,0.000052,0.022191,0.000052,0.174071
AATAGTCCGTCCCGAC-1,0.032861,0.003111,0.368731,0.021134,0.028426,0.545737
AATAGTCGCGAGTCGG-1,0.802762,0.196846,0.000044,0.000044,0.000044,0.000261
AATATCCTAGCAAACT-1,0.191784,0.195633,0.043927,0.353633,0.003326,0.211698
AATATCGAATCAATGC-1,0.028961,0.000026,0.017613,0.000659,0.037078,0.915663
AATATCGAGGGTTCTC-1,0.007258,0.000025,0.020018,0.070378,0.029338,0.872983
AATATTGGAGTATTGA-1,0.000054,0.935926,0.000054,0.000054,0.000054,0.06386
AATCAGGTTTCATTTA-1,0.829259,0.029973,0.000028,0.042592,0.011113,0.087035
AATCATGTAAAGACTC-1,0.0223,0.004268,0.00061,0.017126,0.041979,0.913717
AATCCAAGGGCCTGAG-1,0.155729,0.000039,0.083635,0.168515,0.115007,0.477076
AATCCCGCTCAGAGCC-1,0.713066,0.032539,0.000027,0.009784,0.017288,0.227297
AATCGAGGTCTCAAGG-1,0.82488,0.002339,0.000032,0.000032,0.032428,0.140289
AATCGCCTCAGCGCCA-1,0.594095,0.000038,0.000038,0.000038,0.11569,0.2901
AATCGCGCAGAGGACT-1,0.143477,0.011153,0.001443,0.00144,0.036275,0.806213
AATCGGGACACTACGA-1,0.019234,0.00169,0.059667,0.009381,0.054733,0.855295
AATCGGTATAGCCCTC-1,0.000031,0.180562,0.137694,0.000031,0.681495,0.000187
AATCGTGAGCCGAGCA-1,0.000017,0.000017,0.058561,0.039112,0.000017,0.902276
AATCTAGGTTTACTTG-1,0.000061,0.156114,0.810928,0.032471,0.000061,0.000365
AATCTATGCCGGAGCC-1,0.02303,0.00002,0.004707,0.007579,0.002556,0.962108
AATCTCTACTGTGGTT-1,0.461508,0.227355,0.300612,0.00007,0.00007,0.010385
AATCTGCGTTGGGACG-1,0.26535,0.000033,0.000033,0.05458,0.083727,0.596277
AATCTGGCTTTCTAGT-1,0.000034,0.193839,0.391712,0.414176,0.000034,0.000205
AATGACAGCAATGTCT-1,0.053946,0.04238,0.323399,0.422281,0.007552,0.150441
AATGACGTAGGATGTC-1,0.07357,0.000015,0.000015,0.089902,0.021938,0.81456
AATGACTGTCAGCCGG-1,0.787678,0.086788,0.122428,0.000056,0.002304,0.000747
AATGAGTTCGCATATG-1,0.690518,0.26946,0.032501,0.000055,0.000055,0.007411
AATGATGATACGCTAT-1,0.003422,0.000018,0.000018,0.000018,0.056601,0.939923
AATGATGCGACTCCTG-1,0.000015,0.000015,0.000015,0.005354,0.000015,0.994586
AATGCAACCGGGTACC-1,0.512055,0.000046,0.089824,0.070311,0.189751,0.138012
AATGCACCAAGCAATG-1,0.007834,0.000023,0.000341,0.005723,0.104932,0.881147
AATGGCCGCCAATGCG-1,0.00004,0.012286,0.00004,0.00004,0.987357,0.000238
AATGGTCCACCGTTCA-1,0.638772,0.361002,0.000025,0.000025,0.000025,0.000151
AATGGTTCTCACAAGC-1,0.82643,0.173218,0.000039,0.000039,0.000039,0.000235
AATGTATGGCACTGTA-1,0.683278,0.175246,0.122332,0.000039,0.018872,0.000233
AATGTGCCCGAGGTGT-1,0.000015,0.117767,0.021378,0.521386,0.000048,0.339406
AATGTGCTAATCTGAG-1,0.025052,0.181092,0.129962,0.272514,0.139447,0.251933
AATGTTAAGACCCTGA-1,0.50058,0.008817,0.000044,0.000026,0.318905,0.171628
AATGTTGTCGTGAGAC-1,0.00003,0.022378,0.279536,0.002208,0.037901,0.657948
AATTAAAGGTCGGCGT-1,0.310896,0.04541,0.166278,0.000055,0.022498,0.454863
AATTAACGGATTTCCA-1,0.009074,0.005826,0.283838,0.039966,0.123821,0.537475
AATTACGAGACCCATC-1,0.115264,0.147567,0.076409,0.452537,0.005927,0.202296
AATTACTCGTACGCTC-1,0.619147,0.232259,0.000051,0.007908,0.072962,0.067674
AATTAGCGCTGCAGCG-1,0.012825,0.000021,0.309048,0.019872,0.022944,0.63529
AATTATACCCAGCAAG-1,0.629366,0.053974,0.000024,0.009353,0.080545,0.226738
AATTCATAAGGGATCT-1,0.019626,0.000019,0.000019,0.042337,0.035647,0.902352
AATTCATTGTCATGCA-1,0.124307,0.271504,0.515937,0.034253,0.05379,0.00021
AATTCCAAGCATGTAC-1,0.00001,0.055464,0.077338,0.153822,0.00001,0.713357
AATTCGATTCGAGGAT-1,0.000012,0.001892,0.018943,0.091478,0.050306,0.83737
AATTCTAGAGTTAGGC-1,0.025417,0.000024,0.001459,0.099204,0.031358,0.842539
AATTGAACGCTCTGGT-1,0.073262,0.0181,0.000213,0.017594,0.035634,0.855197
AATTGCAGCAATCGAC-1,0.000018,0.012685,0.061264,0.090079,0.021998,0.813956
AATTGCGTGGATTACA-1,0.775987,0.103261,0.000029,0.025424,0.000029,0.095271
AATTTGGGACATAGTA-1,0.019761,0.001262,0.002003,0.033481,0.093277,0.850216
AATTTGGTTCCAAAGA-1,0.033274,0.000026,0.000783,0.019365,0.026687,0.919865
ACAAACCATGCGTCCT-1,0.077239,0.192095,0.582417,0.001298,0.135615,0.011336
ACAAACTCCATCAGAG-1,0.919532,0.002111,0.000018,0.000018,0.011733,0.066587
ACAAAGAAGGTAGGCC-1,0.144672,0.126304,0.193165,0.399874,0.000021,0.135965
ACAAAGCATGACCTAG-1,0.000013,0.003661,0.052064,0.073993,0.001237,0.869032
ACAAATCGCACCGAAT-1,0.047781,0.005032,0.009833,0.006541,0.073738,0.857075
ACAAATGGTAGTGTTT-1,0.080499,0.000031,0.022755,0.000031,0.241475,0.655209
ACAAATTCAGATCTGA-1,0.036307,0.032261,0.009834,0.039828,0.016618,0.865153
ACAACAGCATGAGCTA-1,0.306101,0.000021,0.000021,0.004163,0.107271,0.582423
ACAACGGTCCCTGCGA-1,0.782247,0.217369,0.000043,0.000043,0.000043,0.000256
ACAAGCAGTGCCTAGC-1,0.764485,0.01957,0.061058,0.000047,0.118558,0.036282
ACAAGGAAATCCGCCC-1,0.015706,0.000015,0.006768,0.098285,0.039422,0.839803
ACAAGGACAAGAGGTT-1,0.818645,0.163608,0.017515,0.000029,0.000029,0.000174
ACAAGGATGCTTTAGG-1,0.015445,0.015072,0.243511,0.004307,0.000091,0.721573
ACAAGGCCTACCAGCC-1,0.000016,0.012076,0.010483,0.040717,0.060478,0.87623
ACAAGGGCAGGCTCTG-1,0.192199,0.000027,0.00083,0.001569,0.057696,0.747678
ACAAGTAATTGTAAGG-1,0.850826,0.031155,0.000079,0.000079,0.028911,0.088951
ACAATAGTCGTACGTT-1,0.019,0.009034,0.002305,0.924715,0.000016,0.044928
ACAATCCATTTAAACC-1,0.58044,0.05296,0.109434,0.088838,0.004959,0.163369
ACAATGAATACGGAGA-1,0.025252,0.002464,0.22807,0.245397,0.005826,0.49299
ACAATGATTCTTCTAC-1,0.00003,0.00003,0.183341,0.00003,0.376709,0.439861
ACAATTGTGTCTCTTT-1,0.010444,0.000015,0.013684,0.015824,0.003351,0.956682
ACAATTTAGGAGGCTC-1,0.625858,0.261334,0.081099,0.000062,0.031272,0.000374
ACAATTTGAGCAGTGG-1,0.237404,0.000051,0.050728,0.000051,0.423345,0.288422
ACAATTTGGCCATATT-1,0.000022,0.016436,0.014515,0.057555,0.092937,0.818535
ACACAAAGACGGGTGG-1,0.682549,0.09753,0.211537,0.000047,0.008054,0.000282
ACACAAATATTCCTAG-1,0.012713,0.009382,0.192756,0.048891,0.093508,0.64275
ACACACCAGGACCAGT-1,0.132352,0.003461,0.000012,0.069547,0.073589,0.721039
ACACACTTTCTACACG-1,0.031525,0.000019,0.016399,0.126908,0.004985,0.820164
ACACATGATCAAATCT-1,0.012621,0.01618,0.1517,0.436007,0.006211,0.377281
ACACATTTCCGTAGAC-1,0.596389,0.128942,0.00002,0.006063,0.068528,0.200058
ACACCACATAATTAGC-1,0.004848,0.016964,0.018349,0.004745,0.023264,0.931831
ACACCCAGCATGCAGC-1,0.597219,0.081865,0.007443,0.022681,0.045718,0.245075
ACACCCGAGAAATCCG-1,0.555434,0.146751,0.034913,0.046956,0.048428,0.167518
ACACCGAGCGCTCTTT-1,0.000068,0.893464,0.000068,0.000068,0.105924,0.000408
ACACCGGTCTGACCGC-1,0.126976,0.178019,0.167441,0.260736,0.080595,0.186232
ACACCTTAAGTAGGGC-1,0.861147,0.026356,0.014475,0.000046,0.065184,0.032793
ACACCTTACTACTTGC-1,0.092689,0.000013,0.000013,0.000607,0.000013,0.906663
ACACGAGACTCCTTCT-1,0.757199,0.00545,0.058558,0.000049,0.147565,0.031179
ACACGGCACTATGCAT-1,0.000018,0.000018,0.000018,0.027228,0.000018,0.972702
ACACGGGAACTTAGGG-1,0.308258,0.000051,0.069433,0.058191,0.060068,0.503998
ACACGTAGGCCACAAG-1,0.00002,0.020382,0.029628,0.072223,0.016546,0.861202
ACACTCCAATGTCACT-1,0.781774,0.054939,0.162589,0.000087,0.000087,0.000524
ACACTGATCAAGGTGT-1,0.047373,0.040284,0.034666,0.192556,0.019154,0.665967
ACACTGGGACAGTCGT-1,0.007492,0.008959,0.075253,0.040756,0.158225,0.709315
ACAGAACTGAGAACAA-1,0.001059,0.000016,0.058874,0.557049,0.000016,0.382986
ACAGCATAGAGCCAGT-1,0.042128,0.01046,0.109368,0.133342,0.000479,0.704223
ACAGCGACATTCTCAT-1,0.000022,0.000022,0.055581,0.030418,0.008612,0.905346
ACAGCGCACCCGCAGC-1,0.009768,0.000019,0.048418,0.059562,0.001679,0.880554
ACAGGCACGGATCCTT-1,0.000013,0.006223,0.027357,0.011779,0.04388,0.910748
ACAGGCTTGCCCGACT-1,0.063687,0.000009,0.004514,0.060514,0.000204,0.871072
ACAGGTGGAGGTGAGG-1,0.011142,0.000015,0.082589,0.372834,0.000015,0.533405
ACAGTAATACAACTTG-1,0.000026,0.142113,0.348059,0.507233,0.000026,0.002542
ACAGTATACCGTGGGA-1,0.000027,0.000027,0.107376,0.011919,0.004484,0.876168
ACATAAGTCGTGGTGA-1,0.035956,0.114826,0.358463,0.24298,0.019579,0.228196
ACATAATAAGGCGGTG-1,0.260278,0.000043,0.078367,0.036772,0.059422,0.565118
ACATACAATCAAGCGG-1,0.727684,0.000051,0.000051,0.000051,0.048638,0.223526
ACATCAGCTGGGACGC-1,0.72734,0.272368,0.000032,0.000032,0.000032,0.000195
ACATCCCGGCCATACG-1,0.000011,0.000011,0.002187,0.166413,0.000011,0.831368
ACATCCTGGTAACTGT-1,0.071722,0.000018,0.000018,0.003782,0.02593,0.898529
ACATCGATCGTTTACC-1,0.41594,0.00006,0.117697,0.00006,0.116169,0.350074
ACATCGCAATATTCGG-1,0.903405,0.000054,0.000054,0.000054,0.000054,0.096381
ACATCGGTCAGCCGCG-1,0.045873,0.021637,0.168403,0.282372,0.02421,0.457505
ACATCGTATGCAATGG-1,0.089122,0.012831,0.000017,0.090801,0.076851,0.730378
ACATCGTTAACCTAGT-1,0.024556,0.000026,0.045898,0.005847,0.033875,0.889798
ACATGCTTACGGCAGC-1,0.912688,0.000078,0.000078,0.000078,0.000078,0.087001
ACATGGCGCCAAAGTA-1,0.025761,0.000015,0.00113,0.058098,0.009544,0.905451
ACATTAGTTTATATCC-1,0.000018,0.000018,0.000018,0.405633,0.000018,0.594294
ACATTCGCGCGGAATA-1,0.598603,0.047327,0.000023,0.1444,0.003187,0.20646
ACATTTGAAACCTAAC-1,0.422441,0.044014,0.001894,0.000031,0.531435,0.000185
ACCAAACACCCAGCGA-1,0.000014,0.000014,0.001591,0.001255,0.000099,0.997026
ACCAACACCACACACT-1,0.000021,0.000021,0.015139,0.019204,0.023149,0.942465
ACCAACCGCACTCCAC-1,0.000013,0.000013,0.011082,0.274437,0.000013,0.714441
ACCAACGCTTATTTAT-1,0.028482,0.008224,0.104538,0.226534,0.014657,0.617566
ACCAAGAACGCGTGTC-1,0.232731,0.044688,0.000037,0.155859,0.119236,0.44745
ACCAAGTCATCGGCAG-1,0.00003,0.00003,0.161375,0.00003,0.430563,0.407973
ACCAATATGCAAGTTA-1,0.015904,0.000016,0.23622,0.027081,0.005219,0.71556
ACCACAACTCAGAACA-1,0.003567,0.005114,0.001036,0.053308,0.209507,0.727468
ACCACAAGTTTCTATC-1,0.811351,0.000054,0.027981,0.000054,0.033225,0.127334
ACCACACGGTTGATGG-1,0.734764,0.005806,0.000027,0.000027,0.082741,0.176635
ACCACCAATGTAACAA-1,0.034239,0.000011,0.000011,0.047453,0.000011,0.918277
ACCACCCTCTCTTCTA-1,0.000021,0.000021,0.012978,0.027222,0.003857,0.955902
ACCACGTGCAGCTATA-1,0.041388,0.000142,0.033839,0.070858,0.043972,0.809802
ACCACTGTTCAAGAAG-1,0.696959,0.302511,0.000059,0.000059,0.000059,0.000354
ACCAGACCATAACAAC-1,0.618152,0.278342,0.061946,0.032656,0.000035,0.008869
ACCAGTGCCCGGTCAA-1,0.02696,0.000013,0.000013,0.003409,0.065558,0.904046
ACCAGTGCGGGAGACG-1,0.040227,0.000033,0.174445,0.000033,0.389599,0.395665
ACCATATCCGCAATAA-1,0.599602,0.020086,0.000046,0.071407,0.008079,0.300781
ACCATCCGCCAACTAG-1,0.001234,0.144768,0.073021,0.685111,0.000025,0.095841
ACCATCGTATATGGTA-1,0.102359,0.033943,0.269957,0.297697,0.040229,0.255815
ACCATTAAGGGTGTCA-1,0.643913,0.298617,0.056879,0.000074,0.000074,0.000444
ACCCAACGCCCGTGGC-1,0.172776,0.000019,0.000019,0.063934,0.000019,0.763232
ACCCACCTACATGCTC-1,0.850805,0.070335,0.078337,0.000065,0.000065,0.000392
ACCCATCTTGAGGGTA-1,0.516976,0.104989,0.085678,0.012697,0.094333,0.185328
ACCCATTTGTCCCTCT-1,0.00002,0.03271,0.068875,0.036625,0.082592,0.779179
ACCCGAGCGAAATTAC-1,0.000022,0.471838,0.066053,0.187659,0.194371,0.080057
ACCCGATTGGTTCCGA-1,0.491985,0.12433,0.000015,0.049965,0.000399,0.333306
ACCCGGAAACTCCCAG-1,0.009141,0.052227,0.219527,0.044646,0.012613,0.661846
ACCCGGAGCACCACAA-1,0.003274,0.028307,0.17461,0.00043,0.130371,0.663008
ACCCGGATGACGCATC-1,0.235468,0.000029,0.007948,0.000029,0.08313,0.673397
ACCCGGTTACACTTCC-1,0.279667,0.019042,0.085914,0.065577,0.17053,0.379271
ACCCGTAGCAGAGAAT-1,0.90408,0.078348,0.000054,0.000054,0.005286,0.012179
ACCCGTAGTCTAGTTG-1,0.02114,0.05752,0.059824,0.075652,0.091967,0.693898
ACCCGTGTCATCAGTA-1,0.000021,0.000021,0.290519,0.107783,0.000021,0.601635
ACCCTATAGGACTGAG-1,0.537122,0.314564,0.016663,0.011034,0.000084,0.120533
ACCCTATGCCATATCG-1,0.047023,0.017362,0.159775,0.30826,0.002498,0.465082
ACCCTCCCGTCAGGGC-1,0.000158,0.045211,0.035003,0.062503,0.056939,0.800185
ACCCTCCCTTGCTATT-1,0.025892,0.000026,0.025395,0.07105,0.078873,0.798764
ACCCTGGTAACGCCCT-1,0.000027,0.000027,0.026601,0.000027,0.00497,0.968348
ACCCTTCATCTGCGAA-1,0.000012,0.000012,0.000012,0.211926,0.000348,0.787689
ACCCTTGCCTGGGTCG-1,0.000041,0.000041,0.178727,0.000041,0.193396,0.627754
ACCCTTTAGTTCTCCA-1,0.000769,0.000023,0.006854,0.021881,0.085395,0.885078
ACCGAAAGGGCCCTGC-1,0.046033,0.002359,0.125002,0.099792,0.05776,0.669054
ACCGAAGAGTCTGGTT-1,0.000038,0.178468,0.464612,0.356616,0.000038,0.000228
ACCGACACATCTCCCA-1,0.037006,0.00192,0.15736,0.07099,0.013038,0.719686
ACCGACTGAGTCCCAC-1,0.284758,0.000037,0.000037,0.021477,0.065777,0.627915
ACCGAGTCTCCTTATT-1,0.000018,0.051548,0.302491,0.000018,0.36475,0.281174
ACCGATAGGCATAACC-1,0.004674,0.033875,0.017248,0.035268,0.110178,0.798759
ACCGATATTTAATCAT-1,0.000028,0.000028,0.16249,0.037566,0.142201,0.657688
ACCGATGGTAGCATCG-1,0.141333,0.000031,0.000063,0.000031,0.190505,0.668038
ACCGCAATAACTGCCT-1,0.064799,0.049036,0.132365,0.035504,0.007887,0.71041
ACCGCGGTGGAAGTCG-1,0.034922,0.000022,0.000022,0.000022,0.055084,0.909929
ACCGCTAGTCATTGGT-1,0.730535,0.070492,0.000026,0.007904,0.002094,0.18895
ACCGGGCCTTTGTTGA-1,0.04126,0.000024,0.009874,0.000024,0.127,0.821818
ACCGGTCAGGTACACC-1,0.000016,0.002059,0.28058,0.536134,0.008559,0.172652
ACCGGTCTGAGTACGG-1,0.001634,0.013274,0.002292,0.003331,0.106195,0.873274
ACCGTCCACTGGGCCC-1,0.138334,0.098854,0.061658,0.449998,0.006737,0.244418
ACCGTGACCACGTGGG-1,0.000011,0.000011,0.042383,0.35929,0.000011,0.598293
ACCTAAGTACCTTTCA-1,0.093612,0.022529,0.036339,0.527051,0.000016,0.320452
ACCTAATCGACTTCCT-1,0.415703,0.583874,0.000047,0.000047,0.000047,0.000282
ACCTACAGTATGTGGT-1,0.013173,0.000021,0.000999,0.005106,0.079008,0.901694
ACCTACTATAAATCTA-1,0.00001,0.065357,0.089434,0.041852,0.13553,0.667817
ACCTCAGCGAGGCGCA-1,0.664954,0.000077,0.000077,0.000077,0.178669,0.156147
ACCTCCGCCCTCGCTG-1,0.000023,0.022713,0.032211,0.076685,0.023528,0.84484
ACCTCCGTTATTCACC-1,0.010417,0.005031,0.052252,0.008455,0.038634,0.88521
ACCTCGAACTTATGCT-1,0.039862,0.315631,0.000789,0.64322,0.000015,0.000482
ACCTGCGTGTCATGTT-1,0.000025,0.175086,0.04316,0.78155,0.000025,0.000153
ACGAAATGGGCGGCAC-1,0.681052,0.100303,0.041286,0.052935,0.047723,0.076702
ACGACCCATGAGTTGC-1,0.000028,0.015797,0.318057,0.162024,0.04252,0.461574
ACGACTCTAGGGCCGA-1,0.000025,0.043372,0.31595,0.000025,0.594331,0.046296
ACGACTGGTCATACTC-1,0.022867,0.114176,0.276117,0.058401,0.270469,0.25797
ACGAGATATTTGCTTA-1,0.000024,0.000024,0.06519,0.099217,0.000024,0.835521
ACGAGGATACCACTCT-1,0.000023,0.063279,0.242887,0.687412,0.000023,0.006377
ACGAGGTTTACAACGT-1,0.000024,0.14829,0.289185,0.478932,0.005877,0.077691
ACGAGTACGGATGCCC-1,0.000008,0.000008,0.000008,0.000008,0.000008,0.999959
ACGATACATAGAACTA-1,0.019636,0.00002,0.023593,0.007672,0.236746,0.712334
ACGATACCTATCCTGA-1,0.456285,0.29573,0.003045,0.072792,0.007174,0.164974
ACGATCATACATAGAG-1,0.452258,0.000066,0.05019,0.000066,0.190917,0.306502
ACGATCATCTTGTAAA-1,0.037702,0.000019,0.000019,0.070786,0.01673,0.874744
ACGATGCATATGTTAT-1,0.68847,0.256391,0.000029,0.009403,0.000029,0.045678
ACGATGGATCCGATGC-1,0.005856,0.000026,0.005826,0.001156,0.019555,0.967582
ACGCAAACTAATAGAT-1,0.000011,0.003141,0.150101,0.199897,0.006242,0.640608
ACGCAATCACTACAGC-1,0.010354,0.000013,0.000013,0.001161,0.000013,0.988445
ACGCATACGTTTACTA-1,0.000277,0.00002,0.006505,0.009118,0.034039,0.950041
ACGCATTCGTGAGTAC-1,0.8684,0.000053,0.000053,0.000053,0.131122,0.000319
ACGCCACTCGAAACAG-1,0.634879,0.06094,0.000019,0.000019,0.180591,0.123553
ACGCCAGATGATTTCT-1,0.018561,0.000034,0.173622,0.003037,0.034058,0.770689
ACGCCAGTGCGTTTGC-1,0.030144,0.125419,0.0416,0.000024,0.190826,0.611987
ACGCCGCTAGACGACC-1,0.646744,0.000039,0.04802,0.000039,0.005781,0.299376
ACGCGAAGTCAGACGA-1,0.000012,0.000012,0.000012,0.243581,0.000012,0.756372
ACGCGCTACACAGGGT-1,0.066128,0.031574,0.335927,0.458297,0.000018,0.108056
ACGCGGGCCAAGGACA-1,0.708044,0.048907,0.000049,0.000049,0.125545,0.117406
ACGCGTTTCTTAAGAG-1,0.795806,0.172771,0.030623,0.0001,0.0001,0.000599
ACGCTAGTGATACACT-1,0.010996,0.000022,0.000022,0.001855,0.066583,0.920522
ACGCTGTGAGGCGTAG-1,0.053242,0.151594,0.114937,0.636347,0.002035,0.041845
ACGGAACACGAGTGCC-1,0.569327,0.001429,0.000026,0.000026,0.247831,0.181363
ACGGAATTTAGCAAAT-1,0.700967,0.255942,0.042475,0.000077,0.000077,0.000462
ACGGACGCAGCGACAA-1,0.506734,0.212357,0.000062,0.000062,0.280414,0.000372
ACGGACTCTCAAAGCG-1,0.000005,0.000005,0.000336,0.119814,0.000005,0.879834
ACGGAGCGCAAATTAC-1,0.000027,0.000027,0.021168,0.000027,0.036793,0.941959
ACGGATGGTGCGGATA-1,0.00001,0.020547,0.002774,0.14541,0.00001,0.831249
ACGGCACTTGCTTGGG-1,0.000028,0.000028,0.238918,0.004449,0.024188,0.732389
ACGGCCAACATGGACT-1,0.048066,0.003412,0.088924,0.084813,0.014649,0.760137
ACGGCGACGATGGGAA-1,0.016659,0.009495,0.003494,0.272838,0.027829,0.669685
ACGGCTGGATGTAGAA-1,0.001192,0.04587,0.680829,0.195029,0.040301,0.036779
ACGGGAGTGTCGGCCC-1,0.000024,0.000024,0.033203,0.908426,0.000024,0.058299
ACGGGCGTATGCGACA-1,0.000018,0.000018,0.017296,0.000018,0.010709,0.971941
ACGGGTCATGTGACTT-1,0.29019,0.709351,0.000051,0.000051,0.000051,0.000306
ACGGGTTGTGACCTGT-1,0.265512,0.200165,0.03608,0.245393,0.006305,0.246546
ACGGTACAGTTCAATG-1,0.018056,0.029401,0.256316,0.000024,0.386848,0.309356
ACGGTCACCGAGAACA-1,0.870094,0.053932,0.000016,0.011097,0.011956,0.052905
ACGTACAGATTTCTCT-1,0.000018,0.000018,0.001491,0.150386,0.000018,0.848068
ACGTACTTTGGCACGG-1,0.730707,0.050144,0.00002,0.080184,0.00002,0.138925
ACGTAGATTGCTGATG-1,0.675001,0.00009,0.11731,0.00009,0.206968,0.000541
ACGTAGGAGAGTCGCT-1,0.028261,0.043197,0.012053,0.035768,0.091648,0.789072
ACGTATTACTCCGATC-1,0.087985,0.026694,0.001766,0.084249,0.075498,0.723808
ACGTCTCGTTCCGGGA-1,0.017693,0.1929,0.369895,0.381275,0.000031,0.038206
ACGTGACAAAGTAAGT-1,0.169106,0.159117,0.084193,0.350086,0.015354,0.222144
ACGTGCGCCTCGTGCA-1,0.009585,0.010224,0.088772,0.013456,0.438845,0.439118
ACGTTAATGTCGAAGA-1,0.836325,0.023929,0.000028,0.000028,0.000028,0.139664
ACGTTAGATTTGCCCG-1,0.140448,0.027093,0.000014,0.378614,0.000014,0.453816
ACGTTATTGGTCACTC-1,0.61508,0.272695,0.111431,0.000099,0.000099,0.000596
ACGTTCACTATGCCGC-1,0.618344,0.115578,0.006223,0.075597,0.000133,0.184125
ACGTTCGCAATCAATT-1,0.027749,0.000017,0.000017,0.000081,0.022666,0.94947
ACGTTCGTTCAGGAAA-1,0.032687,0.021904,0.158748,0.21438,0.137563,0.434718
ACGTTCTGTACAAGTC-1,0.000012,0.001915,0.011661,0.122205,0.009116,0.855092
ACGTTGTCGTTGAAAG-1,0.84724,0.037794,0.000024,0.001052,0.000024,0.113867
ACGTTTAGTTGTGATC-1,0.090826,0.000027,0.204688,0.001363,0.060408,0.642687
ACTAATACGTCAGGCG-1,0.004113,0.021638,0.023029,0.013503,0.034767,0.90295
ACTACAAAGAGAGGTG-1,0.380028,0.133544,0.020285,0.071263,0.096127,0.298753
ACTACATCCCGACAAG-1,0.000014,0.006194,0.008834,0.529027,0.000014,0.455917
ACTACCAGCTCTCTGG-1,0.677142,0.006257,0.137764,0.000068,0.08639,0.092379
ACTACCATCCGAGGGC-1,0.549078,0.047962,0.00089,0.099595,0.044409,0.258067
ACTACGCGTTAGAATT-1,0.000008,0.000008,0.000008,0.323661,0.000008,0.676308
ACTAGTTGCGATCGTC-1,0.000017,0.000017,0.000017,0.000017,0.007198,0.992734
ACTATATGCTGTGTTC-1,0.000018,0.000018,0.026566,0.005843,0.007513,0.960043
ACTATCCAGGGCATGG-1,0.030654,0.044204,0.000019,0.022215,0.000019,0.90289
ACTATCGCCGGCTAAA-1,0.688696,0.112047,0.097567,0.092915,0.000051,0.008723
ACTATCTGCCCGCGTA-1,0.016223,0.000034,0.027154,0.01784,0.148091,0.790658
ACTATGTCCAGCTGCC-1,0.135698,0.237369,0.464806,0.007718,0.150166,0.004242
ACTATTCGTCCGTGGT-1,0.000021,0.000021,0.019469,0.029915,0.039078,0.911496
ACTATTTCCGGGCCCA-1,0.00002,0.00002,0.431112,0.085109,0.000207,0.483532
ACTCAAGTGCAAGGCT-1,0.000567,0.052012,0.088678,0.032519,0.00418,0.822045
ACTCAATAAAGGCACG-1,0.171778,0.026101,0.000025,0.342316,0.000025,0.459755
ACTCAGACCTGCTTCT-1,0.085504,0.000039,0.013433,0.234556,0.008256,0.658211
ACTCATGGCAGCCTTC-1,0.631951,0.07778,0.007413,0.105197,0.044596,0.133063
ACTCCAATATCATCAT-1,0.046192,0.164686,0.028967,0.22047,0.096117,0.443568
ACTCCCATTCCTAAAG-1,0.081483,0.051979,0.252213,0.520339,0.001601,0.092387
ACTCCCGAATTCGTTT-1,0.031505,0.004653,0.00515,0.000028,0.125394,0.833271
ACTCCCGTAGACTAGG-1,0.000031,0.000031,0.035469,0.013208,0.017668,0.933593
ACTCCCTAATGCTAAA-1,0.085641,0.005429,0.208809,0.04728,0.000536,0.652306
ACTCCCTAGAATAGTA-1,0.061492,0.001369,0.009899,0.140435,0.082392,0.704413
ACTCCGGCCGACCACT-1,0.000019,0.041774,0.167054,0.000019,0.325072,0.466062
ACTCGATGTATTTCAT-1,0.681783,0.171653,0.001411,0.109663,0.000056,0.035434
ACTCGCCGTTCGATAA-1,0.000022,0.000022,0.159368,0.003334,0.013695,0.823558
ACTCGCGATCTGACGC-1,0.000164,0.029132,0.072353,0.106072,0.0626,0.729679
ACTCGTAACCCGTCCT-1,0.000018,0.043493,0.003117,0.843626,0.000018,0.109728
ACTCGTCAGTAATCCC-1,0.277462,0.000033,0.000033,0.000033,0.074642,0.647796
ACTCTAAACCTGGGAT-1,0.61549,0.38418,0.000037,0.000037,0.000037,0.00022
ACTCTCTGACTTAGGT-1,0.543085,0.000054,0.084877,0.000054,0.155583,0.216348
ACTCTCTTATACACGA-1,0.000017,0.000017,0.000017,0.028477,0.002326,0.969148
ACTCTGACCTAATAGA-1,0.000011,0.000502,0.010373,0.125756,0.001696,0.861662
ACTCTTCAGCTCCCGC-1,0.000017,0.055505,0.032603,0.142451,0.031845,0.737579
ACTCTTGTATAGTAAC-1,0.76537,0.000055,0.000055,0.000055,0.060814,0.173652
ACTGAAACGCCGTTAG-1,0.010539,0.019959,0.012189,0.033774,0.000006,0.923533
ACTGAATGGCGAAAGT-1,0.048336,0.000904,0.021501,0.065495,0.065116,0.798648
ACTGCCCGCCATTCTC-1,0.499808,0.272713,0.000015,0.034756,0.008226,0.184482
ACTGCCGTCGTAACTC-1,0.024118,0.061267,0.053364,0.068042,0.058594,0.734616
ACTGCGGACACACCGT-1,0.037697,0.00003,0.042899,0.00003,0.124507,0.794837
ACTGCTCGGAAGGATG-1,0.000025,0.000025,0.38975,0.595606,0.000025,0.014569
ACTGGGATGCCAGTGC-1,0.999785,0.000022,0.000022,0.000022,0.000022,0.000129
ACTGTACGATACACAT-1,0.592386,0.000048,0.000048,0.000048,0.06678,0.340691
ACTGTAGCACTTTGGA-1,0.908785,0.090923,0.000032,0.000032,0.000032,0.000195
ACTGTATACGCGAGCA-1,0.368879,0.031702,0.176105,0.038821,0.135104,0.249389
ACTGTCCAGGATTATA-1,0.673726,0.051854,0.006389,0.002703,0.0492,0.216129
ACTGTGCTAGTAGATC-1,0.316701,0.241704,0.079527,0.000092,0.242801,0.119175
ACTTACCGGGCGCGCA-1,0.014485,0.000017,0.008724,0.005403,0.02138,0.949991
ACTTACGCATCCACGC-1,0.004587,0.02723,0.100679,0.090149,0.029986,0.747369
ACTTAGTACGACAAGA-1,0.477426,0.007332,0.0754,0.032366,0.071178,0.336298
ACTTATACTTACCCGG-1,0.241573,0.000043,0.000075,0.000043,0.281134,0.477131
ACTTATTAGGATCGGT-1,0.425675,0.114072,0.000044,0.140979,0.000044,0.319186
ACTTATTTATGTGCCA-1,0.131965,0.002866,0.000022,0.023956,0.038726,0.802465
ACTTCAGGCTGATCCC-1,0.013074,0.000012,0.000012,0.119112,0.007675,0.860114
ACTTCCATGCGGGACA-1,0.000019,0.008927,0.218985,0.014962,0.04744,0.709666
ACTTCCTGTCGTGCGA-1,0.018148,0.000023,0.000023,0.000023,0.195421,0.786361
ACTTCGCCATACGCAC-1,0.412597,0.000048,0.030363,0.0079,0.119557,0.429536
ACTTCGCTAGCGAGTG-1,0.000018,0.008431,0.000014,0.00949,0.033883,0.948164
ACTTGACTCCCTCTTT-1,0.321659,0.000042,0.014891,0.047096,0.052684,0.563629
ACTTGGGACCCGGTGG-1,0.938796,0.007745,0.045506,0.000058,0.007549,0.000346
ACTTGGGCTTTCGCCA-1,0.611751,0.000044,0.000044,0.000044,0.189586,0.198531
ACTTGTAGTCCCTTCA-1,0.000047,0.206544,0.422783,0.365963,0.000047,0.004617
ACTTGTGGATGGAACG-1,0.020306,0.004457,0.006576,0.014271,0.05018,0.904208
ACTTGTTACCGGATCA-1,0.515886,0.021735,0.000026,0.03228,0.064462,0.36561
ACTTTACCCTCATGAA-1,0.026098,0.000335,0.002733,0.000024,0.068702,0.902108
ACTTTATACACCACTT-1,0.897194,0.101969,0.000093,0.000093,0.000093,0.000558
ACTTTCCTATAGCTTC-1,0.325309,0.045326,0.000037,0.016513,0.094337,0.518479
ACTTTGACTGCATCCT-1,0.113966,0.251316,0.155595,0.471961,0.000023,0.00714
ACTTTGGTCGTGCTCC-1,0.044591,0.07795,0.060163,0.330697,0.041978,0.44462
ACTTTGTCGACGCACT-1,0.110511,0.000046,0.226664,0.000046,0.343544,0.319189
AGAAATTATGACTCGC-1,0.069427,0.000027,0.250114,0.000027,0.065315,0.61509
AGAACACGGCGATGGT-1,0.999529,0.000047,0.000047,0.000047,0.000047,0.000283
AGAACCCAGCGTGACA-1,0.000028,0.035543,0.130655,0.0821,0.111103,0.64057
AGAACCCTCAATTGGG-1,0.028424,0.006422,0.05652,0.454808,0.008037,0.445789
AGAACGTGGTACATTC-1,0.205669,0.005071,0.000027,0.133572,0.091329,0.564332
AGAACTGTACTTTGTA-1,0.613105,0.000053,0.000053,0.000053,0.376509,0.010228
AGAAGAGCGCCGTTCC-1,0.136981,0.000421,0.000421,0.000421,0.000421,0.861336
AGAAGGTACACTTCAC-1,0.062044,0.046105,0.360435,0.414219,0.000037,0.11716
AGAAGGTTGCCGAATT-1,0.033458,0.089634,0.008994,0.4429,0.007991,0.417022
AGAAGGTTGTAGGTCG-1,0.000014,0.002859,0.067458,0.075304,0.000014,0.85435
AGAAGTGATTCGTGAT-1,0.046223,0.013116,0.320996,0.358668,0.005256,0.255741
AGAATAAATCTTCAGG-1,0.403472,0.398923,0.037631,0.016646,0.003454,0.139875
AGAATACAGGCTATCC-1,0.851783,0.000358,0.00003,0.00003,0.002864,0.144935
AGAATGCGGGTTCGGA-1,0.000014,0.000014,0.000014,0.004834,0.000014,0.995111
AGAATTATGGATTCGA-1,0.041245,0.000026,0.000026,0.002376,0.074155,0.882172
AGAATTGTTTGACATA-1,0.293792,0.461619,0.06378,0.144897,0.000071,0.03584
AGACAGCTCAGAATCC-1,0.837684,0.161904,0.000046,0.000046,0.000046,0.000275
AGACAGGCATCTCAGC-1,0.000032,0.000032,0.19886,0.000032,0.169813,0.631229
AGACCAAACCACACCT-1,0.051919,0.036673,0.319391,0.526352,0.000023,0.065642
AGACCATGGGATACAA-1,0.59335,0.251019,0.015419,0.034668,0.000032,0.105513
AGACCCACCGCTGATC-1,0.029565,0.049518,0.001975,0.172401,0.019204,0.727337
AGACCCGCCCTCCTCG-1,0.566301,0.018177,0.000044,0.026484,0.090576,0.298418
AGACCGCTCCGCGGTT-1,0.016334,0.133132,0.01923,0.016775,0.022877,0.791652
AGACCGGGAAACCCTG-1,0.00002,0.206701,0.145913,0.634857,0.00002,0.01249
AGACGAAGTGCCGGTC-1,0.014906,0.000012,0.000012,0.000012,0.037667,0.94739
