Barcode,Topic 1,Topic 2,Topic 3to10
AAACAACGAATAGTTC-1,0.937874,0.000135,0.06199
AAACAAGTATCTCCCA-1,0.000009,0.028932,0.971059
AAACAATCTACTAGCA-1,0.850186,0.133246,0.016568
AAACAGAGCGACTCCT-1,0.731466,0.093999,0.174534
AAACAGCTTTCAGAAG-1,0.000032,0.273543,0.726425
AAACAGGGTCTATATT-1,0.000009,0.050041,0.94995
AAACATTTCCCGGATT-1,0.012404,0.065496,0.9221
AAACCACTACACAGAT-1,0.06019,0.011718,0.928092
AAACCCGAACGAAATC-1,0.055241,0.069821,0.874937
AAACCGGAAATGTTAA-1,0.016154,0.107531,0.876315
AAACCGGGTAGGTACC-1,0.000028,0.327379,0.672593
AAACCGTTCGTCCAGG-1,0.080187,0.144895,0.774917
AAACCTAAGCAGCCGG-1,0.000007,0.02757,0.972422
AAACCTCATGAAGTTG-1,0.00003,0.324896,0.675075
AAACGAAGAACATACC-1,0.999614,0.000043,0.000343
AAACGAAGATGGAGTA-1,0.572415,0.227181,0.200403
AAACGACAGTCTTGCC-1,0.101955,0.000012,0.898032
AAACGAGACGGTTGAT-1,0.1989,0.267667,0.533434
AAACGCCCGAGATCGG-1,0.0966,0.000017,0.903383
AAACGCTGGGCACGAC-1,0.02345,0.073771,0.902778
AAACGGGCGTACGGGT-1,0.003783,0.094079,0.902138
AAACGGGTTGGTATCC-1,0.948306,0.050519,0.001175
AAACGTGTTCGCCCTA-1,0.065121,0.03882,0.89606
AAACTAACGTGGCGAC-1,0.232153,0.382823,0.385025
AAACTCGGTTCGCAAT-1,0.000013,0.150818,0.849169
AAACTCGTGATATAAG-1,0.263321,0.341248,0.395431
AAACTGCTGGCTCCAA-1,0.013906,0.203913,0.78218
AAACTTAATTGCACGC-1,0.55773,0.258141,0.184129
AAACTTGCAAACGTAT-1,0.000009,0.021244,0.978746
AAAGAATGTGGACTAA-1,0.000009,0.144829,0.855162
AAAGACATGAAGTTTA-1,0.902504,0.000113,0.097383
AAAGACCCAAGTCGCG-1,0.976804,0.000042,0.023154
AAAGACTGGGCGCTTT-1,0.000037,0.561849,0.438115
AAAGCTTGCCTACATA-1,0.08687,0.226382,0.686748
AAAGGGATGTAGCAAG-1,0.589585,0.257072,0.153343
AAAGGGCAGCTTGAAT-1,0.000043,0.339525,0.660432
AAAGGTAAGCTGTACC-1,0.230363,0.252145,0.517492
AAAGGTCAACGACATG-1,0.188954,0.000017,0.811029
AAAGTAGCATTGCTCA-1,0.000019,0.048312,0.951669
AAAGTCACTGATGTAA-1,0.898628,0.041215,0.060158
AAAGTCGACCCTCAGT-1,0.000042,0.261846,0.738112
AAAGTGCCATCAATTA-1,0.017327,0.171948,0.810725
AAAGTGTGATTTATCT-1,0.012188,0.210812,0.777
AAAGTTGACTCCCGTA-1,0.028356,0.076231,0.895413
AAATAACCATACGGGA-1,0.837573,0.158312,0.004115
AAATAAGGTAGTGCCC-1,0.148603,0.539773,0.311624
AAATACCTATAAGCAT-1,0.000011,0.01862,0.981369
AAATAGCTTAGACTTT-1,0.250884,0.321153,0.427963
AAATAGGGTGCTATTG-1,0.018814,0.05664,0.924546
AAATCACTCCTAAACG-1,0.000018,0.001683,0.998299
AAATCCGATACACGCC-1,0.000016,0.177669,0.822316
AAATCGCGGAAGGAGT-1,0.723931,0.068903,0.207166
AAATCGTGTACCACAA-1,0.001942,0.310707,0.687351
AAATCTAGCCCTGCTA-1,0.000011,0.041035,0.958955
AAATGATTCGATCAGC-1,0.111377,0.131894,0.756729
AAATGCTCGTTACGTT-1,0.002744,0.165814,0.831443
AAATGGCATGTCTTGT-1,0.887218,0.088417,0.024365
AAATGGCCCGTGCCCT-1,0.000014,0.200497,0.799488
AAATGGTCAATGTGCC-1,0.000018,0.144093,0.855888
AAATGTATCTTATCCC-1,0.271987,0.231468,0.496545
AAATGTGGGTGCTCCT-1,0.999099,0.0001,0.000801
AAATTAACGGGTAGCT-1,0.096343,0.514268,0.389388
AAATTAATAAGCGCGA-1,0.061762,0.472525,0.465713
AAATTACACGACTCTG-1,0.921828,0.007607,0.070565
AAATTACCTATCGATG-1,0.41887,0.000016,0.581114
AAATTCCAGGTCCAAA-1,0.270658,0.233794,0.495547
AAATTGCGGCGGTTCT-1,0.179452,0.054193,0.766355
AAATTGGTGAGAAGCA-1,0.01334,0.000009,0.98665
AAATTTACCGAAATCC-1,0.780925,0.000041,0.219033
AAATTTGCGGGTGTGG-1,0.015747,0.033347,0.950906
AACAACTGGTAGTTGC-1,0.053904,0.030676,0.91542
AACAATTACTCTACGC-1,0.000036,0.659865,0.340099
AACACACGCTCGCCGC-1,0.000009,0.002721,0.99727
AACACGACTGTACTGA-1,0.963756,0.000085,0.03616
AACACGAGACGCGGCC-1,0.01234,0.173779,0.813881
AACACGCGGCCGCGAA-1,0.818553,0.105601,0.075846
AACAGGAAATCGAATA-1,0.958125,0.008989,0.032887
AACAGGATGGGCCGCG-1,0.00072,0.357754,0.641525
AACAGGTAGTATGGAT-1,0.031536,0.326048,0.642416
AACATAGCGTGTATCG-1,0.000596,0.164111,0.835293
AACATATCAACTGGTG-1,0.636674,0.286924,0.076402
AACATCGATACGTCTA-1,0.196438,0.226055,0.577507
AACATTGGTCAGCCGT-1,0.719145,0.2798,0.001056
AACCAAGACTTCTCTG-1,0.006503,0.298867,0.694629
AACCAGTATCACTCTT-1,0.952478,0.000045,0.047477
AACCATGGGATCGCTA-1,0.012774,0.000055,0.987171
AACCCAGAGACGGAGA-1,0.153684,0.000031,0.846286
AACCCGAGCAGAATCG-1,0.001828,0.000006,0.998166
AACCCGATAGGGCTTC-1,0.067891,0.049074,0.883035
AACCCTACTGTCAATA-1,0.140605,0.406399,0.452996
AACCCTGGTGGAACCA-1,0.999342,0.000073,0.000585
AACCGAGCTTGGTCAT-1,0.839306,0.000054,0.16064
AACCGCTAAGGGATGC-1,0.000011,0.012056,0.987933
AACCGTTGTGTTTGCT-1,0.931555,0.036213,0.032232
AACCTAAAGCCGTCCG-1,0.976083,0.022588,0.001329
AACCTCGCTTTAGCCC-1,0.00001,0.003338,0.996652
AACCTGTCACGGAATT-1,0.029198,0.000018,0.970783
AACCTTTAAATACGGT-1,0.000031,0.270976,0.728993
AACCTTTACGACGTCT-1,0.806082,0.000042,0.193876
AACGAAAGTCGTCCCA-1,0.343587,0.507349,0.149064
AACGACCTCCTAGCCG-1,0.000011,0.077493,0.922495
AACGATAATGCCGTAG-1,0.000017,0.134704,0.86528
AACGATAGAAGGGCCG-1,0.702457,0.217316,0.080227
AACGATATGTCAACTG-1,0.901274,0.000044,0.098681
AACGCATGATCTGGGT-1,0.567489,0.000039,0.432472
AACGCGAACGGCAACA-1,0.126487,0.075463,0.79805
AACGCGGTCTCCAGCC-1,0.293064,0.000017,0.706919
AACGCTGTTGCTGAAA-1,0.019959,0.005239,0.974801
AACGGACGTACGTATA-1,0.015408,0.002517,0.982074
AACGGCCATCTCCGGT-1,0.087092,0.290637,0.622271
AACGTACTGTGGGTAC-1,0.044712,0.009902,0.945387
AACGTAGTCTACCCAT-1,0.913174,0.000201,0.086625
AACGTCAGACTAGTGG-1,0.00004,0.18294,0.81702
AACGTCGCTGCACTTC-1,0.000011,0.107286,0.892703
AACGTGATGAAGGACA-1,0.998816,0.000034,0.00115
AACGTGCGAAAGTCTC-1,0.058919,0.38995,0.55113
AACGTTATCAGCACCT-1,0.000034,0.002968,0.996998
AACTACCCGTTTGTCA-1,0.059211,0.140728,0.800061
AACTAGCGTATCGCAC-1,0.99944,0.000062,0.000498
AACTAGGCTTGGGTGT-1,0.000015,0.097816,0.902169
AACTCAAGTTAATTGC-1,0.024538,0.372275,0.603188
AACTCCAGAGCGTGTT-1,0.000008,0.000677,0.999314
AACTCCTAATCCCATG-1,0.922498,0.000045,0.077457
AACTCGATAAACACGT-1,0.707071,0.224236,0.068693
AACTCGATGGCGCAGT-1,0.066314,0.000061,0.933625
AACTCTCAATAGAGCG-1,0.361247,0.028057,0.610696
AACTGAGGTCAGCGTC-1,0.075565,0.000033,0.924402
AACTGAGTTATACTGA-1,0.067951,0.164247,0.767803
AACTGATATTAGGCCT-1,0.882336,0.042982,0.074682
AACTGGGTCCCGACGT-1,0.835803,0.140747,0.02345
AACTGGGTTCGAGCCG-1,0.999092,0.000101,0.000807
AACTGGTGTGGGCCTT-1,0.92963,0.024658,0.045711
AACTTCTGCGTCTATC-1,0.000017,0.000017,0.999966
AACTTGCCCGTATGCA-1,0.006984,0.072489,0.920527
AACTTGCGTTCTCGCG-1,0.000058,0.000058,0.999884
AACTTTACGGGAGCTT-1,0.000047,0.801357,0.198596
AACTTTAGCTGCTGAG-1,0.999451,0.000061,0.000488
AACTTTCTCGATCATG-1,0.000013,0.006657,0.99333
AAGAAATCACCAGATT-1,0.013748,0.012465,0.973787
AAGAAGGATCAGTTAG-1,0.000023,0.000023,0.999954
AAGACATACGTGGTTT-1,0.018988,0.001372,0.97964
AAGACCAAATAACTCA-1,0.366971,0.178999,0.454029
AAGACTAACCCGTTGT-1,0.95043,0.000056,0.049514
AAGACTCACGCCCACT-1,0.999139,0.000096,0.000765
AAGACTGCAAGCTACT-1,0.096693,0.307647,0.59566
AAGAGATGAATCGGTA-1,0.012265,0.293009,0.694726
AAGAGCTCTTTATCGG-1,0.255327,0.238256,0.506417
AAGAGGATGTACGCGA-1,0.011436,0.657447,0.331117
AAGAGGCATGGATCGC-1,0.145694,0.463331,0.390975
AAGAGGCCCTTTGGAA-1,0.000018,0.394394,0.605588
AAGATTGGCGGAACGT-1,0.827938,0.093009,0.079053
AAGCACCCTGCGTATC-1,0.000016,0.104189,0.895795
AAGCATACTCTCCTGA-1,0.011901,0.028167,0.959932
AAGCCGAAGCGGTTTA-1,0.040958,0.127584,0.831457
AAGCCGCTTTACCTTG-1,0.001128,0.000026,0.998846
AAGCCGGAGAGCAGGA-1,0.000021,0.086636,0.913342
AAGCGCAGGGCTTTGA-1,0.000007,0.019002,0.980991
AAGCGGAGTGCGCGCA-1,0.110896,0.064124,0.82498
AAGCGGCGTCATGGGT-1,0.859824,0.040304,0.099872
AAGCTAGATCGAGTAA-1,0.000013,0.123318,0.876668
AAGCTCGTGCCAAGTC-1,0.07718,0.400663,0.522156
AAGCTCTTTCATGGTG-1,0.00002,0.121311,0.87867
AAGGAGAACTTATAAG-1,0.973339,0.02576,0.000901
AAGGAGCGGTTGGTGC-1,0.000031,0.031156,0.968813
AAGGATCGATCGCTTG-1,0.437754,0.131213,0.431033
AAGGATGAGGGACCTC-1,0.439738,0.228311,0.33195
AAGGCAGGCTGTCTCC-1,0.021123,0.175951,0.802926
AAGGCGCGTAAAGCTT-1,0.000023,0.000023,0.999955
AAGGCTGTGCTCATCG-1,0.000011,0.000011,0.999978
AAGGGACAGATTCTGT-1,0.700375,0.211979,0.087646
AAGGGTTTGATTTCAG-1,0.800354,0.000038,0.199608
AAGGTATCCTAATATA-1,0.737203,0.135208,0.127588
AAGGTGATAAACCAGC-1,0.023939,0.648785,0.327276
AAGTAAGCTTCCAAAC-1,0.942806,0.000101,0.057093
AAGTAGTGACGCGAGG-1,0.005467,0.088849,0.905683
AAGTCAATTGTCGTCA-1,0.027438,0.345803,0.626759
AAGTCTAGTAGCTGCC-1,0.000021,0.050703,0.949276
AAGTCTTCTGTGGCCT-1,0.171794,0.277169,0.551037
AAGTGACGACCGAATT-1,0.044636,0.68034,0.275024
AAGTGCAAAGGTAGAC-1,0.000043,0.556368,0.443589
AAGTGCCTTGACTGTA-1,0.087855,0.621971,0.290174
AAGTGCGTTAGAATCT-1,0.000011,0.010304,0.989685
AAGTGTTTGGAGACGG-1,0.000016,0.280312,0.719672
AAGTTCACTCCAAGCT-1,0.00001,0.051822,0.948168
AAGTTCAGTCTGCGTA-1,0.46508,0.004785,0.530135
AAGTTCGGCCAACAGG-1,0.026207,0.263519,0.710275
AAGTTGTGATGTTATA-1,0.000023,0.023685,0.976293
AAGTTTACTAATGGCA-1,0.999404,0.000066,0.00053
AAGTTTATGGGCCCAA-1,0.000011,0.002002,0.997987
AATAACAACGCTCGGC-1,0.039088,0.605123,0.355789
AATAACACTAGAACAA-1,0.005115,0.101063,0.893822
AATAAGTCCTCGAGAC-1,0.747142,0.251746,0.001111
AATAATCTTCGTATCG-1,0.021858,0.327735,0.650407
AATACAATGTTTCAGG-1,0.000026,0.008605,0.991369
AATACCTGATGTGAAC-1,0.00001,0.002164,0.997826
AATAGAACAGAGTGGC-1,0.037053,0.008341,0.954606
AATAGAATCTGTTTCA-1,0.004165,0.127302,0.868533
AATAGCAAGCCTCCTG-1,0.1834,0.055632,0.760968
AATAGCTACCGCGTGC-1,0.276943,0.375293,0.347763
AATAGTCGCGAGTCGG-1,0.000042,0.293368,0.70659
AATATCAAGGTCGGAT-1,0.708763,0.00007,0.291167
AATATCCTAGCAAACT-1,0.701096,0.19111,0.107794
AATATCGAATCAATGC-1,0.015756,0.178456,0.805788
AATATCGAGGGTTCTC-1,0.601612,0.235376,0.163012
AATATTGGAGTATTGA-1,0.00629,0.467932,0.525777
AATCAGACTGCAGGAC-1,0.748765,0.173191,0.078044
AATCATGTAAAGACTC-1,0.003289,0.077472,0.919239
AATCCAAGGGCCTGAG-1,0.784771,0.214814,0.000415
AATCCATGCAAGGGTG-1,0.300204,0.237638,0.462157
AATCGAGGTCTCAAGG-1,0.000039,0.385625,0.614336
AATCGCCTCAGCGCCA-1,0.137224,0.478548,0.384228
AATCGCGCAGAGGACT-1,0.043947,0.373884,0.582169
AATCGGGACACTACGA-1,0.770605,0.117316,0.112079
AATCGGTATAGCCCTC-1,0.000015,0.089693,0.910292
AATCGTGAGCCGAGCA-1,0.000011,0.006871,0.993118
AATCTAGGTTTACTTG-1,0.000028,0.154632,0.84534
AATCTATGCCGGAGCC-1,0.207923,0.219564,0.572512
AATCTCTACTGTGGTT-1,0.011938,0.126691,0.861371
AATCTGCGTTGGGACG-1,0.360201,0.245037,0.394762
AATCTGGCTTTCTAGT-1,0.000013,0.286072,0.713914
AATCTGGGTAGACCCT-1,0.448929,0.000041,0.55103
AATGACAGCAATGTCT-1,0.009411,0.355518,0.635071
AATGACGTAGGATGTC-1,0.018765,0.278932,0.702303
AATGACTGTCAGCCGG-1,0.109706,0.014046,0.876248
AATGAGTTCGCATATG-1,0.032888,0.029165,0.937947
AATGATGATACGCTAT-1,0.603764,0.012798,0.383438
AATGATGCGACTCCTG-1,0.473329,0.18249,0.344181
AATGCAACCGGGTACC-1,0.503886,0.086003,0.410111
AATGCACCAAGCAATG-1,0.72919,0.216337,0.054473
AATGGCCGCCAATGCG-1,0.000008,0.000008,0.999984
AATGGTCCACCGTTCA-1,0.000044,0.490565,0.50939
AATGGTTCTCACAAGC-1,0.025496,0.000037,0.974467
AATGTTAAGACCCTGA-1,0.000015,0.069555,0.93043
AATGTTGTCGTGAGAC-1,0.000009,0.008971,0.99102
AATTAAAGGTCGGCGT-1,0.000011,0.000011,0.999977
AATTAACGGATTTCCA-1,0.010496,0.191075,0.798429
AATTACGAGACCCATC-1,0.645566,0.058002,0.296432
AATTACTCGTACGCTC-1,0.059271,0.328348,0.612381
AATTAGCGCTGCAGCG-1,0.00004,0.204605,0.795355
AATTATACCCAGCAAG-1,0.008754,0.149782,0.841464
AATTCATAAGGGATCT-1,0.73349,0.219737,0.046772
AATTCATTGTCATGCA-1,0.54577,0.115962,0.338268
AATTCCAACTTGGTGA-1,0.438985,0.54028,0.020735
AATTCGATTCGAGGAT-1,0.000009,0.000009,0.999982
AATTCTAGAGTTAGGC-1,0.000019,0.01921,0.980771
AATTGAACGCTCTGGT-1,0.006656,0.13818,0.855165
AATTGCAGCAATCGAC-1,0.008022,0.000006,0.991972
AATTGTGGTTGCCAAA-1,0.00001,0.003903,0.996088
AATTTGGGACATAGTA-1,0.812793,0.103075,0.084132
AATTTGGTTCCAAAGA-1,0.999341,0.000073,0.000586
ACAAACCATGCGTCCT-1,0.533848,0.216971,0.249181
ACAAACCGACAAGGCG-1,0.999055,0.000105,0.00084
ACAAAGAAGGTAGGCC-1,0.167794,0.377857,0.454349
ACAAAGCATGACCTAG-1,0.001747,0.123521,0.874732
ACAAATCGCACCGAAT-1,0.012312,0.000799,0.986888
ACAAATGGTAGTGTTT-1,0.019207,0.218634,0.762159
ACAAATTCAGATCTGA-1,0.782897,0.043506,0.173597
ACAACAGCATGAGCTA-1,0.253153,0.603419,0.143428
ACAACGGTCCCTGCGA-1,0.026345,0.122392,0.851263
ACAAGCAGTGCCTAGC-1,0.000626,0.345282,0.654093
ACAAGCTATATGGAAG-1,0.791131,0.147043,0.061826
ACAAGGAAATCCGCCC-1,0.009551,0.1232,0.867249
ACAAGGACAAGAGGTT-1,0.019401,0.015365,0.965234
ACAAGGATGCTTTAGG-1,0.010382,0.000006,0.989612
ACAAGGCCTACCAGCC-1,0.302679,0.177435,0.519886
ACAAGGGCAGGCTCTG-1,0.00735,0.108411,0.884239
ACAATAGTCGTACGTT-1,0.008794,0.191681,0.799525
ACAATCCATTTAAACC-1,0.00003,0.179402,0.820569
ACAATCGATCTTTATA-1,0.952456,0.000139,0.047404
ACAATGATTCTTCTAC-1,0.166483,0.219828,0.61369
ACAATTGTGTCTCTTT-1,0.007417,0.128052,0.864531
ACAATTTAGGAGGCTC-1,0.019585,0.777158,0.203257
ACAATTTGAGCAGTGG-1,0.620659,0.17507,0.204271
ACAATTTGGCCATATT-1,0.079556,0.069841,0.850604
ACACAAAGACGGGTGG-1,0.280976,0.354253,0.364771
ACACAAATATTCCTAG-1,0.077267,0.016691,0.906042
ACACACCAGGACCAGT-1,0.000015,0.021704,0.97828
ACACACTTTCTACACG-1,0.985312,0.014009,0.00068
ACACATTGACGCAACA-1,0.02051,0.000032,0.979459
ACACATTTCCGTAGAC-1,0.000018,0.069766,0.930216
ACACCACATAATTAGC-1,0.097891,0.247164,0.654946
ACACCCAGCATGCAGC-1,0.124763,0.343066,0.53217
ACACCCGAGAAATCCG-1,0.016013,0.014233,0.969754
ACACCCGTAAATCTGT-1,0.154798,0.084436,0.760766
ACACCGAGCGCTCTTT-1,0.000289,0.183039,0.816672
ACACCGGTCTGACCGC-1,0.874511,0.028756,0.096734
ACACCTTAAGTAGGGC-1,0.043886,0.122848,0.833266
ACACCTTACTACTTGC-1,0.092947,0.238983,0.66807
ACACGAGACTCCTTCT-1,0.230983,0.215272,0.553745
ACACGGCACTATGCAT-1,0.976059,0.000083,0.023859
ACACGGGAACTTAGGG-1,0.748562,0.032565,0.218873
ACACGTAGGCCACAAG-1,0.000012,0.01623,0.983758
ACACTCCAATGTCACT-1,0.037382,0.333793,0.628825
ACACTGATCAAGGTGT-1,0.052628,0.021562,0.925809
ACACTGGGACAGTCGT-1,0.014257,0.060181,0.925562
ACAGAACTGAGAACAA-1,0.000011,0.00898,0.99101
ACAGATTAGGTTAGTG-1,0.478137,0.000089,0.521774
ACAGCATAGAGCCAGT-1,0.999452,0.000061,0.000487
ACAGCGACATTCTCAT-1,0.000005,0.000005,0.999991
ACAGCGCACCCGCAGC-1,0.701746,0.00007,0.298184
ACAGGAGGCGCAGCCG-1,0.883543,0.000077,0.11638
ACAGGCACGGATCCTT-1,0.000009,0.000217,0.999774
ACAGGCTTGCCCGACT-1,0.000013,0.000598,0.999389
ACAGGTGGAGGTGAGG-1,0.006799,0.015495,0.977705
ACAGGTGTGTTGTTGC-1,0.760236,0.216358,0.023407
ACAGTAATACAACTTG-1,0.00001,0.012228,0.987762
ACAGTATACCGTGGGA-1,0.064972,0.133709,0.801319
ACAGTGCAGCGCATTT-1,0.03999,0.001765,0.958245
ACATAAGTCGTGGTGA-1,0.381106,0.490822,0.128072
ACATAATAAGGCGGTG-1,0.718885,0.025531,0.255583
ACATACAATCAAGCGG-1,0.000011,0.039107,0.960882
ACATCAGCTGGGACGC-1,0.021548,0.306113,0.672339
ACATCCTGGTAACTGT-1,0.088603,0.347775,0.563622
ACATCGATCGTTTACC-1,0.01907,0.218106,0.762823
ACATCGGTCAGCCGCG-1,0.012539,0.337896,0.649564
ACATCGTATGCAATGG-1,0.001339,0.136371,0.862291
ACATCGTTAACCTAGT-1,0.99945,0.000061,0.000489
ACATCTCAACGCGTAA-1,0.999539,0.000051,0.00041
ACATGGCGCCAAAGTA-1,0.089771,0.533923,0.376306
ACATGGCTCAATTTAG-1,0.000034,0.000034,0.999933
ACATTAGTTTATATCC-1,0.029245,0.221771,0.748985
ACATTTGAAACCTAAC-1,0.000005,0.089556,0.910439
ACCAAACACCCAGCGA-1,0.287973,0.322532,0.389495
ACCAAACTAGAAATCC-1,0.970015,0.000139,0.029846
ACCAACACCACACACT-1,0.223033,0.000014,0.776953
ACCAACCGCACTCCAC-1,0.000009,0.097267,0.902724
ACCAAGAACGCGTGTC-1,0.801312,0.000025,0.198663
ACCAAGTCATCGGCAG-1,0.000009,0.134265,0.865726
ACCAATATGCAAGTTA-1,0.000012,0.105078,0.89491
ACCACAACTCAGAACA-1,0.999241,0.000084,0.000675
ACCACAAGTTTCTATC-1,0.042184,0.262797,0.695018
ACCACACGGTTGATGG-1,0.000024,0.136851,0.863124
ACCACCAATGTAACAA-1,0.069952,0.208288,0.72176
ACCACCCTCTCTTCTA-1,0.07792,0.19565,0.726429
ACCACGTGCAGCTATA-1,0.001439,0.161568,0.836993
ACCACTGTTCAAGAAG-1,0.018916,0.174206,0.806878
ACCAGACCATAACAAC-1,0.081257,0.4576,0.461144
ACCAGCCCGGTCTTTG-1,0.99917,0.000092,0.000738
ACCAGGAGTGTGATCT-1,0.999077,0.000103,0.000821
ACCAGTGCCCGGTCAA-1,0.479932,0.00004,0.520028
ACCAGTGCGGGAGACG-1,0.000022,0.041085,0.958893
ACCATATCCGCAATAA-1,0.023907,0.240064,0.736029
ACCATCCGCCAACTAG-1,0.000027,0.070849,0.929124
ACCATCGTATATGGTA-1,0.033465,0.555101,0.411435
ACCATTAAGGGTGTCA-1,0.087835,0.394331,0.517834
ACCCAACGCCCGTGGC-1,0.654227,0.258916,0.086857
ACCCACCTACATGCTC-1,0.006205,0.117571,0.876224
ACCCATCTTGAGGGTA-1,0.034903,0.48233,0.482766
ACCCATTTGTCCCTCT-1,0.000005,0.000005,0.99999
ACCCGGAAACTCCCAG-1,0.044403,0.014736,0.940861
ACCCGGAGCACCACAA-1,0.00835,0.027198,0.964453
ACCCGGATGACGCATC-1,0.039477,0.253553,0.70697
ACCCGGTTACACTTCC-1,0.019761,0.116827,0.863413
ACCCGTAGTCTAGTTG-1,0.021272,0.022362,0.956365
ACCCTATAGGACTGAG-1,0.055513,0.168972,0.775514
ACCCTCCCGTCAGGGC-1,0.00001,0.007629,0.992361
ACCCTCCCTTGCTATT-1,0.012933,0.053029,0.934038
ACCCTGGTAACGCCCT-1,0.069137,0.024869,0.905994
ACCCTTCATCTGCGAA-1,0.999489,0.000057,0.000454
ACCCTTGCCTGGGTCG-1,0.015729,0.021564,0.962707
ACCCTTTAGTTCTCCA-1,0.845532,0.102781,0.051687
ACCGAAAGGGCCCTGC-1,0.987246,0.012346,0.000407
ACCGAAGAGTCTGGTT-1,0.120873,0.362009,0.517118
ACCGACACATCTCCCA-1,0.000019,0.228875,0.771106
ACCGACTGAGTCCCAC-1,0.439935,0.46568,0.094384
ACCGAGTCTCCTTATT-1,0.002409,0.031926,0.965665
ACCGATAGGCATAACC-1,0.016618,0.034693,0.948689
ACCGATATTTAATCAT-1,0.012133,0.077457,0.91041
ACCGATGGTAGCATCG-1,0.480718,0.243274,0.276008
ACCGCAATAACTGCCT-1,0.000011,0.008474,0.991515
ACCGCGGTGGAAGTCG-1,0.002337,0.059464,0.938199
ACCGGGCCTTTGTTGA-1,0.1052,0.327302,0.567499
ACCGGTCTGAGTACGG-1,0.766003,0.197621,0.036376
ACCGTTCCCGCTCTGA-1,0.999031,0.000108,0.000861
ACCTAAGTACCTTTCA-1,0.038171,0.407225,0.554604
ACCTAATCGACTTCCT-1,0.037285,0.484796,0.477919
ACCTACAGTATGTGGT-1,0.212709,0.023248,0.764043
ACCTCCGCCCTCGCTG-1,0.007803,0.018158,0.974039
ACCTCCGTTATTCACC-1,0.364919,0.178686,0.456395
ACCTCGAACTTATGCT-1,0.568706,0.099487,0.331807
ACCTGCGTGTCATGTT-1,0.000021,0.020197,0.979782
ACCTTTCCTTTAGAAG-1,0.975127,0.000162,0.024711
ACGAAATGGGCGGCAC-1,0.011046,0.245541,0.743413
ACGACCCATGAGTTGC-1,0.006071,0.171497,0.822433
ACGACTCTAGGGCCGA-1,0.000008,0.000008,0.999985
ACGAGAACCCATCACG-1,0.693599,0.00003,0.306371
ACGAGATATTTGCTTA-1,0.854778,0.062004,0.083218
ACGAGGATACCACTCT-1,0.00066,0.124527,0.874813
ACGAGTACGGATGCCC-1,0.613646,0.236557,0.149798
ACGAGTCGCCGGCGTT-1,0.457972,0.353617,0.188411
ACGATACATAGAACTA-1,0.844097,0.076212,0.079692
ACGATACCTATCCTGA-1,0.310128,0.606952,0.08292
ACGATCATACATAGAG-1,0.838548,0.0014,0.160052
ACGATCATCTTGTAAA-1,0.364166,0.504427,0.131407
ACGATGCATATGTTAT-1,0.041461,0.015226,0.943313
ACGATGGATCCGATGC-1,0.999331,0.000074,0.000595
ACGCAATCACTACAGC-1,0.094362,0.002016,0.903622
ACGCATAAATGACATG-1,0.402306,0.018418,0.579276
ACGCATACGTTTACTA-1,0.015007,0.131579,0.853414
ACGCATTCGTGAGTAC-1,0.052463,0.221305,0.726232
ACGCCACTCGAAACAG-1,0.000013,0.097029,0.902958
ACGCCAGATGATTTCT-1,0.995886,0.000039,0.004075
ACGCCAGTGCGTTTGC-1,0.000012,0.000972,0.999016
ACGCCCAGCTGTCGAT-1,0.999316,0.000076,0.000608
ACGCCGCTAGACGACC-1,0.001728,0.099411,0.898861
ACGCCTGACACGCGCT-1,0.972772,0.000057,0.027171
ACGCGAAGTCAGACGA-1,0.024184,0.000009,0.975807
ACGCGCTACACAGGGT-1,0.0068,0.313848,0.679351
ACGCGGGCCAAGGACA-1,0.039967,0.305966,0.654067
ACGCGTTTCTTAAGAG-1,0.017633,0.675102,0.307265
ACGCTAGTATCAGTGC-1,0.021855,0.000008,0.978136
ACGCTAGTGATACACT-1,0.597132,0.314827,0.088042
ACGCTGTGAGGCGTAG-1,0.00004,0.292442,0.707518
ACGCTTAGTGTCTCTC-1,0.993271,0.000096,0.006633
ACGGAACACGAGTGCC-1,0.009087,0.003883,0.987031
ACGGAATTTAGCAAAT-1,0.108013,0.000041,0.891947
ACGGACTCTCAAAGCG-1,0.000015,0.108698,0.891287
ACGGAGCGCAAATTAC-1,0.807005,0.071619,0.121375
ACGGATGGTGCGGATA-1,0.000019,0.162529,0.837451
ACGGCACTTGCTTGGG-1,0.007721,0.263397,0.728881
ACGGCGACGATGGGAA-1,0.017944,0.34322,0.638836
ACGGCGGGTTGCCCTG-1,0.781789,0.130499,0.087713
ACGGCTGGATGTAGAA-1,0.504793,0.475352,0.019854
ACGGGAGTGTCGGCCC-1,0.000012,0.022349,0.977639
ACGGGCGTATGCGACA-1,0.133242,0.403425,0.463334
ACGGGTCATGTGACTT-1,0.217933,0.724431,0.057637
ACGGTACAGTTCAATG-1,0.002035,0.121383,0.876582
ACGTACAGATTTCTCT-1,0.909696,0.064935,0.025369
ACGTAGATTGCTGATG-1,0.082024,0.078969,0.839007
ACGTAGGAGAGTCGCT-1,0.000015,0.116389,0.883596
ACGTATTACTCCGATC-1,0.000022,0.000022,0.999955
ACGTCCTAAACGAGAT-1,0.963685,0.000105,0.03621
ACGTCTCGTTCCGGGA-1,0.005001,0.895455,0.099544
ACGTGACAAAGTAAGT-1,0.495828,0.34209,0.162082
ACGTGCGCCTCGTGCA-1,0.822189,0.17707,0.00074
ACGTGGTCGAATGTGC-1,0.99833,0.000186,0.001485
ACGTTAATGTCGAAGA-1,0.000024,0.414442,0.585534
ACGTTAGATTTGCCCG-1,0.000035,0.479161,0.520804
ACGTTATTGGTCACTC-1,0.000061,0.185943,0.813996
ACGTTCCGCGCTCCGT-1,0.869573,0.129109,0.001318
ACGTTCGCAATCAATT-1,0.46629,0.251462,0.282248
ACGTTCTGTACAAGTC-1,0.004704,0.000276,0.99502
ACGTTTAGTTGTGATC-1,0.999327,0.000075,0.000599
ACTAAGGACGCACACC-1,0.057305,0.025925,0.91677
ACTAATACGTCAGGCG-1,0.90479,0.000045,0.095164
ACTACCAGCTCTCTGG-1,0.005053,0.021702,0.973245
ACTAGTTGCGATCGTC-1,0.000021,0.000479,0.9995
ACTATATGCTGTGTTC-1,0.488275,0.216948,0.294777
ACTATCCAGGGCATGG-1,0.164284,0.332484,0.503232
ACTATCGCCGGCTAAA-1,0.285553,0.337192,0.377255
ACTATCTGCCCGCGTA-1,0.238538,0.193774,0.567687
ACTATTCGTCCGTGGT-1,0.708266,0.29086,0.000874
ACTCAACGAATGTATT-1,0.873471,0.004485,0.122044
ACTCAAGTGCAAGGCT-1,0.000008,0.000008,0.999984
ACTCAATAAAGGCACG-1,0.748986,0.052706,0.198308
ACTCAGACCTGCTTCT-1,0.715219,0.115683,0.169098
ACTCCCATTCCTAAAG-1,0.000013,0.110752,0.889235
ACTCCCGAATTCGTTT-1,0.203062,0.228358,0.56858
ACTCCCGTAGACTAGG-1,0.028171,0.058443,0.913386
ACTCCCTAATGCTAAA-1,0.000006,0.000006,0.999988
ACTCCCTAGAATAGTA-1,0.133051,0.466543,0.400406
ACTCCGGCCGACCACT-1,0.00001,0.003039,0.996951
ACTCGATGTATTTCAT-1,0.170113,0.548978,0.28091
ACTCGCCGTTCGATAA-1,0.000015,0.178101,0.821884
ACTCGCGATCTGACGC-1,0.012741,0.187367,0.799892
ACTCGTAACCCGTCCT-1,0.009451,0.068372,0.922177
ACTCGTCAGTAATCCC-1,0.163965,0.386624,0.449411
ACTCTAAACCTGGGAT-1,0.155751,0.623327,0.220922
ACTCTCTGACTTAGGT-1,0.002629,0.101921,0.89545
ACTCTCTTATACACGA-1,0.947795,0.011758,0.040446
ACTCTGACCTAATAGA-1,0.008335,0.004217,0.987448
ACTCTTCAGCTCCCGC-1,0.100769,0.073626,0.825606
ACTGAAACGCCGTTAG-1,0.003274,0.143649,0.853077
ACTGAATGGCGAAAGT-1,0.000028,0.382285,0.617687
ACTGATTTAGTGATTC-1,0.546184,0.000055,0.453761
ACTGCCGTCGTAACTC-1,0.925104,0.000092,0.074805
ACTGCGGACACACCGT-1,0.235204,0.255615,0.509182
ACTGGCGAACCTGCGT-1,0.013864,0.004026,0.98211
ACTGTACGATACACAT-1,0.300526,0.000035,0.699439
ACTGTAGCACTTTGGA-1,0.011214,0.097496,0.891291
ACTGTATACGCGAGCA-1,0.283524,0.000072,0.716404
ACTGTCCAGGATTATA-1,0.00004,0.188741,0.811219
ACTGTCTTCTTTAGAA-1,0.418033,0.336485,0.245482
ACTGTGCTAGTAGATC-1,0.190532,0.000082,0.809386
ACTGTTTAGTGTAGGC-1,0.998893,0.000123,0.000984
ACTTACCGGGCGCGCA-1,0.862444,0.112962,0.024595
ACTTACGCATCCACGC-1,0.020762,0.039261,0.939977
ACTTAGTACGACAAGA-1,0.075543,0.051547,0.87291
ACTTATACTTACCCGG-1,0.123059,0.311285,0.565656
ACTTATCTGATCTATA-1,0.980388,0.000207,0.019405
ACTTATTAGGATCGGT-1,0.002744,0.073295,0.923961
ACTTATTTATGTGCCA-1,0.000015,0.093374,0.906611
ACTTCAGGCTGATCCC-1,0.001977,0.018067,0.979956
ACTTCCAGTGGAAGCT-1,0.73801,0.058597,0.203394
ACTTCCATGCGGGACA-1,0.00002,0.107064,0.892917
ACTTCCTGTCGTGCGA-1,0.013213,0.000018,0.98677
ACTTCGCCATACGCAC-1,0.817075,0.012771,0.170154
ACTTCGCTAGCGAGTG-1,0.015418,0.087573,0.897009
ACTTGACTCCCTCTTT-1,0.033287,0.114897,0.851817
ACTTGCCATATTGTAC-1,0.955869,0.000156,0.043975
ACTTGGGACCCGGTGG-1,0.031387,0.287983,0.68063
ACTTGGGCTTTCGCCA-1,0.000056,0.43786,0.562084
ACTTGTAGTCCCTTCA-1,0.000044,0.43846,0.561496
ACTTGTGGATGGAACG-1,0.013512,0.000667,0.985821
ACTTTACCCTCATGAA-1,0.699758,0.178596,0.121647
ACTTTCCTATAGCTTC-1,0.369468,0.470966,0.159566
ACTTTGACTGCATCCT-1,0.000035,0.266939,0.733026
ACTTTGGTCGTGCTCC-1,0.33017,0.474056,0.195775
ACTTTGTCGACGCACT-1,0.000014,0.045091,0.954895
AGAAATTATGACTCGC-1,0.040392,0.030783,0.928824
AGAACCCAGCGTGACA-1,0.219039,0.006706,0.774255
AGAACCCTCAATTGGG-1,0.518833,0.304483,0.176684
AGAACGTGGTACATTC-1,0.465431,0.426918,0.107651
AGAACTGTACTTTGTA-1,0.000012,0.070009,0.92998
AGAAGAGCGCCGTTCC-1,0.204876,0.538398,0.256727
AGAAGGTACACTTCAC-1,0.04245,0.625135,0.332416
AGAAGGTTGCCGAATT-1,0.011576,0.353906,0.634518
AGAAGGTTGTAGGTCG-1,0.000013,0.073717,0.92627
AGAAGTGATTCGTGAT-1,0.000009,0.001145,0.998846
AGAATAAATCTTCAGG-1,0.00002,0.246991,0.752988
AGAATACAGGCTATCC-1,0.030786,0.048181,0.921033
AGAATGCGGGTTCGGA-1,0.425849,0.006405,0.567746
AGAATTATGGATTCGA-1,0.432502,0.013046,0.554452
AGAATTGTTTGACATA-1,0.00003,0.00003,0.999939
AGACAGCTCAGAATCC-1,0.000026,0.055304,0.94467
AGACAGGCATCTCAGC-1,0.038798,0.000639,0.960563
AGACATAGATCCTTCC-1,0.949906,0.000062,0.050032
AGACCAAACCACACCT-1,0.115628,0.298327,0.586045
AGACCATGGGATACAA-1,0.058213,0.075014,0.866774
AGACCCACCGCTGATC-1,0.000034,0.288691,0.711275
AGACCCGCCCTCCTCG-1,0.536988,0.122264,0.340748
AGACCGCTCCGCGGTT-1,0.06392,0.000783,0.935297
AGACCGGGAAACCCTG-1,0.000013,0.058623,0.941364
AGACGAAGTGCCGGTC-1,0.000014,0.006439,0.993548
AGACGACGATGCCGCT-1,0.000007,0.05527,0.944722
AGACGCCCACTTCGCC-1,0.000016,0.165157,0.834827
AGACGGGATTGGTATA-1,0.911792,0.000162,0.088046
AGACGGGCCGATTTAA-1,0.614557,0.202205,0.183238
AGACTAGCCTTCCAGA-1,0.015598,0.07989,0.904511
AGAGAACCGTCTAGGA-1,0.456402,0.063297,0.480301
AGAGATCTCTAAAGCG-1,0.005192,0.090136,0.904672
AGAGCAGTTATGAGAC-1,0.000043,0.412219,0.587739
AGAGCCGCCGAGATTT-1,0.011326,0.052434,0.93624
AGAGCGCTTGTAACGG-1,0.030131,0.319222,0.650647
AGAGCGGGCTAATCAT-1,0.881902,0.023841,0.094257
AGAGCGTACAAGCTCG-1,0.015313,0.144905,0.839782
AGAGCTACGAAAGCAT-1,0.042606,0.006236,0.951158
AGAGGCTTCGGAAACC-1,0.000035,0.328001,0.671964
AGAGGGACAATTGTCC-1,0.039324,0.036638,0.924038
AGAGGTATCTCGGTCC-1,0.998796,0.000134,0.00107
AGAGTAAACTTCACTA-1,0.00074,0.300458,0.698802
AGAGTATAGTGTTACG-1,0.225786,0.305869,0.468345
AGAGTGAACAGACACC-1,0.000649,0.01234,0.987012
AGAGTTAGAGACCGAT-1,0.772488,0.000093,0.227419
AGAGTTGCAGGCCTCC-1,0.027678,0.018923,0.953399
AGATAACTTCAGGGCC-1,0.043253,0.002887,0.95386
AGATACCAATAGAACC-1,0.000005,0.00006,0.999934
AGATACCAGCACTTCA-1,0.073203,0.000013,0.926784
AGATACCGGTGTTCAC-1,0.013366,0.385858,0.600776
AGATACGACTTCATAT-1,0.070124,0.248243,0.681633
AGATACTCAAGATCGA-1,0.000017,0.087659,0.912325
AGATATAATACGACTA-1,0.026791,0.015534,0.957675
AGATCGTGCATAAGAT-1,0.877293,0.012783,0.109924
AGATCTCAGGTGTGAT-1,0.609931,0.080072,0.309997
AGATGACTCGCCCACG-1,0.535689,0.114345,0.349966
AGATGAGGGTTGCGAT-1,0.710387,0.166682,0.122931
AGATGATGGAGTCTGG-1,0.459849,0.145849,0.394302
AGATGCATCCTGTGTC-1,0.124144,0.413741,0.462115
AGATGCTATAACGAGC-1,0.068515,0.317075,0.61441
AGATTATAGGACGTTT-1,0.048063,0.285748,0.666189
AGATTCAAGCGGGTCG-1,0.027953,0.00002,0.972028
AGATTCACAACCGATA-1,0.129338,0.654019,0.216644
AGCAAAGGCCGCTAGT-1,0.000012,0.008004,0.991983
AGCAACATATCTTATT-1,0.003696,0.001032,0.995272
AGCACCAGTACTCACG-1,0.36307,0.000037,0.636893
AGCACTACCGGCCTGT-1,0.008843,0.524429,0.466728
AGCACTACCTCACCAG-1,0.050234,0.002756,0.947011
AGCACTTAAGGACGCC-1,0.12497,0.147527,0.727503
AGCAGAAGGAGAAAGA-1,0.000005,0.000005,0.99999
AGCAGTCGAAGCATGC-1,0.000014,0.108649,0.891338
AGCATATCAATATGCT-1,0.030422,0.084425,0.885154
AGCATCATTTCGAAAG-1,0.00059,0.262027,0.737383
AGCATCGTCGATAATT-1,0.06196,0.000029,0.938011
AGCATTACGAGGCAAG-1,0.000012,0.010826,0.989162
AGCCACAGGTTACCCG-1,0.00001,0.000285,0.999705
AGCCACTCCCGTGCTT-1,0.653203,0.151432,0.195365
AGCCATATAGTATGTG-1,0.000007,0.081905,0.918087
AGCCCATACATGTAAG-1,0.000033,0.315812,0.684155
AGCCCGCACTACAATG-1,0.00001,0.027314,0.972676
AGCCCTAAGCGAAGTT-1,0.99957,0.000048,0.000382
AGCCCTGTCGCACCGT-1,0.223842,0.290667,0.485491
AGCCCTTCTAATCCGA-1,0.612768,0.166678,0.220554
AGCCCTTGGACATCCC-1,0.000009,0.000009,0.999982
AGCCGCAAATTCAAAT-1,0.147233,0.298607,0.55416
AGCCGCTTGATTAGCG-1,0.106868,0.584245,0.308887
AGCCGTGGCTAAATGT-1,0.000168,0.395757,0.604074
AGCCTAATACCCACGT-1,0.00487,0.288533,0.706597
AGCCTTAAAGCGGAAG-1,0.000035,0.415678,0.584287
AGCGACAGGAACGGTC-1,0.019697,0.025032,0.955272
AGCGACATCCCATTCA-1,0.987266,0.000045,0.012689
AGCGACCAACGATATT-1,0.21251,0.000028,0.787462
AGCGATGCGCCTAATA-1,0.00816,0.072011,0.919828
AGCGCGGGTGCCAATG-1,0.689256,0.252085,0.05866
AGCGCTAGAGCGATGT-1,0.026214,0.124112,0.849674
AGCGCTTATGGGCAAG-1,0.754252,0.000059,0.24569
AGCGGACACTTCGTAG-1,0.000024,0.189427,0.810549
AGCGGCGGTTAGCGGT-1,0.000033,0.983765,0.016203
AGCGGGAAGGGTCCAT-1,0.473758,0.299199,0.227043
AGCGGGTCTGACACTC-1,0.000008,0.107208,0.892784
AGCGGTTGAGATGTAC-1,0.999283,0.00008,0.000638
AGCGGTTGCCGCTCTG-1,0.135993,0.000015,0.863992
AGCGTACGAGAGCTAG-1,0.045767,0.000026,0.954208
AGCGTAGCGCTAGACC-1,0.93237,0.033513,0.034117
AGCGTCTGAACCCGCA-1,0.999279,0.00008,0.000641
AGCGTGGTATTCTACT-1,0.057546,0.301138,0.641316
AGCGTTCCGATTTAAA-1,0.954556,0.00006,0.045384
AGCTAAGTACGCAGGC-1,0.000011,0.071942,0.928047
AGCTAGAAGCAGAAGT-1,0.796355,0.022281,0.181365
AGCTATTTAATCCAAC-1,0.516941,0.104284,0.378775
AGCTCCATATATGTTC-1,0.042064,0.055262,0.902674
AGCTCCTTCGCACATC-1,0.017079,0.437033,0.545888
AGCTCGTTGATGGAAA-1,0.044577,0.24225,0.713173
AGCTCTAGACGTTCCA-1,0.041023,0.456495,0.502482
AGCTCTTCCCAGTGCA-1,0.960542,0.000038,0.03942
AGCTCTTCGTAACCTT-1,0.144892,0.523374,0.331734
AGCTCTTTACTCAGTT-1,0.178398,0.067068,0.754534
AGCTGAAGTAAACCAA-1,0.681954,0.09512,0.222926
AGCTGCATTTGAGGTG-1,0.055974,0.000025,0.944001
AGCTGCTGTGCCGAAT-1,0.082744,0.005505,0.911751
AGCTTATAGAGACCTG-1,0.876898,0.000068,0.123034
AGCTTCAATACTTTGA-1,0.907551,0.000203,0.092246
AGCTTCTTCTCGAGCA-1,0.000009,0.059254,0.940737
AGCTTGATCTTAACTT-1,0.000035,0.157821,0.842145
AGGAAAGCCTCTGATG-1,0.327018,0.156738,0.516244
AGGAACGAACGACTTC-1,0.077645,0.045989,0.876366
AGGAAGCTGTCCGCCG-1,0.001714,0.099196,0.89909
AGGACAGTCGAATCCC-1,0.018847,0.172317,0.808836
AGGACATCGCACGTCG-1,0.210352,0.395088,0.394559
AGGACATCGGCACACT-1,0.000007,0.01191,0.988084
AGGACGACCCATTAGA-1,0.021335,0.160498,0.818167
AGGACGCTCGATGTTG-1,0.681662,0.317954,0.000384
AGGACTTATAGGAGAA-1,0.06424,0.339712,0.596048
AGGAGACATCCACAGT-1,0.058166,0.23377,0.708064
AGGAGAGTCTGGCTAC-1,0.026888,0.086813,0.886298
AGGAGGCCTTCGCGCG-1,0.000016,0.001613,0.998371
AGGATAAAGTCGGGAT-1,0.000008,0.017381,0.982611
AGGATATAGGGATTTA-1,0.018818,0.005683,0.975499
AGGATATCCGACTGCA-1,0.000013,0.022652,0.977335
AGGATCACGCGATCTG-1,0.000028,0.435829,0.564143
AGGATTGCTTACGACA-1,0.079191,0.333423,0.587386
AGGCAAAGAGGAATCA-1,0.999175,0.000092,0.000733
AGGCAATACGGAGGAC-1,0.903769,0.000085,0.096146
AGGCACGTGACTGTCC-1,0.002234,0.086256,0.91151
AGGCATTGTCGTAGGG-1,0.00847,0.58907,0.40246
AGGCCACATTGGTTAC-1,0.008909,0.224027,0.767065
AGGCCACCCGTTATGA-1,0.010541,0.071657,0.917802
AGGCCCAGTGACTGGT-1,0.124395,0.058193,0.817412
AGGCCCATTGTACAGG-1,0.631442,0.351257,0.017301
AGGCCCTAGAACGCCA-1,0.00003,0.254605,0.745364
AGGCCTGAGAATCTCG-1,0.000013,0.252629,0.747358
AGGCGATAACTGGCGT-1,0.008778,0.215785,0.775437
AGGCGTCTATGGACGG-1,0.008585,0.000017,0.991397
AGGCTATGGTTAGCTT-1,0.110317,0.420339,0.469344
AGGCTTAAGTTGCACA-1,0.000058,0.754682,0.24526
AGGCTTCCCGAAGAAG-1,0.000007,0.006299,0.993694
AGGCTTGCTAGACACC-1,0.000064,0.190765,0.809171
AGGGAAACGAGGTACT-1,0.701277,0.27537,0.023353
AGGGACAGCACGGCGG-1,0.999321,0.000075,0.000604
AGGGACCGGCTGCGTT-1,0.44486,0.33943,0.21571
AGGGAGACATACTTCG-1,0.316928,0.056637,0.626435
AGGGCAGCGGCGTGGT-1,0.864705,0.134203,0.001092
AGGGCCCTAATGTTCT-1,0.000467,0.197714,0.801819
AGGGCGAGCAGCTGAT-1,0.000032,0.195964,0.804004
AGGGCGTGATCGGCTA-1,0.348023,0.057075,0.594902
AGGGCTGCAGTTACAG-1,0.036566,0.365311,0.598123
AGGGTCAGTAACCCTA-1,0.220336,0.270934,0.50873
AGGGTCGATGCGAACT-1,0.297515,0.582311,0.120173
AGGGTCTGGACGCAGT-1,0.000008,0.001445,0.998547
AGGGTGCTCTCGAGGG-1,0.500198,0.164176,0.335625
AGGGTGGATAGTGCAT-1,0.000029,0.611392,0.388579
AGGGTGTGCTACACGC-1,0.187076,0.001752,0.811172
AGGGTTCCCTTTGGTT-1,0.846112,0.091554,0.062334
AGGGTTTAGTTCGGGA-1,0.004696,0.481806,0.513498
AGGTAACCTCCTATTC-1,0.353184,0.156231,0.490585
AGGTACGATATTGCCA-1,0.986536,0.000086,0.013378
AGGTAGGTACAAAGCT-1,0.000049,0.442051,0.5579
AGGTATAATTGATAGT-1,0.057338,0.006532,0.936129
AGGTATGCGGACATTA-1,0.038866,0.143166,0.817967
AGGTCAGGTGAGAGTG-1,0.000027,0.04045,0.959523
AGGTCGCCACTTCGGT-1,0.829765,0.041316,0.128919
AGGTCGCCTCCCAACA-1,0.009678,0.263856,0.726466
AGGTCGCGGAGTTACT-1,0.53169,0.222472,0.245838
AGGTGCACGTCCACAT-1,0.000005,0.001091,0.998904
AGGTGTATCGCCATGA-1,0.000034,0.477706,0.52226
AGGTGTTGCCGACCAC-1,0.000005,0.000005,0.999989
AGGTTACACCATGCCG-1,0.150435,0.155718,0.693847
AGGTTGAGGCACGCTT-1,0.641972,0.000043,0.357985
AGGTTTCACACACCTT-1,0.117619,0.269102,0.61328
AGTAACGTTCATCCTG-1,0.956011,0.000076,0.043913
AGTAACTATAGCAGCC-1,0.000012,0.141889,0.858099
AGTAATCTAAGGGTGG-1,0.000008,0.018759,0.981232
AGTAATGTCTTGCCGC-1,0.821142,0.024472,0.154386
AGTACAGAAGCTTATA-1,0.000008,0.000008,0.999985
AGTACATCATTTATCA-1,0.305661,0.443518,0.250821
AGTACCTTCGAGTGCT-1,0.427953,0.060452,0.511596
AGTACGGCCCGTATCG-1,0.000043,0.467649,0.532308
AGTACGGGCACCTGGC-1,0.827285,0.013467,0.159248
AGTACGTGGCCTGTCT-1,0.965671,0.000101,0.034228
AGTACTCTTATGCCCA-1,0.00001,0.0459,0.95409
AGTAGCGTGAACGAAC-1,0.999,0.000111,0.000889
AGTAGCTAGACGCCGA-1,0.56282,0.353638,0.083542
AGTAGGAAGGAAGTTG-1,0.855882,0.073725,0.070393
AGTAGGTAACATACAT-1,0.766116,0.073915,0.159969
AGTATAATACTAGGCA-1,0.000043,0.284693,0.715263
AGTATCCATAATAACG-1,0.800961,0.114144,0.084895
AGTCAACACCACCATC-1,0.172479,0.101238,0.726284
AGTCAAGATGACACTT-1,0.002465,0.262172,0.735363
AGTCACTAGCTCTCGA-1,0.000007,0.005039,0.994954
AGTCACTCCGCCTCAT-1,0.912788,0.000141,0.087071
AGTCAGCCACCGCCTG-1,0.000041,0.000041,0.999918
AGTCCAGCGGGTACGT-1,0.567183,0.345316,0.087501
AGTCCATTGGCTGATG-1,0.069522,0.177126,0.753352
AGTCCCGCCTTTAATT-1,0.847944,0.140538,0.011518
AGTCCCTCGCAGAAAG-1,0.015942,0.044181,0.939876
AGTCGACGGTCTCAAG-1,0.274269,0.50921,0.216521
AGTCGGCCCAAACGAC-1,0.00002,0.001174,0.998806
AGTCGGCTCAACTTTA-1,0.000013,0.01405,0.985938
AGTCGGTTGCGTGAGA-1,0.116363,0.268486,0.615151
AGTCGTATAAAGCAGA-1,0.000008,0.026139,0.973853
AGTCGTCGACCACCAA-1,0.039437,0.105287,0.855277
AGTCGTGGGCATTACG-1,0.000009,0.012365,0.987626
AGTCTAAAGTATACTC-1,0.422032,0.409192,0.168777
AGTCTGGACATCCTTG-1,0.000016,0.000016,0.999969
AGTCTTCTCCTCAAAT-1,0.562582,0.228796,0.208622
AGTCTTTAAAGTGTCC-1,0.000006,0.012544,0.98745
AGTGAACAAACTTCTC-1,0.011805,0.126432,0.861763
AGTGAAGATGGTGTCC-1,0.024023,0.192966,0.783011
AGTGACCTACTTTACG-1,0.036276,0.426544,0.537179
AGTGAGACTTCCAGTA-1,0.179438,0.331188,0.489374
AGTGAGCCTCGCCGCC-1,0.519163,0.251647,0.22919
AGTGAGGGTTTCTGAC-1,0.596251,0.014132,0.389617
AGTGAGTCGAATTAAC-1,0.002141,0.084331,0.913527
AGTGATAACCTGCGCG-1,0.000125,0.064934,0.934941
AGTGATATGAGTAGTT-1,0.007915,0.013508,0.978577
AGTGATTCAAGCAGGA-1,0.266519,0.087178,0.646303
AGTGCACGCTTAAGAA-1,0.142508,0.064648,0.792844
AGTGCGTAGCTCGTAA-1,0.003895,0.538945,0.45716
AGTGCTAAACACAGCA-1,0.000012,0.003173,0.996815
AGTGCTTGCACGAATA-1,0.02497,0.280805,0.694225
AGTGGCCCGCAAATGG-1,0.000013,0.047279,0.952707
AGTGGCGGCAATTTGA-1,0.907367,0.000047,0.092585
AGTGGCGTCTGAAGGT-1,0.000007,0.002323,0.997671
AGTGGCTCCGTCGGCC-1,0.000018,0.034253,0.965729
AGTGGGAGTATACACG-1,0.519699,0.047755,0.432546
AGTGGTGTTACCCGTG-1,0.007809,0.892315,0.099876
AGTGGTTGCGTATAGG-1,0.000023,0.45954,0.540437
AGTGTATTGCGCATTG-1,0.729915,0.235243,0.034842
AGTGTGCTAAGATCGC-1,0.038788,0.741765,0.219447
AGTGTGGTCTATTGTG-1,0.000032,0.000032,0.999936
AGTTAAACACTTGCGA-1,0.004806,0.435682,0.559511
AGTTAAGCGGTCCCGG-1,0.832244,0.058328,0.109428
AGTTAAGTCAACCGCT-1,0.000042,0.248853,0.751105
AGTTACCCTTAAGACT-1,0.000046,0.143262,0.856691
AGTTACCGCACATGGT-1,0.000052,0.157797,0.842151
AGTTACTCTATCGTGG-1,0.728861,0.155193,0.115946
AGTTATTGAAAGGTAA-1,0.970265,0.000118,0.029617
AGTTCACCGGTTGGAC-1,0.031417,0.508541,0.460042
AGTTCCTACAGAATTA-1,0.019826,0.329582,0.650592
AGTTCCTATTTATGTT-1,0.001483,0.005217,0.993299
AGTTCTGCGTTGTATC-1,0.084937,0.019551,0.895512
AGTTGACATCGGCTGG-1,0.078294,0.001557,0.920149
AGTTGACGGTCCTTGC-1,0.010422,0.111365,0.878213
AGTTGCTGACTGATAT-1,0.070224,0.483286,0.44649
AGTTGGCAAGGCTAGA-1,0.028381,0.218629,0.75299
AGTTTATGTAAAGACA-1,0.066415,0.483312,0.450273
AGTTTCGCAGGTCGGA-1,0.757068,0.241651,0.00128
AGTTTGCACCTGCCTC-1,0.025877,0.048032,0.926092
AGTTTGGCACGGGTTG-1,0.000011,0.000011,0.999977
AGTTTGGCCAGACCTA-1,0.000173,0.033184,0.966643
ATAAACCATTGGACGG-1,0.830402,0.168982,0.000617
ATAAACGGACCCGTAA-1,0.017203,0.254464,0.728332
ATAAACGTTGCACCAC-1,0.019734,0.05702,0.923246
ATAAAGGCTCGGTCGT-1,0.119765,0.139242,0.740993
ATAAAGGTCAAGTACG-1,0.919109,0.005561,0.07533
ATAAATATTAGCAGCT-1,0.008368,0.634495,0.357137
ATAACGCCGGAGGGTC-1,0.06635,0.478461,0.45519
ATAACGGAGTCCAACG-1,0.500911,0.000029,0.49906
ATAACGTTACCTCCAC-1,0.205317,0.130206,0.664476
ATAAGCAAACACCGAG-1,0.000827,0.005105,0.994068
ATAAGGTGGAGAACAT-1,0.000018,0.308437,0.691545
ATAAGTACCCGATTGT-1,0.137528,0.133105,0.729366
ATAAGTAGGATTCAGA-1,0.829971,0.009502,0.160527
ATAAGTAGGGCGACTC-1,0.297483,0.042115,0.660402
ATAAGTTACCGCGACG-1,0.00001,0.00001,0.999979
ATAATACCGTTAGCCG-1,0.092576,0.000035,0.907389
ATAATAGCTGTTGAAT-1,0.005498,0.118884,0.875618
ATAATAGTGTAGGGAC-1,0.018812,0.000059,0.981129
ATAATCTTGGAGAACC-1,0.009643,0.00012,0.990236
ATAATTAGCTAAGTAG-1,0.000015,0.299306,0.700679
ATACAGGCCCTCCAAT-1,0.000023,0.021478,0.978499
ATACCACGGGCAACTT-1,0.00003,0.572683,0.427287
ATACCAGCAAATTGCT-1,0.982119,0.000053,0.017828
ATACCAGGCTAATAGA-1,0.999513,0.000054,0.000433
ATACCAGGTGAGCGAT-1,0.998753,0.000139,0.001108
ATACCCTGGCTCAAAT-1,0.84856,0.085252,0.066188
ATACCGTCATCCATAA-1,0.069737,0.046597,0.883666
ATACCTAACCAAGAAA-1,0.000006,0.002273,0.997721
ATACGAAGGCTTTCCA-1,0.047843,0.253007,0.69915
ATACGACAGATGGGTA-1,0.068581,0.122881,0.808538
ATACGCCGATCTACCG-1,0.998423,0.000175,0.001401
ATACGCCGGCGAAACC-1,0.025645,0.561289,0.413067
ATACGGGTTTCGATTG-1,0.489343,0.042417,0.46824
ATACGGTGAAGATGCA-1,0.000036,0.471766,0.528197
ATACGTACTTAGCCAC-1,0.075068,0.062611,0.862321
ATACGTCCACTCCTGT-1,0.033709,0.133983,0.832308
ATACGTTATGCACGGA-1,0.000017,0.022372,0.977611
ATACTACCCGTACCAC-1,0.031369,0.248917,0.719714
ATACTAGCATGACCCT-1,0.630207,0.083493,0.2863
ATACTCTCGCCACTCT-1,0.231826,0.398327,0.369848
ATACTGCCTTACACCG-1,0.006724,0.040876,0.9524
ATACTTGTTCTCGAGC-1,0.000025,0.60154,0.398436
ATAGACAACGGGACCT-1,0.858733,0.000691,0.140576
ATAGACGAAGAGAAAG-1,0.042099,0.319923,0.637978
ATAGAGTACTGGGACA-1,0.113439,0.000024,0.886536
ATAGAGTTATCAACTT-1,0.755629,0.075557,0.168814
ATAGATTTGCAGTCGG-1,0.928198,0.000152,0.07165
ATAGCAACTAGGGAAG-1,0.000007,0.006508,0.993485
ATAGCCATAACAGTCA-1,0.000019,0.155312,0.844669
ATAGCCTCAGTACCCA-1,0.080892,0.032719,0.88639
ATAGCTGCTCTTGTTA-1,0.135852,0.474842,0.389306
ATAGGAATCTAAGCTT-1,0.632907,0.002721,0.364371
ATAGGCGGCTATAGAA-1,0.055907,0.283217,0.660876
ATAGGCTAGCTTCGCA-1,0.711523,0.066451,0.222026
ATAGGGATATCCTTGA-1,0.989432,0.000034,0.010534
ATAGGTTGGGCAGATG-1,0.241442,0.185215,0.573343
ATAGTCTTTGACGTGC-1,0.999092,0.000101,0.000807
ATAGTGAAGCGTTCTC-1,0.001452,0.15028,0.848268
ATAGTTCCACCCACTC-1,0.10185,0.105205,0.792945
ATATAAAGCGCTCGTG-1,0.00001,0.028654,0.971336
ATATAAATGTAGCTGC-1,0.018354,0.008893,0.972753
ATATAACACGGGCGCA-1,0.003235,0.004093,0.992671
ATATACATGTATGGTA-1,0.880602,0.002413,0.116985
ATATACGCTCGTGACG-1,0.000015,0.081715,0.918271
ATATAGAGTATTGGTC-1,0.836626,0.000029,0.163345
ATATCAACCTACAGAG-1,0.15682,0.488869,0.35431
ATATCAATTCCAGCCT-1,0.393806,0.483827,0.122366
ATATCGGTAGGGAGAT-1,0.116947,0.295676,0.587377
ATATCGTGCCAGACCC-1,0.858904,0.000091,0.141005
ATATCGTTCCTCGAAC-1,0.00001,0.025002,0.974988
ATATCTCCCTCGTTAA-1,0.97342,0.02054,0.00604
ATATCTTAGGGCCTTC-1,0.042903,0.432505,0.524592
ATATGTCTAGAGCGTG-1,0.000021,0.060123,0.939856
ATATGTCTCCCTAGCC-1,0.203618,0.313461,0.482921
ATATGTGCACAAACCA-1,0.00001,0.00001,0.99998
ATATTATCCCGTATTT-1,0.090044,0.256027,0.653929
