Barcode,Topic 1,Topic 2,Topic 3,Topic 4to5,Topic 6,Topic 7to8,Topic 9to10
AAACAACGAATAGTTC-1,0.937874,0.000135,0.000135,0.061179,0.000135,0.00027,0.00027
AAACAAGTATCTCCCA-1,0.000009,0.028932,0.181416,0.285594,0.000009,0.227077,0.276964
AAACAATCTACTAGCA-1,0.850186,0.133246,0.000118,0.000236,0.000118,0.01586,0.000236
AAACAGAGCGACTCCT-1,0.731466,0.093999,0.030876,0.000137,0.000069,0.143315,0.000137
AAACAGCTTTCAGAAG-1,0.000032,0.273543,0.536169,0.05035,0.000032,0.100259,0.039615
AAACAGGGTCTATATT-1,0.000009,0.050041,0.230695,0.0797,0.000009,0.168875,0.470671
AAACATTTCCCGGATT-1,0.012404,0.065496,0.055585,0.124454,0.000017,0.55369,0.188354
AAACCACTACACAGAT-1,0.06019,0.011718,0.002448,0.198301,0.000021,0.496378,0.230944
AAACCCGAACGAAATC-1,0.055241,0.069821,0.043159,0.097725,0.00001,0.259991,0.474052
AAACCGGAAATGTTAA-1,0.016154,0.107531,0.020804,0.385096,0.000626,0.449336,0.020454
AAACCGGGTAGGTACC-1,0.000028,0.327379,0.077712,0.007723,0.000028,0.534907,0.052223
AAACCGTTCGTCCAGG-1,0.080187,0.144895,0.13816,0.083864,0.002769,0.041518,0.508607
AAACCTAAGCAGCCGG-1,0.000007,0.02757,0.040853,0.065762,0.057793,0.241644,0.56637
AAACCTCATGAAGTTG-1,0.00003,0.324896,0.092752,0.006841,0.00003,0.575393,0.000059
AAACGAAGAACATACC-1,0.999614,0.000043,0.000043,0.000086,0.000043,0.000086,0.000086
AAACGAAGATGGAGTA-1,0.572415,0.227181,0.000046,0.041041,0.000046,0.159178,0.000092
AAACGACAGTCTTGCC-1,0.101955,0.000012,0.000012,0.284395,0.000012,0.07836,0.535253
AAACGAGACGGTTGAT-1,0.1989,0.267667,0.059019,0.272701,0.00003,0.102048,0.099636
AAACGCCCGAGATCGG-1,0.0966,0.000017,0.000017,0.775398,0.000017,0.000035,0.127915
AAACGCTGGGCACGAC-1,0.02345,0.073771,0.184629,0.128845,0.001627,0.412393,0.175283
AAACGGGCGTACGGGT-1,0.003783,0.094079,0.011825,0.00622,0.000633,0.539589,0.343871
AAACGGGTTGGTATCC-1,0.948306,0.050519,0.000147,0.000294,0.000147,0.000294,0.000294
AAACGTGTTCGCCCTA-1,0.065121,0.03882,0.060674,0.215329,0.00002,0.225162,0.394875
AAACTAACGTGGCGAC-1,0.232153,0.382823,0.054661,0.125345,0.000052,0.204864,0.000103
AAACTCGGTTCGCAAT-1,0.000013,0.150818,0.012673,0.000026,0.000558,0.692558,0.143353
AAACTCGTGATATAAG-1,0.263321,0.341248,0.054799,0.15793,0.000029,0.106729,0.075944
AAACTGCTGGCTCCAA-1,0.013906,0.203913,0.069772,0.076778,0.000015,0.492,0.143616
AAACTTAATTGCACGC-1,0.55773,0.258141,0.00003,0.076405,0.00003,0.047406,0.060258
AAACTTGCAAACGTAT-1,0.000009,0.021244,0.184028,0.101309,0.000009,0.074489,0.618912
AAAGAATGTGGACTAA-1,0.000009,0.144829,0.003153,0.013492,0.000009,0.687579,0.150929
AAAGACATGAAGTTTA-1,0.902504,0.000113,0.000113,0.077898,0.018921,0.000226,0.000226
AAAGACCCAAGTCGCG-1,0.976804,0.000042,0.000042,0.022899,0.000042,0.000085,0.000085
AAAGACTGGGCGCTTT-1,0.000037,0.561849,0.124215,0.000074,0.000037,0.313715,0.000074
AAAGCTTGCCTACATA-1,0.08687,0.226382,0.037099,0.121644,0.003363,0.482935,0.041708
AAAGGGATGTAGCAAG-1,0.589585,0.257072,0.143158,0.009716,0.000094,0.000187,0.000187
AAAGGGCAGCTTGAAT-1,0.000043,0.339525,0.216305,0.000085,0.000043,0.424046,0.019953
AAAGGTAAGCTGTACC-1,0.230363,0.252145,0.004097,0.360506,0.000045,0.04312,0.109724
AAAGGTCAACGACATG-1,0.188954,0.000017,0.001912,0.434393,0.000017,0.033381,0.341327
AAAGTAGCATTGCTCA-1,0.000019,0.048312,0.188173,0.217583,0.000019,0.046537,0.499357
AAAGTCACTGATGTAA-1,0.898628,0.041215,0.000063,0.000125,0.000063,0.059782,0.000125
AAAGTCGACCCTCAGT-1,0.000042,0.261846,0.064421,0.000084,0.000042,0.673482,0.000084
AAAGTGCCATCAATTA-1,0.017327,0.171948,0.046103,0.090083,0.000016,0.575631,0.098892
AAAGTGTGATTTATCT-1,0.012188,0.210812,0.022639,0.292965,0.000023,0.453207,0.008165
AAAGTTGACTCCCGTA-1,0.028356,0.076231,0.221761,0.304398,0.000017,0.267518,0.101719
AAATAACCATACGGGA-1,0.837573,0.158312,0.00007,0.00014,0.00007,0.003694,0.00014
AAATAAGGTAGTGCCC-1,0.148603,0.539773,0.000039,0.063933,0.000039,0.247536,0.000077
AAATACCTATAAGCAT-1,0.000011,0.01862,0.146433,0.250442,0.000011,0.184416,0.400066
AAATAGCTTAGACTTT-1,0.250884,0.321153,0.00004,0.169869,0.00004,0.247787,0.010228
AAATAGGGTGCTATTG-1,0.018814,0.05664,0.191141,0.088834,0.001394,0.201781,0.441397
AAATCACTCCTAAACG-1,0.000018,0.001683,0.003571,0.318843,0.000018,0.294131,0.381737
AAATCCGATACACGCC-1,0.000016,0.177669,0.012744,0.000031,0.005052,0.76674,0.037748
AAATCGCGGAAGGAGT-1,0.723931,0.068903,0.000038,0.000076,0.000038,0.206938,0.000076
AAATCGTGTACCACAA-1,0.001942,0.310707,0.039398,0.000067,0.000034,0.598699,0.049153
AAATCTAGCCCTGCTA-1,0.000011,0.041035,0.05926,0.541429,0.000011,0.237599,0.120655
AAATGATTCGATCAGC-1,0.111377,0.131894,0.089366,0.415125,0.000023,0.066047,0.186167
AAATGCTCGTTACGTT-1,0.002744,0.165814,0.642425,0.071313,0.000059,0.114256,0.003389
AAATGGCATGTCTTGT-1,0.887218,0.088417,0.000066,0.023967,0.000066,0.000133,0.000133
AAATGGCCCGTGCCCT-1,0.000014,0.200497,0.164937,0.056242,0.004986,0.410865,0.162458
AAATGGTCAATGTGCC-1,0.000018,0.144093,0.17456,0.301786,0.000018,0.01003,0.369495
AAATGTATCTTATCCC-1,0.271987,0.231468,0.019779,0.444805,0.031446,0.000258,0.000258
AAATGTGGGTGCTCCT-1,0.999099,0.0001,0.0001,0.0002,0.0001,0.0002,0.0002
AAATTAACGGGTAGCT-1,0.096343,0.514268,0.000055,0.278823,0.000055,0.057832,0.052623
AAATTAATAAGCGCGA-1,0.061762,0.472525,0.214838,0.250668,0.000041,0.000083,0.000083
AAATTACACGACTCTG-1,0.921828,0.007607,0.005852,0.064585,0.000026,0.000051,0.000051
AAATTACCTATCGATG-1,0.41887,0.000016,0.005044,0.417971,0.000016,0.000901,0.157183
AAATTCCAGGTCCAAA-1,0.270658,0.233794,0.002735,0.124905,0.000026,0.34768,0.020201
AAATTGCGGCGGTTCT-1,0.179452,0.054193,0.103768,0.62313,0.000071,0.039242,0.000143
AAATTGGTGAGAAGCA-1,0.01334,0.000009,0.006458,0.240758,0.000009,0.008977,0.730449
AAATTTACCGAAATCC-1,0.780925,0.000041,0.000041,0.194497,0.000041,0.000082,0.024372
AAATTTGCGGGTGTGG-1,0.015747,0.033347,0.038761,0.032465,0.058582,0.194973,0.626125
AACAACTGGTAGTTGC-1,0.053904,0.030676,0.147968,0.236981,0.00536,0.404744,0.120366
AACAATTACTCTACGC-1,0.000036,0.659865,0.192233,0.00209,0.000036,0.135704,0.010036
AACACACGCTCGCCGC-1,0.000009,0.002721,0.133545,0.132703,0.000009,0.09895,0.632063
AACACGACTGTACTGA-1,0.963756,0.000085,0.000085,0.000169,0.000085,0.035651,0.000169
AACACGAGACGCGGCC-1,0.01234,0.173779,0.257783,0.00504,0.000024,0.466763,0.08427
AACACGCGGCCGCGAA-1,0.818553,0.105601,0.013875,0.061768,0.000041,0.000081,0.000081
AACAGGAAATCGAATA-1,0.958125,0.008989,0.000057,0.000114,0.000057,0.032545,0.000114
AACAGGATGGGCCGCG-1,0.00072,0.357754,0.157916,0.452709,0.000043,0.03077,0.000086
AACAGGTAGTATGGAT-1,0.031536,0.326048,0.026596,0.264835,0.000021,0.296985,0.053979
AACATAGCGTGTATCG-1,0.000596,0.164111,0.080119,0.044685,0.000007,0.162658,0.547824
AACATATCAACTGGTG-1,0.636674,0.286924,0.031733,0.031937,0.00003,0.000522,0.01218
AACATCGATACGTCTA-1,0.196438,0.226055,0.032668,0.258912,0.000049,0.275701,0.010177
AACATTGGTCAGCCGT-1,0.719145,0.2798,0.000132,0.000264,0.000132,0.000264,0.000264
AACCAAGACTTCTCTG-1,0.006503,0.298867,0.078999,0.14461,0.000034,0.469853,0.001133
AACCAGTATCACTCTT-1,0.952478,0.000045,0.000045,0.043579,0.003674,0.00009,0.00009
AACCATGGGATCGCTA-1,0.012774,0.000055,0.618722,0.159093,0.000055,0.209193,0.000109
AACCCAGAGACGGAGA-1,0.153684,0.000031,0.160733,0.685208,0.000031,0.000061,0.000253
AACCCGAGCAGAATCG-1,0.001828,0.000006,0.000006,0.049762,0.235049,0.065749,0.647601
AACCCGATAGGGCTTC-1,0.067891,0.049074,0.031421,0.081797,0.00002,0.669378,0.100419
AACCCTACTGTCAATA-1,0.140605,0.406399,0.077225,0.034143,0.000051,0.341477,0.000102
AACCCTGGTGGAACCA-1,0.999342,0.000073,0.000073,0.000146,0.000073,0.000146,0.000146
AACCGAGCTTGGTCAT-1,0.839306,0.000054,0.000397,0.159974,0.000054,0.000108,0.000108
AACCGCTAAGGGATGC-1,0.000011,0.012056,0.250811,0.21756,0.005092,0.067294,0.447176
AACCGTTGTGTTTGCT-1,0.931555,0.036213,0.000083,0.000165,0.002801,0.029018,0.000165
AACCTAAAGCCGTCCG-1,0.976083,0.022588,0.000166,0.000332,0.000166,0.000332,0.000332
AACCTCGCTTTAGCCC-1,0.00001,0.003338,0.010657,0.051295,0.00001,0.505762,0.428928
AACCTGTCACGGAATT-1,0.029198,0.000018,0.000018,0.308362,0.000018,0.309173,0.353211
AACCTTTAAATACGGT-1,0.000031,0.270976,0.140586,0.000063,0.006138,0.569559,0.012648
AACCTTTACGACGTCT-1,0.806082,0.000042,0.000042,0.064432,0.002589,0.076238,0.050575
AACGAAAGTCGTCCCA-1,0.343587,0.507349,0.000039,0.010465,0.000039,0.133142,0.00538
AACGACCTCCTAGCCG-1,0.000011,0.077493,0.000505,0.094549,0.000011,0.713918,0.113512
AACGATAATGCCGTAG-1,0.000017,0.134704,0.156342,0.087628,0.001064,0.273012,0.347234
AACGATAGAAGGGCCG-1,0.702457,0.217316,0.079795,0.000123,0.000062,0.000123,0.000123
AACGATATGTCAACTG-1,0.901274,0.000044,0.042535,0.055925,0.000044,0.000088,0.000088
AACGCATGATCTGGGT-1,0.567489,0.000039,0.000901,0.214174,0.000039,0.059577,0.157781
AACGCGAACGGCAACA-1,0.126487,0.075463,0.278761,0.518996,0.000059,0.000117,0.000117
AACGCGGTCTCCAGCC-1,0.293064,0.000017,0.000017,0.550051,0.000017,0.000034,0.156801
AACGCTGTTGCTGAAA-1,0.019959,0.005239,0.078533,0.092695,0.000009,0.127992,0.675572
AACGGACGTACGTATA-1,0.015408,0.002517,0.030608,0.073425,0.000007,0.10157,0.776464
AACGGCCATCTCCGGT-1,0.087092,0.290637,0.092133,0.091824,0.006449,0.097225,0.33464
AACGTACTGTGGGTAC-1,0.044712,0.009902,0.038921,0.248623,0.000009,0.049005,0.608828
AACGTAGTCTACCCAT-1,0.913174,0.000201,0.000201,0.08542,0.000201,0.000402,0.000402
AACGTCAGACTAGTGG-1,0.00004,0.18294,0.344316,0.241838,0.00004,0.129827,0.100998
AACGTCGCTGCACTTC-1,0.000011,0.107286,0.000011,0.000022,0.001881,0.8859,0.004888
AACGTGATGAAGGACA-1,0.998816,0.000034,0.000034,0.000068,0.000914,0.000068,0.000068
AACGTGCGAAAGTCTC-1,0.058919,0.38995,0.017901,0.306658,0.001899,0.157612,0.06706
AACGTTATCAGCACCT-1,0.000034,0.002968,0.503997,0.124473,0.000034,0.235024,0.133469
AACTACCCGTTTGTCA-1,0.059211,0.140728,0.000891,0.534498,0.000023,0.244928,0.01972
AACTAGCGTATCGCAC-1,0.99944,0.000062,0.000062,0.000124,0.000062,0.000124,0.000124
AACTAGGCTTGGGTGT-1,0.000015,0.097816,0.020887,0.000031,0.000015,0.823661,0.057575
AACTCAAGTTAATTGC-1,0.024538,0.372275,0.054704,0.270038,0.037915,0.21743,0.023101
AACTCCAGAGCGTGTT-1,0.000008,0.000677,0.050466,0.045322,0.000008,0.183104,0.720414
AACTCCTAATCCCATG-1,0.922498,0.000045,0.000045,0.00009,0.000045,0.077187,0.00009
AACTCGATAAACACGT-1,0.707071,0.224236,0.02128,0.033277,0.000096,0.013849,0.000192
AACTCGATGGCGCAGT-1,0.066314,0.000061,0.520123,0.402315,0.000061,0.011003,0.000123
AACTCTCAATAGAGCG-1,0.361247,0.028057,0.16884,0.312604,0.052044,0.00171,0.075498
AACTGAGGTCAGCGTC-1,0.075565,0.000033,0.032645,0.574897,0.002156,0.150297,0.164407
AACTGAGTTATACTGA-1,0.067951,0.164247,0.000019,0.084391,0.004664,0.603458,0.07527
AACTGATATTAGGCCT-1,0.882336,0.042982,0.000114,0.000227,0.000114,0.074001,0.000227
AACTGGGTCCCGACGT-1,0.835803,0.140747,0.000132,0.000105,0.000053,0.023054,0.000105
AACTGGGTTCGAGCCG-1,0.999092,0.000101,0.000101,0.000202,0.000101,0.000202,0.000202
AACTGGTGTGGGCCTT-1,0.92963,0.024658,0.000104,0.000208,0.000104,0.045087,0.000208
AACTTCTGCGTCTATC-1,0.000017,0.000017,0.077433,0.402106,0.000017,0.000034,0.520376
AACTTGCCCGTATGCA-1,0.006984,0.072489,0.379538,0.081673,0.004382,0.381453,0.07348
AACTTGCGTTCTCGCG-1,0.000058,0.000058,0.370902,0.628694,0.000058,0.000116,0.000116
AACTTTACGGGAGCTT-1,0.000047,0.801357,0.16167,0.000094,0.000047,0.036691,0.000094
AACTTTAGCTGCTGAG-1,0.999451,0.000061,0.000061,0.000122,0.000061,0.000122,0.000122
AACTTTCTCGATCATG-1,0.000013,0.006657,0.017153,0.142318,0.000013,0.068835,0.765012
AAGAAATCACCAGATT-1,0.013748,0.012465,0.000853,0.16685,0.150493,0.401929,0.253662
AAGAAGGATCAGTTAG-1,0.000023,0.000023,0.358761,0.602389,0.000023,0.000046,0.038736
AAGACATACGTGGTTT-1,0.018988,0.001372,0.000006,0.000024,0.0006,0.462116,0.516894
AAGACCAAATAACTCA-1,0.366971,0.178999,0.052744,0.177312,0.000018,0.034115,0.189841
AAGACTAACCCGTTGT-1,0.95043,0.000056,0.025286,0.000112,0.000056,0.023947,0.000112
AAGACTCACGCCCACT-1,0.999139,0.000096,0.000096,0.000191,0.000096,0.000191,0.000191
AAGACTGCAAGCTACT-1,0.096693,0.307647,0.022147,0.174927,0.00005,0.228937,0.1696
AAGAGATGAATCGGTA-1,0.012265,0.293009,0.317631,0.156037,0.036899,0.173371,0.010789
AAGAGCTCTTTATCGG-1,0.255327,0.238256,0.065853,0.277308,0.000033,0.003173,0.160049
AAGAGGATGTACGCGA-1,0.011436,0.657447,0.052992,0.000064,0.000032,0.183957,0.094072
AAGAGGCATGGATCGC-1,0.145694,0.463331,0.060805,0.071652,0.00005,0.251039,0.007429
AAGAGGCCCTTTGGAA-1,0.000018,0.394394,0.066437,0.116252,0.000018,0.239904,0.182978
AAGATTGGCGGAACGT-1,0.827938,0.093009,0.000033,0.000066,0.000033,0.078856,0.000066
AAGCACCCTGCGTATC-1,0.000016,0.104189,0.031946,0.007872,0.000016,0.494155,0.361806
AAGCATACTCTCCTGA-1,0.011901,0.028167,0.183807,0.147315,0.000019,0.368558,0.260234
AAGCCGAAGCGGTTTA-1,0.040958,0.127584,0.216227,0.254216,0.000022,0.262629,0.098364
AAGCCGCTTTACCTTG-1,0.001128,0.000026,0.000491,0.034108,0.000026,0.78627,0.177951
AAGCCGGAGAGCAGGA-1,0.000021,0.086636,0.021325,0.085636,0.027683,0.75071,0.027989
AAGCGCAGGGCTTTGA-1,0.000007,0.019002,0.040161,0.053651,0.000007,0.209558,0.677614
AAGCGGAGTGCGCGCA-1,0.110896,0.064124,0.011252,0.154885,0.000015,0.33542,0.323407
AAGCGGCGTCATGGGT-1,0.859824,0.040304,0.000053,0.000107,0.000053,0.099551,0.000107
AAGCTAGATCGAGTAA-1,0.000013,0.123318,0.154793,0.195763,0.036469,0.051097,0.438546
AAGCTCGTGCCAAGTC-1,0.07718,0.400663,0.040234,0.091873,0.000047,0.34026,0.049743
AAGCTCTTTCATGGTG-1,0.00002,0.121311,0.086313,0.00004,0.00002,0.759396,0.032902
AAGGAGAACTTATAAG-1,0.973339,0.02576,0.000113,0.000225,0.000113,0.000225,0.000225
AAGGAGCGGTTGGTGC-1,0.000031,0.031156,0.034728,0.414107,0.013964,0.236177,0.269837
AAGGATCGATCGCTTG-1,0.437754,0.131213,0.085739,0.027516,0.00004,0.280147,0.037591
AAGGATGAGGGACCTC-1,0.439738,0.228311,0.089606,0.079942,0.006495,0.006729,0.149178
AAGGCAGGCTGTCTCC-1,0.021123,0.175951,0.009917,0.076123,0.00002,0.483413,0.233455
AAGGCGCGTAAAGCTT-1,0.000023,0.000023,0.21278,0.35768,0.003398,0.006532,0.419565
AAGGCTGTGCTCATCG-1,0.000011,0.000011,0.0775,0.386219,0.000011,0.000022,0.536228
AAGGGACAGATTCTGT-1,0.700375,0.211979,0.000169,0.054633,0.003589,0.000094,0.029162
AAGGGTTTGATTTCAG-1,0.800354,0.000038,0.000038,0.000076,0.001212,0.198132,0.00015
AAGGTATCCTAATATA-1,0.737203,0.135208,0.000589,0.069768,0.000079,0.056995,0.000157
AAGGTGATAAACCAGC-1,0.023939,0.648785,0.086919,0.047277,0.000023,0.124176,0.068881
AAGTAAGCTTCCAAAC-1,0.942806,0.000101,0.000101,0.056486,0.000101,0.000202,0.000202
AAGTAGTGACGCGAGG-1,0.005467,0.088849,0.262908,0.403397,0.000028,0.161803,0.077548
AAGTCAATTGTCGTCA-1,0.027438,0.345803,0.165516,0.126825,0.000022,0.187251,0.147145
AAGTCTAGTAGCTGCC-1,0.000021,0.050703,0.021307,0.253315,0.000114,0.4069,0.267639
AAGTCTTCTGTGGCCT-1,0.171794,0.277169,0.370241,0.1012,0.000056,0.078814,0.000727
AAGTGACGACCGAATT-1,0.044636,0.68034,0.003398,0.000061,0.00003,0.175451,0.096084
AAGTGCAAAGGTAGAC-1,0.000043,0.556368,0.089555,0.2501,0.000043,0.103805,0.000086
AAGTGCCTTGACTGTA-1,0.087855,0.621971,0.006116,0.000115,0.000057,0.283771,0.000115
AAGTGCGTTAGAATCT-1,0.000011,0.010304,0.07856,0.303054,0.000011,0.119802,0.488259
AAGTGTTTGGAGACGG-1,0.000016,0.280312,0.050092,0.014763,0.015882,0.214639,0.424295
AAGTTCACTCCAAGCT-1,0.00001,0.051822,0.04106,0.03773,0.00001,0.271684,0.597683
AAGTTCAGTCTGCGTA-1,0.46508,0.004785,0.107066,0.21323,0.00004,0.088055,0.121744
AAGTTCGGCCAACAGG-1,0.026207,0.263519,0.060354,0.057544,0.002455,0.455741,0.134181
AAGTTGTGATGTTATA-1,0.000023,0.023685,0.000023,0.000045,0.000023,0.976157,0.000045
AAGTTTACTAATGGCA-1,0.999404,0.000066,0.000066,0.000132,0.000066,0.000132,0.000132
AAGTTTATGGGCCCAA-1,0.000011,0.002002,0.007203,0.007106,0.000011,0.654425,0.329243
AATAACAACGCTCGGC-1,0.039088,0.605123,0.000029,0.002168,0.000029,0.300765,0.052798
AATAACACTAGAACAA-1,0.005115,0.101063,0.069806,0.100234,0.000017,0.582049,0.141716
AATAAGTCCTCGAGAC-1,0.747142,0.251746,0.000139,0.000278,0.000139,0.000278,0.000278
AATAATCTTCGTATCG-1,0.021858,0.327735,0.010267,0.042424,0.000624,0.506248,0.090844
AATACAATGTTTCAGG-1,0.000026,0.008605,0.354712,0.249339,0.010641,0.132257,0.24442
AATACCTGATGTGAAC-1,0.00001,0.002164,0.00097,0.001723,0.002383,0.491401,0.501348
AATAGAACAGAGTGGC-1,0.037053,0.008341,0.04329,0.022018,0.002484,0.09328,0.793533
AATAGAATCTGTTTCA-1,0.004165,0.127302,0.151593,0.030422,0.000024,0.55663,0.129864
AATAGCAAGCCTCCTG-1,0.1834,0.055632,0.048138,0.005203,0.00008,0.707385,0.000161
AATAGCTACCGCGTGC-1,0.276943,0.375293,0.012788,0.198814,0.000052,0.132999,0.00311
AATAGTCGCGAGTCGG-1,0.000042,0.293368,0.575952,0.000346,0.000042,0.130164,0.000085
AATATCAAGGTCGGAT-1,0.708763,0.00007,0.078456,0.212361,0.00007,0.00014,0.00014
AATATCCTAGCAAACT-1,0.701096,0.19111,0.000048,0.000097,0.004453,0.103099,0.000097
AATATCGAATCAATGC-1,0.015756,0.178456,0.218385,0.107231,0.000032,0.456824,0.023317
AATATCGAGGGTTCTC-1,0.601612,0.235376,0.000048,0.000097,0.000048,0.162723,0.000097
AATATTGGAGTATTGA-1,0.00629,0.467932,0.01132,0.135653,0.000046,0.378666,0.000092
AATCAGACTGCAGGAC-1,0.748765,0.173191,0.077277,0.000219,0.00011,0.000219,0.000219
AATCATGTAAAGACTC-1,0.003289,0.077472,0.1024,0.074885,0.000017,0.590273,0.151663
AATCCAAGGGCCTGAG-1,0.784771,0.214814,0.000052,0.000104,0.000052,0.000104,0.000104
AATCCATGCAAGGGTG-1,0.300204,0.237638,0.198681,0.263012,0.000093,0.000186,0.000186
AATCGAGGTCTCAAGG-1,0.000039,0.385625,0.002589,0.040125,0.000039,0.499521,0.072062
AATCGCCTCAGCGCCA-1,0.137224,0.478548,0.021211,0.27366,0.000031,0.067904,0.021421
AATCGCGCAGAGGACT-1,0.043947,0.373884,0.010871,0.259984,0.000025,0.225532,0.085757
AATCGGGACACTACGA-1,0.770605,0.117316,0.024718,0.086835,0.000105,0.000211,0.000211
AATCGGTATAGCCCTC-1,0.000015,0.089693,0.000015,0.00003,0.000015,0.892079,0.018154
AATCGTGAGCCGAGCA-1,0.000011,0.006871,0.027059,0.042372,0.000011,0.589672,0.334004
AATCTAGGTTTACTTG-1,0.000028,0.154632,0.226785,0.001732,0.003054,0.446823,0.166946
AATCTATGCCGGAGCC-1,0.207923,0.219564,0.018444,0.33265,0.000046,0.184302,0.037071
AATCTCTACTGTGGTT-1,0.011938,0.126691,0.189305,0.221305,0.000033,0.434556,0.016172
AATCTGCGTTGGGACG-1,0.360201,0.245037,0.028831,0.286,0.000026,0.000052,0.079852
AATCTGGCTTTCTAGT-1,0.000013,0.286072,0.418376,0.077065,0.000739,0.02358,0.194155
AATCTGGGTAGACCCT-1,0.448929,0.000041,0.000041,0.491315,0.000041,0.000081,0.059552
AATGACAGCAATGTCT-1,0.009411,0.355518,0.028684,0.024072,0.000427,0.2698,0.312088
AATGACGTAGGATGTC-1,0.018765,0.278932,0.014734,0.082243,0.000015,0.527189,0.078122
AATGACTGTCAGCCGG-1,0.109706,0.014046,0.168889,0.707067,0.000058,0.000117,0.000117
AATGAGTTCGCATATG-1,0.032888,0.029165,0.71174,0.036511,0.000065,0.054743,0.134887
AATGATGATACGCTAT-1,0.603764,0.012798,0.005508,0.08493,0.005043,0.227842,0.060114
AATGATGCGACTCCTG-1,0.473329,0.18249,0.034683,0.199295,0.026766,0.007156,0.076281
AATGCAACCGGGTACC-1,0.503886,0.086003,0.150243,0.247703,0.012017,0.000074,0.000074
AATGCACCAAGCAATG-1,0.72919,0.216337,0.037897,0.000091,0.000046,0.000091,0.016348
AATGGCCGCCAATGCG-1,0.000008,0.000008,0.003113,0.320296,0.000008,0.006016,0.670551
AATGGTCCACCGTTCA-1,0.000044,0.490565,0.041391,0.467778,0.000044,0.000089,0.000089
AATGGTTCTCACAAGC-1,0.025496,0.000037,0.401608,0.516182,0.005295,0.002201,0.049181
AATGTTAAGACCCTGA-1,0.000015,0.069555,0.124105,0.0608,0.000015,0.561199,0.184311
AATGTTGTCGTGAGAC-1,0.000009,0.008971,0.061166,0.144894,0.000885,0.099669,0.684406
AATTAAAGGTCGGCGT-1,0.000011,0.000011,0.002341,0.405749,0.000567,0.059287,0.532034
AATTAACGGATTTCCA-1,0.010496,0.191075,0.010213,0.000048,0.000024,0.75479,0.033354
AATTACGAGACCCATC-1,0.645566,0.058002,0.000046,0.000092,0.000046,0.2829,0.013347
AATTACTCGTACGCTC-1,0.059271,0.328348,0.449216,0.162671,0.000099,0.000197,0.000197
AATTAGCGCTGCAGCG-1,0.00004,0.204605,0.105305,0.000107,0.00004,0.593847,0.096055
AATTATACCCAGCAAG-1,0.008754,0.149782,0.052563,0.021607,0.000012,0.241413,0.525869
AATTCATAAGGGATCT-1,0.73349,0.219737,0.000072,0.000144,0.000072,0.046341,0.000144
AATTCATTGTCATGCA-1,0.54577,0.115962,0.000029,0.106515,0.003624,0.156226,0.071873
AATTCCAACTTGGTGA-1,0.438985,0.54028,0.000088,0.020206,0.000088,0.000176,0.000176
AATTCGATTCGAGGAT-1,0.000009,0.000009,0.00001,0.000096,0.000009,0.337686,0.662181
AATTCTAGAGTTAGGC-1,0.000019,0.01921,0.019622,0.193344,0.000353,0.509161,0.25829
AATTGAACGCTCTGGT-1,0.006656,0.13818,0.19455,0.14469,0.000026,0.463681,0.052218
AATTGCAGCAATCGAC-1,0.008022,0.000006,0.000006,0.003807,0.000006,0.321793,0.66636
AATTGTGGTTGCCAAA-1,0.00001,0.003903,0.003982,0.141095,0.00001,0.485578,0.365423
AATTTGGGACATAGTA-1,0.812793,0.103075,0.000065,0.000131,0.009229,0.074577,0.000131
AATTTGGTTCCAAAGA-1,0.999341,0.000073,0.000073,0.000146,0.000073,0.000146,0.000146
ACAAACCATGCGTCCT-1,0.533848,0.216971,0.000017,0.24908,0.000017,0.000034,0.000034
ACAAACCGACAAGGCG-1,0.999055,0.000105,0.000105,0.00021,0.000105,0.00021,0.00021
ACAAAGAAGGTAGGCC-1,0.167794,0.377857,0.186878,0.133335,0.000017,0.00227,0.131849
ACAAAGCATGACCTAG-1,0.001747,0.123521,0.054252,0.011428,0.000016,0.654029,0.155007
ACAAATCGCACCGAAT-1,0.012312,0.000799,0.493969,0.29456,0.000027,0.113551,0.084782
ACAAATGGTAGTGTTT-1,0.019207,0.218634,0.32476,0.108777,0.000017,0.015466,0.313139
ACAAATTCAGATCTGA-1,0.782897,0.043506,0.015169,0.058613,0.000051,0.08758,0.012184
ACAACAGCATGAGCTA-1,0.253153,0.603419,0.001745,0.049694,0.011393,0.080423,0.000173
ACAACGGTCCCTGCGA-1,0.026345,0.122392,0.392376,0.012041,0.000056,0.446679,0.000111
ACAAGCAGTGCCTAGC-1,0.000626,0.345282,0.298359,0.262385,0.000035,0.051591,0.041723
ACAAGCTATATGGAAG-1,0.791131,0.147043,0.013966,0.0091,0.000066,0.038562,0.000132
ACAAGGAAATCCGCCC-1,0.009551,0.1232,0.074812,0.538994,0.00001,0.151612,0.10182
ACAAGGACAAGAGGTT-1,0.019401,0.015365,0.237261,0.158815,0.00002,0.159156,0.409981
ACAAGGATGCTTTAGG-1,0.010382,0.000006,0.002002,0.018388,0.000006,0.070538,0.898678
ACAAGGCCTACCAGCC-1,0.302679,0.177435,0.014501,0.354624,0.000054,0.1506,0.000107
ACAAGGGCAGGCTCTG-1,0.00735,0.108411,0.049653,0.375333,0.000899,0.407473,0.050881
ACAATAGTCGTACGTT-1,0.008794,0.191681,0.336624,0.06432,0.000025,0.353464,0.045092
ACAATCCATTTAAACC-1,0.00003,0.179402,0.235486,0.026629,0.003178,0.402698,0.152578
ACAATCGATCTTTATA-1,0.952456,0.000139,0.046429,0.000279,0.000139,0.000279,0.000279
ACAATGATTCTTCTAC-1,0.166483,0.219828,0.003462,0.133761,0.000071,0.458712,0.017683
ACAATTGTGTCTCTTT-1,0.007417,0.128052,0.191865,0.081543,0.001263,0.466774,0.123086
ACAATTTAGGAGGCTC-1,0.019585,0.777158,0.046549,0.000104,0.000052,0.156448,0.000104
ACAATTTGAGCAGTGG-1,0.620659,0.17507,0.004202,0.110708,0.004553,0.05416,0.030648
ACAATTTGGCCATATT-1,0.079556,0.069841,0.000034,0.025229,0.000034,0.81723,0.008076
ACACAAAGACGGGTGG-1,0.280976,0.354253,0.092629,0.271855,0.000057,0.000115,0.000115
ACACAAATATTCCTAG-1,0.077267,0.016691,0.007117,0.169277,0.000014,0.423158,0.306477
ACACACCAGGACCAGT-1,0.000015,0.021704,0.124337,0.228014,0.004204,0.292603,0.329122
ACACACTTTCTACACG-1,0.985312,0.014009,0.000085,0.00017,0.000085,0.00017,0.00017
ACACATTGACGCAACA-1,0.02051,0.000032,0.084424,0.894876,0.000032,0.000064,0.000064
ACACATTTCCGTAGAC-1,0.000018,0.069766,0.057461,0.052183,0.000018,0.67967,0.140884
ACACCACATAATTAGC-1,0.097891,0.247164,0.004438,0.232743,0.00187,0.344738,0.071156
ACACCCAGCATGCAGC-1,0.124763,0.343066,0.145219,0.361983,0.000086,0.02471,0.000172
ACACCCGAGAAATCCG-1,0.016013,0.014233,0.357069,0.501471,0.000022,0.008628,0.102563
ACACCCGTAAATCTGT-1,0.154798,0.084436,0.193509,0.384262,0.000814,0.050498,0.131683
ACACCGAGCGCTCTTT-1,0.000289,0.183039,0.796506,0.019779,0.000077,0.000155,0.000155
ACACCGGTCTGACCGC-1,0.874511,0.028756,0.000019,0.054358,0.000019,0.037564,0.004773
ACACCTTAAGTAGGGC-1,0.043886,0.122848,0.4265,0.138888,0.00006,0.186888,0.08093
ACACCTTACTACTTGC-1,0.092947,0.238983,0.026914,0.192124,0.000028,0.29238,0.156624
ACACGAGACTCCTTCT-1,0.230983,0.215272,0.151327,0.401803,0.000123,0.000246,0.000246
ACACGGCACTATGCAT-1,0.976059,0.000083,0.000083,0.01742,0.000083,0.006107,0.000165
ACACGGGAACTTAGGG-1,0.748562,0.032565,0.041074,0.0543,0.011262,0.112129,0.000108
ACACGTAGGCCACAAG-1,0.000012,0.01623,0.016244,0.307162,0.000012,0.202007,0.458334
ACACTCCAATGTCACT-1,0.037382,0.333793,0.45665,0.001662,0.00008,0.170274,0.000159
ACACTGATCAAGGTGT-1,0.052628,0.021562,0.325588,0.069917,0.006678,0.083269,0.440356
ACACTGGGACAGTCGT-1,0.014257,0.060181,0.27088,0.156391,0.007706,0.108639,0.381946
ACAGAACTGAGAACAA-1,0.000011,0.00898,0.126551,0.039969,0.001151,0.124395,0.698944
ACAGATTAGGTTAGTG-1,0.478137,0.000089,0.035144,0.15789,0.328384,0.000178,0.000178
ACAGCATAGAGCCAGT-1,0.999452,0.000061,0.000061,0.000122,0.000061,0.000122,0.000122
ACAGCGACATTCTCAT-1,0.000005,0.000005,0.002516,0.158303,0.000005,0.008082,0.831086
ACAGCGCACCCGCAGC-1,0.701746,0.00007,0.002918,0.294914,0.00007,0.00014,0.00014
ACAGGAGGCGCAGCCG-1,0.883543,0.000077,0.000077,0.115918,0.000077,0.000154,0.000154
ACAGGCACGGATCCTT-1,0.000009,0.000217,0.001473,0.000017,0.000009,0.641665,0.356609
ACAGGCTTGCCCGACT-1,0.000013,0.000598,0.169367,0.082249,0.000013,0.224783,0.522976
ACAGGTGGAGGTGAGG-1,0.006799,0.015495,0.007778,0.013542,0.000007,0.13914,0.817239
ACAGGTGTGTTGTTGC-1,0.760236,0.216358,0.000036,0.000073,0.000036,0.023189,0.000073
ACAGTAATACAACTTG-1,0.00001,0.012228,0.192975,0.125276,0.00001,0.131564,0.537937
ACAGTATACCGTGGGA-1,0.064972,0.133709,0.085807,0.217233,0.000031,0.393842,0.104406
ACAGTGCAGCGCATTT-1,0.03999,0.001765,0.03193,0.228836,0.000029,0.327941,0.369509
ACATAAGTCGTGGTGA-1,0.381106,0.490822,0.000649,0.004234,0.000044,0.062606,0.06054
ACATAATAAGGCGGTG-1,0.718885,0.025531,0.223382,0.031902,0.00006,0.00012,0.00012
ACATACAATCAAGCGG-1,0.000011,0.039107,0.065617,0.005352,0.001066,0.284563,0.604285
ACATCAGCTGGGACGC-1,0.021548,0.306113,0.390629,0.004946,0.000052,0.266638,0.010073
ACATCCTGGTAACTGT-1,0.088603,0.347775,0.064205,0.056763,0.000039,0.427472,0.015142
ACATCGATCGTTTACC-1,0.01907,0.218106,0.036623,0.084291,0.007612,0.598682,0.035615
ACATCGGTCAGCCGCG-1,0.012539,0.337896,0.111562,0.339249,0.008753,0.123909,0.066091
ACATCGTATGCAATGG-1,0.001339,0.136371,0.264718,0.230262,0.00001,0.130389,0.236912
ACATCGTTAACCTAGT-1,0.99945,0.000061,0.000061,0.000122,0.000061,0.000122,0.000122
ACATCTCAACGCGTAA-1,0.999539,0.000051,0.000051,0.000102,0.000051,0.000102,0.000102
ACATGGCGCCAAAGTA-1,0.089771,0.533923,0.035075,0.086203,0.000039,0.195582,0.059408
ACATGGCTCAATTTAG-1,0.000034,0.000034,0.263866,0.672457,0.000034,0.000067,0.063509
ACATTAGTTTATATCC-1,0.029245,0.221771,0.234321,0.179683,0.000031,0.331444,0.003506
ACATTTGAAACCTAAC-1,0.000005,0.089556,0.016067,0.013824,0.000005,0.172023,0.70852
ACCAAACACCCAGCGA-1,0.287973,0.322532,0.012649,0.106785,0.000033,0.261828,0.008202
ACCAAACTAGAAATCC-1,0.970015,0.000139,0.000139,0.000278,0.000139,0.029012,0.000278
ACCAACACCACACACT-1,0.223033,0.000014,0.002133,0.552606,0.000014,0.000169,0.222031
ACCAACCGCACTCCAC-1,0.000009,0.097267,0.005919,0.00159,0.000009,0.673165,0.22204
ACCAAGAACGCGTGTC-1,0.801312,0.000025,0.046317,0.141139,0.000025,0.00005,0.011132
ACCAAGTCATCGGCAG-1,0.000009,0.134265,0.001134,0.000647,0.000009,0.653163,0.210773
ACCAATATGCAAGTTA-1,0.000012,0.105078,0.011141,0.013287,0.00381,0.724211,0.142461
ACCACAACTCAGAACA-1,0.999241,0.000084,0.000084,0.000169,0.000084,0.000169,0.000169
ACCACAAGTTTCTATC-1,0.042184,0.262797,0.019728,0.199678,0.000043,0.233061,0.242507
ACCACACGGTTGATGG-1,0.000024,0.136851,0.037874,0.000049,0.002772,0.79618,0.026249
ACCACCAATGTAACAA-1,0.069952,0.208288,0.010859,0.335737,0.000018,0.228495,0.146651
ACCACCCTCTCTTCTA-1,0.07792,0.19565,0.04363,0.139812,0.000036,0.490862,0.052089
ACCACGTGCAGCTATA-1,0.001439,0.161568,0.124433,0.215509,0.000014,0.201112,0.295925
ACCACTGTTCAAGAAG-1,0.018916,0.174206,0.438239,0.368451,0.000037,0.000075,0.000075
ACCAGACCATAACAAC-1,0.081257,0.4576,0.297231,0.083833,0.000031,0.044612,0.035436
ACCAGCCCGGTCTTTG-1,0.99917,0.000092,0.000092,0.000184,0.000092,0.000184,0.000184
ACCAGGAGTGTGATCT-1,0.999077,0.000103,0.000103,0.000205,0.000103,0.000205,0.000205
ACCAGTGCCCGGTCAA-1,0.479932,0.00004,0.005772,0.415404,0.00004,0.066444,0.032368
ACCAGTGCGGGAGACG-1,0.000022,0.041085,0.38624,0.185408,0.000548,0.198422,0.188275
ACCATATCCGCAATAA-1,0.023907,0.240064,0.007595,0.000086,0.000043,0.727053,0.001252
ACCATCCGCCAACTAG-1,0.000027,0.070849,0.408032,0.000364,0.000027,0.431836,0.088864
ACCATCGTATATGGTA-1,0.033465,0.555101,0.017416,0.116909,0.000055,0.274347,0.002709
ACCATTAAGGGTGTCA-1,0.087835,0.394331,0.224094,0.165827,0.00011,0.127583,0.000221
ACCCAACGCCCGTGGC-1,0.654227,0.258916,0.000022,0.043099,0.000022,0.001558,0.042156
ACCCACCTACATGCTC-1,0.006205,0.117571,0.339635,0.04917,0.000029,0.216447,0.270943
ACCCATCTTGAGGGTA-1,0.034903,0.48233,0.028859,0.000086,0.000043,0.453693,0.000086
ACCCATTTGTCCCTCT-1,0.000005,0.000005,0.000005,0.107366,0.000005,0.032081,0.860533
ACCCGGAAACTCCCAG-1,0.044403,0.014736,0.007042,0.032069,0.008496,0.505985,0.387269
ACCCGGAGCACCACAA-1,0.00835,0.027198,0.07064,0.244376,0.000011,0.249885,0.399541
ACCCGGATGACGCATC-1,0.039477,0.253553,0.031348,0.462584,0.004839,0.037318,0.170882
ACCCGGTTACACTTCC-1,0.019761,0.116827,0.17174,0.34057,0.000021,0.313306,0.037776
ACCCGTAGTCTAGTTG-1,0.021272,0.022362,0.002747,0.106993,0.012056,0.503841,0.330729
ACCCTATAGGACTGAG-1,0.055513,0.168972,0.456765,0.318501,0.00005,0.000099,0.000099
ACCCTCCCGTCAGGGC-1,0.00001,0.007629,0.00001,0.000019,0.000901,0.950395,0.041036
ACCCTCCCTTGCTATT-1,0.012933,0.053029,0.269597,0.045268,0.000038,0.598187,0.020949
ACCCTGGTAACGCCCT-1,0.069137,0.024869,0.005385,0.543392,0.000015,0.033942,0.32326
ACCCTTCATCTGCGAA-1,0.999489,0.000057,0.000057,0.000114,0.000057,0.000114,0.000114
ACCCTTGCCTGGGTCG-1,0.015729,0.021564,0.057861,0.411261,0.000009,0.280314,0.213261
ACCCTTTAGTTCTCCA-1,0.845532,0.102781,0.00013,0.050909,0.00013,0.000259,0.000259
ACCGAAAGGGCCCTGC-1,0.987246,0.012346,0.000051,0.000102,0.000051,0.000102,0.000102
ACCGAAGAGTCTGGTT-1,0.120873,0.362009,0.156812,0.078187,0.003836,0.028397,0.249886
ACCGACACATCTCCCA-1,0.000019,0.228875,0.028642,0.000158,0.000797,0.575401,0.16611
ACCGACTGAGTCCCAC-1,0.439935,0.46568,0.012223,0.081874,0.000058,0.000115,0.000115
ACCGAGTCTCCTTATT-1,0.002409,0.031926,0.025593,0.063446,0.000009,0.440599,0.436019
ACCGATAGGCATAACC-1,0.016618,0.034693,0.102961,0.032481,0.004447,0.330518,0.478283
ACCGATATTTAATCAT-1,0.012133,0.077457,0.028871,0.326929,0.000016,0.498987,0.055608
ACCGATGGTAGCATCG-1,0.480718,0.243274,0.000055,0.00011,0.004774,0.27096,0.00011
ACCGCAATAACTGCCT-1,0.000011,0.008474,0.172983,0.308455,0.000011,0.049328,0.460739
ACCGCGGTGGAAGTCG-1,0.002337,0.059464,0.069555,0.461222,0.000024,0.172325,0.235073
ACCGGGCCTTTGTTGA-1,0.1052,0.327302,0.122783,0.017163,0.000042,0.427426,0.000084
ACCGGTCTGAGTACGG-1,0.766003,0.197621,0.000094,0.000187,0.000094,0.035813,0.000187
ACCGTTCCCGCTCTGA-1,0.999031,0.000108,0.000108,0.000215,0.000108,0.000215,0.000215
ACCTAAGTACCTTTCA-1,0.038171,0.407225,0.003736,0.071204,0.00064,0.374408,0.104616
ACCTAATCGACTTCCT-1,0.037285,0.484796,0.121129,0.100298,0.000061,0.256311,0.000121
ACCTACAGTATGTGGT-1,0.212709,0.023248,0.005257,0.166701,0.007192,0.348714,0.236179
ACCTCCGCCCTCGCTG-1,0.007803,0.018158,0.004019,0.614514,0.000016,0.206466,0.149025
ACCTCCGTTATTCACC-1,0.364919,0.178686,0.000035,0.048424,0.000035,0.327413,0.080488
ACCTCGAACTTATGCT-1,0.568706,0.099487,0.000022,0.099562,0.000022,0.226048,0.006153
ACCTGCGTGTCATGTT-1,0.000021,0.020197,0.301291,0.005095,0.000021,0.270989,0.402387
ACCTTTCCTTTAGAAG-1,0.975127,0.000162,0.000162,0.000324,0.000162,0.000324,0.023738
ACGAAATGGGCGGCAC-1,0.011046,0.245541,0.157579,0.068194,0.00003,0.302275,0.215334
ACGACCCATGAGTTGC-1,0.006071,0.171497,0.005975,0.079675,0.017772,0.574303,0.144707
ACGACTCTAGGGCCGA-1,0.000008,0.000008,0.000008,0.000015,0.897428,0.100577,0.001956
ACGAGAACCCATCACG-1,0.693599,0.00003,0.00003,0.306191,0.00003,0.00006,0.00006
ACGAGATATTTGCTTA-1,0.854778,0.062004,0.000099,0.000197,0.000099,0.082626,0.000197
ACGAGGATACCACTCT-1,0.00066,0.124527,0.290898,0.087391,0.000009,0.015237,0.481279
ACGAGTACGGATGCCC-1,0.613646,0.236557,0.000053,0.000107,0.000053,0.149478,0.000107
ACGAGTCGCCGGCGTT-1,0.457972,0.353617,0.081282,0.080925,0.000123,0.025835,0.000245
ACGATACATAGAACTA-1,0.844097,0.076212,0.060414,0.019104,0.000035,0.000069,0.000069
ACGATACCTATCCTGA-1,0.310128,0.606952,0.000067,0.082518,0.000067,0.000134,0.000134
ACGATCATACATAGAG-1,0.838548,0.0014,0.073675,0.086106,0.000054,0.000109,0.000109
ACGATCATCTTGTAAA-1,0.364166,0.504427,0.059886,0.00011,0.000055,0.071247,0.00011
ACGATGCATATGTTAT-1,0.041461,0.015226,0.06964,0.547667,0.001812,0.186186,0.138008
ACGATGGATCCGATGC-1,0.999331,0.000074,0.000074,0.000149,0.000074,0.000149,0.000149
ACGCAATCACTACAGC-1,0.094362,0.002016,0.000022,0.632429,0.000022,0.038006,0.233143
ACGCATAAATGACATG-1,0.402306,0.018418,0.015895,0.239218,0.000037,0.259078,0.065048
ACGCATACGTTTACTA-1,0.015007,0.131579,0.139125,0.079605,0.000017,0.384454,0.250212
ACGCATTCGTGAGTAC-1,0.052463,0.221305,0.032203,0.425364,0.000049,0.164954,0.103663
ACGCCACTCGAAACAG-1,0.000013,0.097029,0.07231,0.065812,0.000013,0.474491,0.290332
ACGCCAGATGATTTCT-1,0.995886,0.000039,0.000039,0.000078,0.000039,0.000078,0.003841
ACGCCAGTGCGTTTGC-1,0.000012,0.000972,0.005595,0.273966,0.000012,0.497209,0.222234
ACGCCCAGCTGTCGAT-1,0.999316,0.000076,0.000076,0.000152,0.000076,0.000152,0.000152
ACGCCGCTAGACGACC-1,0.001728,0.099411,0.022426,0.100846,0.00001,0.208811,0.566768
ACGCCTGACACGCGCT-1,0.972772,0.000057,0.000057,0.026828,0.000057,0.000114,0.000114
ACGCGAAGTCAGACGA-1,0.024184,0.000009,0.007417,0.0287,0.798812,0.000018,0.14086
ACGCGCTACACAGGGT-1,0.0068,0.313848,0.178997,0.179058,0.083454,0.091812,0.146031
ACGCGGGCCAAGGACA-1,0.039967,0.305966,0.040851,0.224735,0.000065,0.362289,0.026127
ACGCGTTTCTTAAGAG-1,0.017633,0.675102,0.26796,0.039071,0.000047,0.000094,0.000094
ACGCTAGTATCAGTGC-1,0.021855,0.000008,0.000309,0.381621,0.000008,0.113417,0.48278
ACGCTAGTGATACACT-1,0.597132,0.314827,0.00005,0.0001,0.01051,0.058442,0.01894
ACGCTGTGAGGCGTAG-1,0.00004,0.292442,0.134213,0.000079,0.001624,0.571523,0.000079
ACGCTTAGTGTCTCTC-1,0.993271,0.000096,0.000096,0.006054,0.000096,0.000193,0.000193
ACGGAACACGAGTGCC-1,0.009087,0.003883,0.000013,0.000027,0.000649,0.944944,0.041398
ACGGAATTTAGCAAAT-1,0.108013,0.000041,0.617768,0.163388,0.000041,0.05853,0.05222
ACGGACTCTCAAAGCG-1,0.000015,0.108698,0.055648,0.020747,0.000015,0.354247,0.46063
ACGGAGCGCAAATTAC-1,0.807005,0.071619,0.000049,0.000099,0.000049,0.121079,0.000099
ACGGATGGTGCGGATA-1,0.000019,0.162529,0.056356,0.036008,0.000019,0.572081,0.172987
ACGGCACTTGCTTGGG-1,0.007721,0.263397,0.05417,0.006611,0.01109,0.573139,0.083871
ACGGCGACGATGGGAA-1,0.017944,0.34322,0.136397,0.024576,0.00002,0.339486,0.138357
ACGGCGGGTTGCCCTG-1,0.781789,0.130499,0.000126,0.000251,0.000126,0.086959,0.000251
ACGGCTGGATGTAGAA-1,0.504793,0.475352,0.000028,0.000055,0.000028,0.002866,0.016878
ACGGGAGTGTCGGCCC-1,0.000012,0.022349,0.041171,0.034721,0.000012,0.118538,0.783197
ACGGGCGTATGCGACA-1,0.133242,0.403425,0.011,0.093707,0.000045,0.328495,0.030087
ACGGGTCATGTGACTT-1,0.217933,0.724431,0.027545,0.029396,0.000139,0.000278,0.000278
ACGGTACAGTTCAATG-1,0.002035,0.121383,0.002043,0.005588,0.000009,0.665668,0.203274
ACGTACAGATTTCTCT-1,0.909696,0.064935,0.000132,0.000263,0.000132,0.024579,0.000263
ACGTAGATTGCTGATG-1,0.082024,0.078969,0.082842,0.597259,0.000034,0.086017,0.072856
ACGTAGGAGAGTCGCT-1,0.000015,0.116389,0.006589,0.00003,0.000015,0.70444,0.172521
ACGTATTACTCCGATC-1,0.000022,0.000022,0.068576,0.319832,0.000022,0.033967,0.577558
ACGTCCTAAACGAGAT-1,0.963685,0.000105,0.000105,0.03558,0.000105,0.00021,0.00021
ACGTCTCGTTCCGGGA-1,0.005001,0.895455,0.002857,0.022948,0.000021,0.00309,0.070628
ACGTGACAAAGTAAGT-1,0.495828,0.34209,0.002332,0.078377,0.000035,0.046523,0.034814
ACGTGCGCCTCGTGCA-1,0.822189,0.17707,0.000093,0.000185,0.000093,0.000185,0.000185
ACGTGGTCGAATGTGC-1,0.99833,0.000186,0.000186,0.000371,0.000186,0.000371,0.000371
ACGTTAATGTCGAAGA-1,0.000024,0.414442,0.078195,0.076555,0.000024,0.337904,0.092856
ACGTTAGATTTGCCCG-1,0.000035,0.479161,0.105356,0.136333,0.000035,0.270669,0.008411
ACGTTATTGGTCACTC-1,0.000061,0.185943,0.560125,0.253564,0.000061,0.000123,0.000123
ACGTTCCGCGCTCCGT-1,0.869573,0.129109,0.000165,0.00033,0.000165,0.00033,0.00033
ACGTTCGCAATCAATT-1,0.46629,0.251462,0.002198,0.003715,0.001229,0.246779,0.028326
ACGTTCTGTACAAGTC-1,0.004704,0.000276,0.000008,0.001925,0.000008,0.709153,0.283925
ACGTTTAGTTGTGATC-1,0.999327,0.000075,0.000075,0.00015,0.000075,0.00015,0.00015
ACTAAGGACGCACACC-1,0.057305,0.025925,0.020175,0.065061,0.000019,0.730938,0.100578
ACTAATACGTCAGGCG-1,0.90479,0.000045,0.000045,0.000091,0.012929,0.036008,0.046091
ACTACCAGCTCTCTGG-1,0.005053,0.021702,0.262751,0.374378,0.001015,0.117682,0.217418
ACTAGTTGCGATCGTC-1,0.000021,0.000479,0.283109,0.068847,0.000021,0.079363,0.568159
ACTATATGCTGTGTTC-1,0.488275,0.216948,0.000031,0.178589,0.002432,0.003758,0.109968
ACTATCCAGGGCATGG-1,0.164284,0.332484,0.009291,0.195831,0.00003,0.216057,0.082022
ACTATCGCCGGCTAAA-1,0.285553,0.337192,0.129857,0.247102,0.000059,0.000119,0.000119
ACTATCTGCCCGCGTA-1,0.238538,0.193774,0.002721,0.106751,0.000027,0.450527,0.007662
ACTATTCGTCCGTGGT-1,0.708266,0.29086,0.000109,0.000218,0.000109,0.000218,0.000218
ACTCAACGAATGTATT-1,0.873471,0.004485,0.000131,0.000261,0.010445,0.110947,0.000261
ACTCAAGTGCAAGGCT-1,0.000008,0.000008,0.004228,0.150182,0.000008,0.081212,0.764353
ACTCAATAAAGGCACG-1,0.748986,0.052706,0.044373,0.02086,0.002384,0.121977,0.008714
ACTCAGACCTGCTTCT-1,0.715219,0.115683,0.001171,0.047336,0.000101,0.120287,0.000202
ACTCCCATTCCTAAAG-1,0.000013,0.110752,0.149394,0.000547,0.000013,0.408008,0.331273
ACTCCCGAATTCGTTT-1,0.203062,0.228358,0.003816,0.415279,0.000023,0.002224,0.147239
ACTCCCGTAGACTAGG-1,0.028171,0.058443,0.002988,0.305606,0.003411,0.250316,0.351066
ACTCCCTAATGCTAAA-1,0.000006,0.000006,0.005615,0.084179,0.000006,0.098758,0.81143
ACTCCCTAGAATAGTA-1,0.133051,0.466543,0.175043,0.045623,0.002885,0.058488,0.118367
ACTCCGGCCGACCACT-1,0.00001,0.003039,0.00875,0.023347,0.00917,0.598916,0.35677
ACTCGATGTATTTCAT-1,0.170113,0.548978,0.251519,0.02128,0.000111,0.007779,0.000221
ACTCGCCGTTCGATAA-1,0.000015,0.178101,0.001178,0.000029,0.001661,0.798152,0.020864
ACTCGCGATCTGACGC-1,0.012741,0.187367,0.000015,0.255653,0.000015,0.362557,0.181652
ACTCGTAACCCGTCCT-1,0.009451,0.068372,0.081228,0.316008,0.00169,0.443422,0.079828
ACTCGTCAGTAATCCC-1,0.163965,0.386624,0.03983,0.079375,0.000054,0.330043,0.000108
ACTCTAAACCTGGGAT-1,0.155751,0.623327,0.000063,0.220547,0.000063,0.000125,0.000125
ACTCTCTGACTTAGGT-1,0.002629,0.101921,0.027102,0.255989,0.11592,0.134108,0.362331
ACTCTCTTATACACGA-1,0.947795,0.011758,0.005255,0.034886,0.000061,0.000122,0.000122
ACTCTGACCTAATAGA-1,0.008335,0.004217,0.000013,0.000025,0.000013,0.940702,0.046695
ACTCTTCAGCTCCCGC-1,0.100769,0.073626,0.001208,0.060582,0.000017,0.402974,0.360824
ACTGAAACGCCGTTAG-1,0.003274,0.143649,0.066081,0.174922,0.000013,0.337363,0.274698
ACTGAATGGCGAAAGT-1,0.000028,0.382285,0.176619,0.023426,0.000027,0.374704,0.042912
ACTGATTTAGTGATTC-1,0.546184,0.000055,0.000055,0.453433,0.000055,0.000109,0.000109
ACTGCCGTCGTAACTC-1,0.925104,0.000092,0.04523,0.004021,0.000092,0.025279,0.000183
ACTGCGGACACACCGT-1,0.235204,0.255615,0.006612,0.089606,0.00003,0.29964,0.113293
ACTGGCGAACCTGCGT-1,0.013864,0.004026,0.003561,0.155037,0.000012,0.256207,0.567293
ACTGTACGATACACAT-1,0.300526,0.000035,0.038606,0.638582,0.000035,0.00007,0.022145
ACTGTAGCACTTTGGA-1,0.011214,0.097496,0.180015,0.142271,0.000035,0.038691,0.530279
ACTGTATACGCGAGCA-1,0.283524,0.000072,0.023232,0.692812,0.000072,0.000144,0.000144
ACTGTCCAGGATTATA-1,0.00004,0.188741,0.051402,0.31009,0.00004,0.289324,0.160363
ACTGTCTTCTTTAGAA-1,0.418033,0.336485,0.000061,0.010492,0.000061,0.22432,0.010549
ACTGTGCTAGTAGATC-1,0.190532,0.000082,0.395015,0.41396,0.000082,0.000165,0.000165
ACTGTTTAGTGTAGGC-1,0.998893,0.000123,0.000123,0.000246,0.000123,0.000246,0.000246
