Barcode,Topic 1,Topic 2,Topic 3,Topic 4,Topic 5,Topic 6,Topic 7to8,Topic 9,Topic 10to11
AAACAAGTATCTCCCA-1,0.008649,0.000011,0.000011,0.023852,0.008578,0.19781,0.627873,0.024108,0.109108
AAACACCAATAACTGC-1,0.00001,0.012209,0.287364,0.599789,0.014528,0.004591,0.018565,0.059198,0.003746
AAACAGAGCGACTCCT-1,0.011945,0.000019,0.022696,0.003906,0.032038,0.056767,0.363227,0.08148,0.427924
AAACAGCTTTCAGAAG-1,0.049451,0.000026,0.356356,0.574611,0.000026,0.0194,0.000052,0.000026,0.000052
AAACAGGGTCTATATT-1,0.009495,0.117952,0.299829,0.534201,0.000027,0.03836,0.000054,0.000027,0.000054
AAACAGTGTTCCTGGG-1,0.749698,0.083436,0.000019,0.000019,0.041321,0.000019,0.069299,0.010834,0.045354
AAACATTTCCCGGATT-1,0.000015,0.000015,0.114138,0.030888,0.000015,0.00223,0.504166,0.060881,0.287652
AAACCACTACACAGAT-1,0.000231,0.000017,0.000017,0.00002,0.103339,0.150069,0.521976,0.008304,0.216026
AAACCCGAACGAAATC-1,0.008059,0.020225,0.007613,0.03401,0.033182,0.363962,0.194971,0.008793,0.329185
AAACCGGAAATGTTAA-1,0.000028,0.012373,0.111504,0.015457,0.077405,0.12588,0.008846,0.05101,0.597497
AAACCGGGTAGGTACC-1,0.04339,0.120219,0.454689,0.321577,0.000017,0.059737,0.000033,0.000017,0.000322
AAACCGTTCGTCCAGG-1,0.023643,0.011747,0.372708,0.236083,0.014854,0.059818,0.037397,0.002599,0.24115
AAACCTAAGCAGCCGG-1,0.027211,0.004054,0.001182,0.18221,0.000011,0.005881,0.494695,0.243975,0.04078
AAACCTCATGAAGTTG-1,0.445912,0.203777,0.150834,0.000048,0.040914,0.158274,0.000096,0.000048,0.000096
AAACGAAGATGGAGTA-1,0.127736,0.071771,0.130379,0.399867,0.012705,0.076633,0.126599,0.029433,0.024877
AAACGACAGTCTTGCC-1,0.000017,0.01895,0.026801,0.051516,0.123716,0.260392,0.287828,0.057571,0.17321
AAACGAGACGGTTGAT-1,0.314293,0.000022,0.000022,0.000022,0.081336,0.040837,0.401994,0.015795,0.145678
AAACGCCCGAGATCGG-1,0.012328,0.006214,0.01561,0.01274,0.047253,0.340965,0.377027,0.066566,0.121298
AAACGGGCGTACGGGT-1,0.00001,0.00001,0.015515,0.11572,0.00001,0.004264,0.701264,0.142511,0.020695
AAACGGTTGCGAACTG-1,0.029784,0.034363,0.012127,0.151191,0.024967,0.104726,0.357544,0.24078,0.044517
AAACGTGTTCGCCCTA-1,0.000016,0.000016,0.001108,0.003916,0.053202,0.032058,0.268227,0.364678,0.27678
AAACTAACGTGGCGAC-1,0.003972,0.000012,0.000235,0.000012,0.075132,0.073953,0.475268,0.064289,0.307128
AAACTCGGTTCGCAAT-1,0.000012,0.000012,0.053399,0.119066,0.000012,0.021483,0.433177,0.313134,0.059705
AAACTCGTGATATAAG-1,0.000011,0.000011,0.000087,0.000011,0.000011,0.009504,0.642081,0.008776,0.339507
AAACTGCTGGCTCCAA-1,0.176385,0.023289,0.032161,0.030435,0.387526,0.281044,0.020572,0.006018,0.042572
AAACTTAATTGCACGC-1,0.165722,0.1856,0.533087,0.044779,0.045923,0.024742,0.000058,0.000029,0.000058
AAACTTGCAAACGTAT-1,0.000017,0.065723,0.415839,0.518303,0.000017,0.000017,0.000034,0.000017,0.000034
AAAGAATGTGGACTAA-1,0.000024,0.046813,0.173871,0.000024,0.413227,0.005511,0.052899,0.071205,0.236426
AAAGACCCAAGTCGCG-1,0.022452,0.000018,0.007202,0.321828,0.007565,0.327675,0.217682,0.074757,0.020821
AAAGACTGGGCGCTTT-1,0.704657,0.101826,0.190131,0.000046,0.003061,0.000046,0.000093,0.000046,0.000093
AAAGCTTGCCTACATA-1,0.000016,0.000016,0.099494,0.002301,0.046013,0.090142,0.214254,0.096311,0.451451
AAAGGCCCTATAATAC-1,0.264603,0.21734,0.003107,0.237523,0.057837,0.008973,0.162375,0.034121,0.014122
AAAGGCTACGGACCAT-1,0.00001,0.00001,0.060536,0.301575,0.000137,0.029774,0.318719,0.215325,0.073913
AAAGGCTCTCGCGCCG-1,0.000017,0.023424,0.179085,0.120012,0.027383,0.268809,0.107452,0.024028,0.249792
AAAGGGATGTAGCAAG-1,0.373071,0.000052,0.016677,0.043237,0.182746,0.32246,0.05983,0.000052,0.001875
AAAGGGCAGCTTGAAT-1,0.457767,0.438993,0.02169,0.01414,0.000033,0.052362,0.010889,0.000033,0.004092
AAAGGTAAGCTGTACC-1,0.000019,0.000019,0.128333,0.000019,0.074874,0.021537,0.017046,0.224178,0.533976
AAAGTAGCATTGCTCA-1,0.000024,0.00528,0.128644,0.765467,0.000024,0.002424,0.044376,0.029556,0.024204
AAAGTCACTGATGTAA-1,0.000013,0.000013,0.000193,0.144903,0.000013,0.411647,0.4332,0.005819,0.0042
AAAGTCGACCCTCAGT-1,0.428751,0.310945,0.048627,0.179282,0.000031,0.032209,0.000062,0.000031,0.000062
AAAGTGTGATTTATCT-1,0.306689,0.00003,0.009575,0.005484,0.073733,0.294798,0.021278,0.002452,0.285961
AAAGTTGACTCCCGTA-1,0.052519,0.000022,0.004838,0.001239,0.049129,0.206285,0.153984,0.003967,0.528017
AAATAACCATACGGGA-1,0.005084,0.000018,0.068924,0.06874,0.050137,0.121755,0.29701,0.015341,0.37299
AAATAAGGTAGTGCCC-1,0.008159,0.000019,0.000019,0.000019,0.026409,0.075393,0.297297,0.002415,0.590268
AAATACCTATAAGCAT-1,0.084248,0.039526,0.014658,0.075016,0.113487,0.341679,0.174055,0.034524,0.122807
AAATAGCTTAGACTTT-1,0.033277,0.00002,0.001891,0.066485,0.018396,0.152377,0.353262,0.065799,0.308493
AAATAGGGTGCTATTG-1,0.023172,0.034718,0.017408,0.044581,0.000013,0.356643,0.354248,0.036593,0.132624
AAATCACTCCTAAACG-1,0.000018,0.002058,0.009762,0.014572,0.22218,0.084615,0.471292,0.038374,0.157129
AAATCCGATACACGCC-1,0.000017,0.038756,0.165786,0.038243,0.007018,0.016714,0.104561,0.190928,0.437976
AAATCGCGGAAGGAGT-1,0.133739,0.088442,0.243717,0.320523,0.009529,0.179403,0.018326,0.001744,0.004577
AAATCGTGTACCACAA-1,0.072782,0.000032,0.368165,0.003087,0.116108,0.246863,0.000064,0.000032,0.192867
AAATCTAGCCCTGCTA-1,0.012663,0.093569,0.084561,0.019653,0.038415,0.136382,0.025767,0.038328,0.550662
AAATGACTGATCAAAC-1,0.938557,0.001504,0.000023,0.000023,0.012498,0.000023,0.019812,0.000023,0.027536
AAATGATTCGATCAGC-1,0.000022,0.023637,0.000022,0.000022,0.006263,0.043071,0.307521,0.036806,0.582637
AAATGCTCGTTACGTT-1,0.564873,0.43459,0.00006,0.00006,0.00006,0.00006,0.000119,0.00006,0.000119
AAATGGCATGTCTTGT-1,0.000015,0.000015,0.000015,0.150017,0.000015,0.225784,0.59716,0.000441,0.026539
AAATGGCCCGTGCCCT-1,0.00002,0.081136,0.242204,0.661517,0.00002,0.002896,0.000039,0.01213,0.000039
AAATGGTCAATGTGCC-1,0.707969,0.118408,0.02568,0.006302,0.000039,0.077069,0.015,0.000039,0.049492
AAATGTATCTTATCCC-1,0.384715,0.295972,0.000029,0.114752,0.000029,0.015102,0.188906,0.000029,0.000466
AAATTAACGGGTAGCT-1,0.337751,0.221253,0.000029,0.246815,0.000029,0.006152,0.09156,0.031504,0.064907
AAATTAATAAGCGCGA-1,0.708291,0.171811,0.000043,0.02027,0.003432,0.06762,0.020731,0.000043,0.007759
AAATTACACGACTCTG-1,0.004534,0.001892,0.000017,0.034589,0.061556,0.110011,0.550656,0.023242,0.213503
AAATTACCTATCGATG-1,0.00001,0.00001,0.00001,0.111773,0.00001,0.038456,0.780354,0.0401,0.029275
AAATTCCAGGTCCAAA-1,0.038316,0.000023,0.025236,0.000023,0.044439,0.152158,0.095157,0.014531,0.630118
AAATTGATAGTCCTTT-1,0.000011,0.000011,0.000011,0.678126,0.000011,0.001052,0.214992,0.105408,0.000379
AAATTGGTGAGAAGCA-1,0.000024,0.000024,0.011084,0.000024,0.101298,0.140679,0.262553,0.115091,0.369225
AAATTTACCGAAATCC-1,0.000015,0.000015,0.000015,0.00205,0.061267,0.224487,0.530612,0.013377,0.168163
AAATTTGCGGGTGTGG-1,0.045524,0.00002,0.50109,0.170232,0.00002,0.178713,0.054177,0.00002,0.050203
AACAACTGGTAGTTGC-1,0.623533,0.315579,0.016482,0.000032,0.044182,0.000032,0.000064,0.000032,0.000064
AACAATACATTGTCGA-1,0.03603,0.006537,0.021536,0.325444,0.046425,0.096611,0.279281,0.121831,0.066305
AACAATTACTCTACGC-1,0.670613,0.329043,0.000038,0.000038,0.000038,0.000038,0.000076,0.000038,0.000076
AACACACGCTCGCCGC-1,0.000359,0.000007,0.000007,0.087874,0.000007,0.070755,0.81202,0.016211,0.012759
AACACGACTGTACTGA-1,0.000023,0.000023,0.075375,0.011637,0.074062,0.460074,0.050694,0.007199,0.320913
AACACGAGACGCGGCC-1,0.049617,0.002571,0.350667,0.480488,0.000026,0.113045,0.000051,0.000026,0.00351
AACAGCTGTGTGGCAA-1,0.023547,0.001822,0.565081,0.048184,0.003288,0.004585,0.040161,0.23269,0.080641
AACAGGAAATCGAATA-1,0.000017,0.000017,0.001894,0.202631,0.011844,0.336912,0.436497,0.004472,0.005717
AACAGGATGGGCCGCG-1,0.717449,0.076036,0.111108,0.052769,0.00093,0.041539,0.000068,0.000034,0.000068
AACAGGTAGTATGGAT-1,0.01588,0.000021,0.010956,0.014502,0.023141,0.260338,0.243894,0.015402,0.415865
AACATAGCGTGTATCG-1,0.498162,0.005539,0.009732,0.043554,0.156683,0.021538,0.071592,0.045849,0.14735
AACATATCAACTGGTG-1,0.039871,0.000021,0.002736,0.006266,0.172603,0.256085,0.222404,0.076014,0.223999
AACATCGATACGTCTA-1,0.000023,0.000023,0.008463,0.000023,0.009704,0.133456,0.099494,0.219395,0.529419
AACATTGAAGTTGATC-1,0.301661,0.230062,0.030439,0.153866,0.062289,0.020816,0.127183,0.02343,0.050254
AACATTGTGACTCGAG-1,0.007462,0.006161,0.137063,0.157134,0.034131,0.072096,0.173185,0.159616,0.253153
AACCAAGACTTCTCTG-1,0.000029,0.817364,0.000029,0.018925,0.017341,0.057333,0.0594,0.010234,0.019345
AACCATAGGGTTGAAC-1,0.580586,0.089243,0.21311,0.09134,0.022034,0.003544,0.000057,0.000029,0.000057
AACCATGGGATCGCTA-1,0.316639,0.483278,0.00005,0.19596,0.00005,0.003773,0.0001,0.00005,0.0001
AACCCAGAGACGGAGA-1,0.499782,0.276813,0.068563,0.000051,0.00485,0.149688,0.000101,0.000051,0.000101
AACCCATCCCATGATC-1,0.005889,0.047427,0.044884,0.669275,0.022003,0.013511,0.077943,0.116676,0.002392
AACCCGACAACCCGTG-1,0.023211,0.098767,0.09829,0.078585,0.266122,0.042992,0.144438,0.144306,0.103289
AACCCGAGCAGAATCG-1,0.003255,0.040154,0.009806,0.022196,0.037726,0.035093,0.318055,0.023609,0.510107
AACCCGATAGGGCTTC-1,0.000026,0.000026,0.000026,0.000026,0.55356,0.001563,0.23572,0.007406,0.201646
AACCCGCTGTATTCCA-1,0.871336,0.000157,0.00002,0.00002,0.00002,0.00002,0.099288,0.004305,0.024834
AACCCTACTGTCAATA-1,0.234418,0.000034,0.005191,0.000297,0.304222,0.10897,0.035676,0.02988,0.281313
AACCCTGGTGGAACCA-1,0.000013,0.000013,0.005267,0.039591,0.028248,0.111205,0.631968,0.01043,0.173265
AACCGAGCTTGGTCAT-1,0.296795,0.01872,0.217927,0.027194,0.108768,0.307095,0.000109,0.000054,0.023338
AACCGCTAAGGGATGC-1,0.118313,0.000019,0.005724,0.000019,0.086392,0.465611,0.084932,0.014827,0.224161
AACCGTTGTGTTTGCT-1,0.000021,0.000021,0.012581,0.161654,0.000021,0.467329,0.280421,0.020303,0.05765
AACCTCGCTTTAGCCC-1,0.000017,0.10523,0.058879,0.213787,0.246237,0.015946,0.077809,0.094167,0.187928
AACCTGTCACGGAATT-1,0.021714,0.000017,0.000017,0.000017,0.040633,0.034512,0.544935,0.012505,0.34565
AACCTTTAAATACGGT-1,0.000007,0.004312,0.000728,0.204269,0.000007,0.051648,0.725363,0.004034,0.009633
AACCTTTACGACGTCT-1,0.01812,0.000022,0.000488,0.000022,0.050301,0.137381,0.19739,0.031526,0.564749
AACGAAAGTCGTCCCA-1,0.046035,0.085949,0.058745,0.398567,0.069179,0.167915,0.086607,0.050506,0.036497
AACGATAATGCCGTAG-1,0.042419,0.012098,0.071401,0.03046,0.046258,0.333839,0.112799,0.005303,0.345424
AACGATAGAAGGGCCG-1,0.356631,0.004497,0.136528,0.065237,0.077864,0.24567,0.014217,0.012583,0.086774
AACGATATGTCAACTG-1,0.113435,0.00003,0.075828,0.048852,0.106748,0.517212,0.06474,0.007753,0.065402
AACGCATGATCTGGGT-1,0.006978,0.000026,0.002864,0.000026,0.068783,0.086317,0.081,0.016347,0.737658
AACGCGACCTTGGGCG-1,0.037112,0.0484,0.043382,0.112645,0.053445,0.082494,0.356961,0.181435,0.084127
AACGCGGTCTCCAGCC-1,0.2761,0.000056,0.039987,0.026064,0.069783,0.369183,0.018555,0.018332,0.181939
AACGCTGTTGCTGAAA-1,0.004888,0.063597,0.024935,0.012249,0.003453,0.238318,0.182012,0.002086,0.468462
AACGGACGTACGTATA-1,0.010058,0.000019,0.004762,0.000019,0.07274,0.197813,0.157895,0.059421,0.497272
AACGGCCATCTCCGGT-1,0.046231,0.003977,0.67745,0.098504,0.000674,0.173048,0.000047,0.000023,0.000047
AACGTACTGTGGGTAC-1,0.009925,0.047264,0.180985,0.27697,0.00048,0.353334,0.106365,0.000798,0.023879
AACGTCAGACTAGTGG-1,0.564925,0.327106,0.028971,0.000043,0.0787,0.000043,0.000085,0.000043,0.000085
AACGTCATCCGGCTTG-1,0.723354,0.000037,0.000037,0.000037,0.05009,0.000037,0.054132,0.00629,0.165988
AACGTCGCTGCACTTC-1,0.283843,0.027423,0.000029,0.000379,0.337022,0.005152,0.134123,0.055974,0.156056
AACGTGATGAAGGACA-1,0.000013,0.000013,0.000906,0.029825,0.001974,0.026031,0.766201,0.019805,0.155232
AACGTGCGAAAGTCTC-1,0.945264,0.000035,0.000034,0.000034,0.000034,0.002314,0.04171,0.000034,0.010539
AACGTTATCAGCACCT-1,0.650425,0.302562,0.000049,0.034627,0.000049,0.000049,0.000098,0.012045,0.000098
AACTACCCGTTTGTCA-1,0.012786,0.00002,0.005421,0.00002,0.0494,0.190379,0.071399,0.029906,0.640669
AACTAGGCTTGGGTGT-1,0.005521,0.044539,0.10006,0.148126,0.002317,0.283262,0.333541,0.01023,0.072404
AACTCAAGTTAATTGC-1,0.444335,0.084846,0.073678,0.066356,0.036847,0.191323,0.026729,0.004657,0.071229
AACTCCAGAGCGTGTT-1,0.000014,0.064712,0.029236,0.030191,0.120781,0.015281,0.292991,0.022486,0.424308
AACTCCTAATCCCATG-1,0.000025,0.000025,0.129884,0.005108,0.076193,0.196254,0.12274,0.104012,0.365759
AACTCGATGGCGCAGT-1,0.537102,0.43331,0.000045,0.029231,0.000045,0.000045,0.000089,0.000045,0.000089
AACTCTCAATAGAGCG-1,0.172628,0.000019,0.000019,0.002968,0.022105,0.157082,0.476133,0.00242,0.166627
AACTCTCAGTGTGCTC-1,0.000017,0.000017,0.323224,0.416806,0.000017,0.031092,0.113714,0.027705,0.087406
AACTGAGGTCAGCGTC-1,0.000034,0.000034,0.119107,0.000034,0.258459,0.029807,0.000428,0.061122,0.530974
AACTGAGTTATACTGA-1,0.000028,0.000028,0.30553,0.000028,0.11234,0.011897,0.000055,0.013108,0.556987
AACTGATATTAGGCCT-1,0.024614,0.000049,0.284711,0.000049,0.043721,0.456421,0.000097,0.004457,0.185882
AACTGGGTCCCGACGT-1,0.021589,0.126948,0.00148,0.11441,0.046717,0.392421,0.241083,0.010458,0.044893
AACTTCTGCGTCTATC-1,0.615535,0.313831,0.070174,0.000058,0.000058,0.000058,0.000115,0.000058,0.000115
AACTTGCCCGTATGCA-1,0.650174,0.229439,0.120052,0.000042,0.000042,0.000042,0.000084,0.000042,0.000084
AACTTGCGTTCTCGCG-1,0.501256,0.497961,0.000087,0.000087,0.000087,0.000087,0.000174,0.000087,0.000174
AACTTTACGGGAGCTT-1,0.770488,0.228895,0.000069,0.000069,0.000069,0.000069,0.000137,0.000069,0.000137
AACTTTCTCGATCATG-1,0.000017,0.000017,0.000017,0.000017,0.046088,0.013292,0.508405,0.058038,0.37411
AAGAAAGTTTGATGGG-1,0.750692,0.090675,0.000062,0.009145,0.021565,0.046938,0.059069,0.000062,0.021793
AAGAAATCACCAGATT-1,0.000025,0.000025,0.07033,0.003678,0.071662,0.117758,0.123779,0.231206,0.381536
AAGAAGGATCAGTTAG-1,0.6901,0.132533,0.176707,0.000052,0.000295,0.000052,0.000104,0.000052,0.000104
AAGACATACGTGGTTT-1,0.000022,0.000022,0.276119,0.000022,0.053811,0.000022,0.005928,0.165869,0.498185
AAGACCAAATAACTCA-1,0.124429,0.203705,0.025909,0.279608,0.011928,0.245678,0.093889,0.004572,0.010283
AAGACCCAACTGAACA-1,0.000011,0.000011,0.035011,0.31012,0.00145,0.060228,0.427759,0.098372,0.067036
AAGACTGCAAGCTACT-1,0.501076,0.000051,0.000051,0.000051,0.113296,0.107433,0.149984,0.001776,0.12628
AAGAGATGAATCGGTA-1,0.597483,0.282527,0.061623,0.021439,0.000038,0.036698,0.000077,0.000038,0.000077
AAGAGCTCTTTATCGG-1,0.415385,0.000057,0.000057,0.000057,0.106656,0.103794,0.103296,0.000057,0.270639
AAGAGGATGTACGCGA-1,0.071053,0.147334,0.150075,0.236743,0.09682,0.207286,0.079797,0.002342,0.00855
AAGAGGCATGGATCGC-1,0.528316,0.000022,0.000022,0.009494,0.004781,0.19785,0.250842,0.000022,0.008651
AAGAGGCCCTTTGGAA-1,0.00002,0.00002,0.132271,0.014355,0.014371,0.057982,0.20799,0.035743,0.537248
AAGATGGCACCGGACC-1,0.000013,0.026,0.355896,0.187541,0.122208,0.022359,0.072677,0.161368,0.051939
AAGCACCCTGCGTATC-1,0.00001,0.01369,0.043235,0.097997,0.003074,0.019599,0.202286,0.028262,0.591847
AAGCATACTCTCCTGA-1,0.000011,0.053863,0.00516,0.189105,0.024263,0.171634,0.539474,0.00373,0.012761
AAGCCACTTGCAGGTA-1,0.591434,0.154763,0.000022,0.012123,0.023719,0.000022,0.119403,0.057487,0.041028
AAGCCGAAGCGGTTTA-1,0.021238,0.033076,0.070759,0.004571,0.079322,0.285064,0.115925,0.014264,0.375783
AAGCCGCCGTGAAATC-1,0.126727,0.16458,0.00001,0.447325,0.005793,0.065712,0.189046,0.00001,0.000796
AAGCCGCTTTACCTTG-1,0.000021,0.000021,0.108116,0.0066,0.001149,0.146494,0.192053,0.336779,0.208769
AAGCGCAGGGCTTTGA-1,0.003536,0.05825,0.129445,0.037598,0.065605,0.089426,0.214268,0.095615,0.306256
AAGCGGAGTGCGCGCA-1,0.000022,0.000022,0.002016,0.000022,0.11936,0.037178,0.381414,0.18101,0.278957
AAGCGGCGTCATGGGT-1,0.007183,0.000021,0.007454,0.000021,0.058838,0.229009,0.369414,0.052921,0.27514
AAGCGTCCCTCATCGA-1,0.011078,0.025529,0.180718,0.232142,0.011006,0.097872,0.097019,0.230252,0.114385
AAGCTAGATCGAGTAA-1,0.065159,0.008034,0.090638,0.086027,0.050845,0.465649,0.119654,0.039655,0.074338
AAGCTCGTGCCAAGTC-1,0.686308,0.000043,0.000043,0.000043,0.011243,0.194429,0.073497,0.011591,0.022805
AAGCTCTTTCATGGTG-1,0.009754,0.019367,0.103159,0.060551,0.000011,0.020239,0.58929,0.016777,0.180853
AAGGAGCGGTTGGTGC-1,0.53074,0.366609,0.025711,0.000056,0.048187,0.003951,0.000111,0.000056,0.024581
AAGGATCGATCGCTTG-1,0.02256,0.000019,0.000856,0.001596,0.010088,0.127123,0.609652,0.05919,0.168915
AAGGATGAGGGACCTC-1,0.053771,0.000037,0.059783,0.012922,0.200317,0.388282,0.022434,0.000881,0.261574
AAGGCAGGCTGTCTCC-1,0.072994,0.003364,0.025718,0.016346,0.034256,0.163927,0.151518,0.020988,0.510889
AAGGCGCGTAAAGCTT-1,0.405718,0.532344,0.025133,0.036489,0.000045,0.000045,0.000091,0.000045,0.000091
AAGGCTGTGCTCATCG-1,0.563636,0.230536,0.133224,0.000057,0.040372,0.031891,0.000114,0.000057,0.000114
AAGGGAACGACTGGCT-1,0.001556,0.452364,0.336113,0.000017,0.20985,0.000017,0.000033,0.000017,0.000033
AAGGGACAGATTCTGT-1,0.054043,0.041502,0.003263,0.032949,0.097127,0.175348,0.434852,0.042609,0.118306
AAGGGACTATGCATTC-1,0.004995,0.157705,0.167926,0.254259,0.110085,0.012587,0.117756,0.124876,0.049811
AAGGTATCCTAATATA-1,0.089617,0.000037,0.007359,0.000037,0.171272,0.386735,0.043069,0.052477,0.249397
AAGGTGATAAACCAGC-1,0.099655,0.000018,0.002953,0.012172,0.118663,0.236402,0.241389,0.032929,0.25582
AAGTAGAAGACCGGGT-1,0.247025,0.027177,0.00053,0.13165,0.000029,0.530078,0.063424,0.000029,0.000057
AAGTAGTGACGCGAGG-1,0.733902,0.046461,0.207263,0.000057,0.011974,0.000057,0.000114,0.000057,0.000114
AAGTCAATTGTCGTCA-1,0.032246,0.000019,0.000019,0.000019,0.028027,0.082487,0.338272,0.006713,0.512198
AAGTCTTCTGTGGCCT-1,0.340435,0.248935,0.008331,0.170864,0.001137,0.126711,0.097452,0.005426,0.000709
AAGTGACGACCGAATT-1,0.021312,0.005214,0.046296,0.581868,0.021607,0.204656,0.074875,0.014406,0.029766
AAGTGAGTCGGGTTTA-1,0.000018,0.000018,0.313687,0.131224,0.029567,0.061849,0.054092,0.185293,0.224252
AAGTGCAAAGGTAGAC-1,0.767996,0.231696,0.000034,0.000034,0.000034,0.000034,0.000069,0.000034,0.000069
AAGTGCCTTGACTGTA-1,0.02673,0.000031,0.003143,0.000031,0.117387,0.292018,0.062872,0.001718,0.496068
AAGTGCGTTAGAATCT-1,0.000017,0.000017,0.11135,0.811603,0.000017,0.003321,0.023464,0.049273,0.000937
AAGTGCTTCTCTATTG-1,0.319231,0.081907,0.053984,0.160249,0.034668,0.00898,0.274968,0.032491,0.033521
AAGTGTTTGGAGACGG-1,0.008925,0.000019,0.070841,0.00035,0.077563,0.45561,0.016384,0.022713,0.347595
AAGTTCACTCCAAGCT-1,0.028779,0.005753,0.094963,0.022641,0.008353,0.146374,0.215667,0.012476,0.464995
AAGTTCAGTCTGCGTA-1,0.017496,0.000022,0.000022,0.001947,0.041839,0.100103,0.458229,0.050204,0.330138
AAGTTCGGCCAACAGG-1,0.000028,0.114411,0.515813,0.310351,0.000028,0.059232,0.000055,0.000028,0.000055
AAGTTGTGATGTTATA-1,0.000022,0.054782,0.164036,0.074636,0.000022,0.003746,0.252967,0.251874,0.197914
AAGTTTATGGGCCCAA-1,0.000009,0.000009,0.003558,0.154779,0.000009,0.002257,0.518239,0.315167,0.005971
AATAACAACGCTCGGC-1,0.787122,0.16089,0.020514,0.000759,0.025182,0.005411,0.000048,0.000024,0.000048
AATAACACTAGAACAA-1,0.000014,0.075953,0.26837,0.254849,0.143241,0.031684,0.155654,0.015021,0.055214
AATAATCTTCGTATCG-1,0.000016,0.000016,0.011155,0.046299,0.000016,0.003455,0.264065,0.013516,0.661461
AATACAATGTTTCAGG-1,0.7907,0.155186,0.036689,0.017073,0.00005,0.00005,0.000101,0.00005,0.000101
AATACCGGAGGGCTGT-1,0.066137,0.214574,0.076693,0.141037,0.259193,0.056014,0.078593,0.079996,0.027763
AATACCTGATGTGAAC-1,0.45521,0.039561,0.006765,0.013937,0.238578,0.000029,0.079632,0.021711,0.144578
AATAGAACAGAGTGGC-1,0.000017,0.011154,0.598278,0.093345,0.016564,0.089766,0.004621,0.000181,0.186074
AATAGAATCTGTTTCA-1,0.072871,0.000014,0.000014,0.019111,0.026052,0.157705,0.437443,0.02735,0.259441
AATAGCTACCGCGTGC-1,0.000025,0.000025,0.068937,0.000025,0.100877,0.030109,0.016318,0.037975,0.74571
AATAGGCACGACCCTT-1,0.720715,0.082918,0.000052,0.022191,0.000052,0.000052,0.061034,0.045037,0.067948
AATAGTCCGTCCCGAC-1,0.032861,0.003111,0.368731,0.021134,0.028426,0.146947,0.014478,0.002623,0.381688
AATAGTCGCGAGTCGG-1,0.802762,0.196846,0.000044,0.000044,0.000044,0.000044,0.000087,0.000044,0.000087
AATATCCTAGCAAACT-1,0.191784,0.195633,0.043927,0.353633,0.003326,0.163758,0.035356,0.001172,0.011412
AATATCGAATCAATGC-1,0.028961,0.000026,0.017613,0.000659,0.037078,0.284889,0.049207,0.015514,0.566052
AATATCGAGGGTTCTC-1,0.007258,0.000025,0.020018,0.070378,0.029338,0.224538,0.485187,0.01918,0.144078
AATATTGGAGTATTGA-1,0.000054,0.935926,0.000054,0.000054,0.000054,0.000054,0.000107,0.063592,0.000107
AATCAGGTTTCATTTA-1,0.829259,0.029973,0.000028,0.042592,0.011113,0.000028,0.024924,0.009743,0.05234
AATCATGTAAAGACTC-1,0.0223,0.004268,0.00061,0.017126,0.041979,0.095061,0.680984,0.008776,0.128897
AATCCAAGGGCCTGAG-1,0.155729,0.000039,0.083635,0.168515,0.115007,0.451357,0.021315,0.000048,0.004355
AATCCCGCTCAGAGCC-1,0.713066,0.032539,0.000027,0.009784,0.017288,0.000027,0.164369,0.025593,0.037308
AATCGAGGTCTCAAGG-1,0.82488,0.002339,0.000032,0.000032,0.032428,0.000032,0.034697,0.006845,0.098715
AATCGCCTCAGCGCCA-1,0.594095,0.000038,0.000038,0.000038,0.11569,0.011698,0.192566,0.000038,0.085798
AATCGCGCAGAGGACT-1,0.143477,0.011153,0.001443,0.00144,0.036275,0.241781,0.167519,0.055993,0.34092
AATCGGGACACTACGA-1,0.019234,0.00169,0.059667,0.009381,0.054733,0.546835,0.050646,0.016006,0.241808
AATCGGTATAGCCCTC-1,0.000031,0.180562,0.137694,0.000031,0.681495,0.000031,0.000062,0.000031,0.000062
AATCGTGAGCCGAGCA-1,0.000017,0.000017,0.058561,0.039112,0.000017,0.021467,0.187572,0.383425,0.309813
AATCTAGGTTTACTTG-1,0.000061,0.156114,0.810928,0.032471,0.000061,0.000061,0.000122,0.000061,0.000122
AATCTATGCCGGAGCC-1,0.02303,0.00002,0.004707,0.007579,0.002556,0.137742,0.43013,0.001546,0.392689
AATCTCTACTGTGGTT-1,0.461508,0.227355,0.300612,0.00007,0.00007,0.010035,0.00014,0.00007,0.00014
AATCTGCGTTGGGACG-1,0.26535,0.000033,0.000033,0.05458,0.083727,0.151178,0.085422,0.000165,0.359511
AATCTGGCTTTCTAGT-1,0.000034,0.193839,0.391712,0.414176,0.000034,0.000034,0.000068,0.000034,0.000068
AATGACAGCAATGTCT-1,0.053946,0.04238,0.323399,0.422281,0.007552,0.072635,0.038156,0.012065,0.027586
AATGACGTAGGATGTC-1,0.07357,0.000015,0.000015,0.089902,0.021938,0.195289,0.560057,0.004819,0.054395
AATGACTGTCAGCCGG-1,0.787678,0.086788,0.122428,0.000056,0.002304,0.000466,0.000112,0.000056,0.000112
AATGAGTTCGCATATG-1,0.690518,0.26946,0.032501,0.000055,0.000055,0.007138,0.000109,0.000055,0.000109
AATGATGATACGCTAT-1,0.003422,0.000018,0.000018,0.000018,0.056601,0.104735,0.506698,0.000018,0.328472
AATGATGCGACTCCTG-1,0.000015,0.000015,0.000015,0.005354,0.000015,0.009231,0.827021,0.002017,0.156317
AATGCAACCGGGTACC-1,0.512055,0.000046,0.089824,0.070311,0.189751,0.108665,0.011509,0.000046,0.017792
AATGCACCAAGCAATG-1,0.007834,0.000023,0.000341,0.005723,0.104932,0.162359,0.27215,0.002632,0.444005
AATGGCCGCCAATGCG-1,0.00004,0.012286,0.00004,0.00004,0.987357,0.00004,0.000079,0.00004,0.000079
AATGGTCCACCGTTCA-1,0.638772,0.361002,0.000025,0.000025,0.000025,0.000025,0.00005,0.000025,0.00005
AATGGTTCTCACAAGC-1,0.82643,0.173218,0.000039,0.000039,0.000039,0.000039,0.000078,0.000039,0.000078
AATGTATGGCACTGTA-1,0.683278,0.175246,0.122332,0.000039,0.018872,0.000039,0.000078,0.000039,0.000078
AATGTGCCCGAGGTGT-1,0.000015,0.117767,0.021378,0.521386,0.000048,0.000015,0.067384,0.268493,0.003515
AATGTGCTAATCTGAG-1,0.025052,0.181092,0.129962,0.272514,0.139447,0.026537,0.032978,0.171845,0.020573
AATGTTAAGACCCTGA-1,0.50058,0.008817,0.000044,0.000026,0.318905,0.000026,0.025662,0.000026,0.145913
AATGTTGTCGTGAGAC-1,0.00003,0.022378,0.279536,0.002208,0.037901,0.002519,0.016316,0.300893,0.33822
AATTAAAGGTCGGCGT-1,0.310896,0.04541,0.166278,0.000055,0.022498,0.438417,0.000111,0.000055,0.016279
AATTAACGGATTTCCA-1,0.009074,0.005826,0.283838,0.039966,0.123821,0.048366,0.006714,0.00763,0.474765
AATTACGAGACCCATC-1,0.115264,0.147567,0.076409,0.452537,0.005927,0.117451,0.061278,0.009111,0.014456
AATTACTCGTACGCTC-1,0.619147,0.232259,0.000051,0.007908,0.072962,0.020703,0.046817,0.000051,0.000103
AATTAGCGCTGCAGCG-1,0.012825,0.000021,0.309048,0.019872,0.022944,0.355663,0.019544,0.013629,0.246454
AATTATACCCAGCAAG-1,0.629366,0.053974,0.000024,0.009353,0.080545,0.000984,0.151863,0.020157,0.053734
AATTCATAAGGGATCT-1,0.019626,0.000019,0.000019,0.042337,0.035647,0.218261,0.495406,0.010559,0.178126
AATTCATTGTCATGCA-1,0.124307,0.271504,0.515937,0.034253,0.05379,0.000035,0.00007,0.000035,0.00007
AATTCCAAGCATGTAC-1,0.00001,0.055464,0.077338,0.153822,0.00001,0.008085,0.261809,0.369924,0.07354
AATTCGATTCGAGGAT-1,0.000012,0.001892,0.018943,0.091478,0.050306,0.008761,0.477894,0.25862,0.092096
AATTCTAGAGTTAGGC-1,0.025417,0.000024,0.001459,0.099204,0.031358,0.620541,0.211256,0.001295,0.009447
AATTGAACGCTCTGGT-1,0.073262,0.0181,0.000213,0.017594,0.035634,0.3004,0.352146,0.075045,0.127606
AATTGCAGCAATCGAC-1,0.000018,0.012685,0.061264,0.090079,0.021998,0.017703,0.341097,0.108129,0.347027
AATTGCGTGGATTACA-1,0.775987,0.103261,0.000029,0.025424,0.000029,0.000029,0.076641,0.004803,0.013798
AATTTGGGACATAGTA-1,0.019761,0.001262,0.002003,0.033481,0.093277,0.065824,0.485805,0.031879,0.266709
AATTTGGTTCCAAAGA-1,0.033274,0.000026,0.000783,0.019365,0.026687,0.489117,0.234437,0.003609,0.192703
ACAAACCATGCGTCCT-1,0.077239,0.192095,0.582417,0.001298,0.135615,0.005366,0.000038,0.000019,0.005913
ACAAACTCCATCAGAG-1,0.919532,0.002111,0.000018,0.000018,0.011733,0.000018,0.000036,0.000018,0.066514
ACAAAGAAGGTAGGCC-1,0.144672,0.126304,0.193165,0.399874,0.000021,0.135859,0.000042,0.000021,0.000042
ACAAAGCATGACCTAG-1,0.000013,0.003661,0.052064,0.073993,0.001237,0.024807,0.508953,0.143979,0.191293
ACAAATCGCACCGAAT-1,0.047781,0.005032,0.009833,0.006541,0.073738,0.305792,0.204362,0.02492,0.322001
ACAAATGGTAGTGTTT-1,0.080499,0.000031,0.022755,0.000031,0.241475,0.259186,0.069656,0.000031,0.326335
ACAAATTCAGATCTGA-1,0.036307,0.032261,0.009834,0.039828,0.016618,0.271711,0.387609,0.025793,0.180041
ACAACAGCATGAGCTA-1,0.306101,0.000021,0.000021,0.004163,0.107271,0.114034,0.395012,0.000623,0.072753
ACAACGGTCCCTGCGA-1,0.782247,0.217369,0.000043,0.000043,0.000043,0.000043,0.000085,0.000043,0.000085
ACAAGCAGTGCCTAGC-1,0.764485,0.01957,0.061058,0.000047,0.118558,0.035309,0.000093,0.000047,0.000833
ACAAGGAAATCCGCCC-1,0.015706,0.000015,0.006768,0.098285,0.039422,0.423091,0.263558,0.081065,0.072089
ACAAGGACAAGAGGTT-1,0.818645,0.163608,0.017515,0.000029,0.000029,0.000029,0.000058,0.000029,0.000058
ACAAGGATGCTTTAGG-1,0.015445,0.015072,0.243511,0.004307,0.000091,0.006276,0.17892,0.042547,0.493831
ACAAGGCCTACCAGCC-1,0.000016,0.012076,0.010483,0.040717,0.060478,0.31734,0.384876,0.039655,0.134358
ACAAGGGCAGGCTCTG-1,0.192199,0.000027,0.00083,0.001569,0.057696,0.288556,0.171378,0.025522,0.262222
ACAAGTAATTGTAAGG-1,0.850826,0.031155,0.000079,0.000079,0.028911,0.000079,0.088637,0.000079,0.000157
ACAATAGTCGTACGTT-1,0.019,0.009034,0.002305,0.924715,0.000016,0.044015,0.000864,0.000016,0.000033
ACAATCCATTTAAACC-1,0.58044,0.05296,0.109434,0.088838,0.004959,0.042682,0.04942,0.012332,0.058934
ACAATGAATACGGAGA-1,0.025252,0.002464,0.22807,0.245397,0.005826,0.060639,0.106284,0.267576,0.058491
ACAATGATTCTTCTAC-1,0.00003,0.00003,0.183341,0.00003,0.376709,0.069229,0.00319,0.089017,0.278425
ACAATTGTGTCTCTTT-1,0.010444,0.000015,0.013684,0.015824,0.003351,0.166759,0.490363,0.026835,0.272725
ACAATTTAGGAGGCTC-1,0.625858,0.261334,0.081099,0.000062,0.031272,0.000062,0.000125,0.000062,0.000125
ACAATTTGAGCAGTGG-1,0.237404,0.000051,0.050728,0.000051,0.423345,0.164024,0.000102,0.000051,0.124245
ACAATTTGGCCATATT-1,0.000022,0.016436,0.014515,0.057555,0.092937,0.082722,0.19704,0.020699,0.518073
ACACAAAGACGGGTGG-1,0.682549,0.09753,0.211537,0.000047,0.008054,0.000047,0.000094,0.000047,0.000094
ACACAAATATTCCTAG-1,0.012713,0.009382,0.192756,0.048891,0.093508,0.031709,0.048444,0.290362,0.272234
ACACACCAGGACCAGT-1,0.132352,0.003461,0.000012,0.069547,0.073589,0.08752,0.543887,0.016583,0.073049
ACACACTTTCTACACG-1,0.031525,0.000019,0.016399,0.126908,0.004985,0.463603,0.257702,0.005318,0.093541
ACACATGATCAAATCT-1,0.012621,0.01618,0.1517,0.436007,0.006211,0.060184,0.146886,0.071562,0.098648
ACACATTTCCGTAGAC-1,0.596389,0.128942,0.00002,0.006063,0.068528,0.00002,0.089966,0.068011,0.042061
ACACCACATAATTAGC-1,0.004848,0.016964,0.018349,0.004745,0.023264,0.009399,0.459265,0.00635,0.456817
ACACCCAGCATGCAGC-1,0.597219,0.081865,0.007443,0.022681,0.045718,0.19935,0.012947,0.000048,0.03273
ACACCCGAGAAATCCG-1,0.555434,0.146751,0.034913,0.046956,0.048428,0.064187,0.057279,0.008484,0.037567
ACACCGAGCGCTCTTT-1,0.000068,0.893464,0.000068,0.000068,0.105924,0.000068,0.000136,0.000068,0.000136
ACACCGGTCTGACCGC-1,0.126976,0.178019,0.167441,0.260736,0.080595,0.034043,0.036201,0.044575,0.071414
ACACCTTAAGTAGGGC-1,0.861147,0.026356,0.014475,0.000046,0.065184,0.004395,0.000091,0.000046,0.028262
ACACCTTACTACTTGC-1,0.092689,0.000013,0.000013,0.000607,0.000013,0.032275,0.677111,0.016368,0.180909
ACACGAGACTCCTTCT-1,0.757199,0.00545,0.058558,0.000049,0.147565,0.002892,0.000098,0.000049,0.02814
ACACGGCACTATGCAT-1,0.000018,0.000018,0.000018,0.027228,0.000018,0.168296,0.563391,0.003399,0.237615
ACACGGGAACTTAGGG-1,0.308258,0.000051,0.069433,0.058191,0.060068,0.433966,0.06988,0.000051,0.000101
ACACGTAGGCCACAAG-1,0.00002,0.020382,0.029628,0.072223,0.016546,0.022134,0.279053,0.031886,0.52813
ACACTCCAATGTCACT-1,0.781774,0.054939,0.162589,0.000087,0.000087,0.000087,0.000175,0.000087,0.000175
ACACTGATCAAGGTGT-1,0.047373,0.040284,0.034666,0.192556,0.019154,0.236321,0.2963,0.013535,0.11981
ACACTGGGACAGTCGT-1,0.007492,0.008959,0.075253,0.040756,0.158225,0.055706,0.206236,0.232691,0.214682
ACAGAACTGAGAACAA-1,0.001059,0.000016,0.058874,0.557049,0.000016,0.005768,0.014961,0.356319,0.005938
ACAGCATAGAGCCAGT-1,0.042128,0.01046,0.109368,0.133342,0.000479,0.639776,0.055508,0.003609,0.005331
ACAGCGACATTCTCAT-1,0.000022,0.000022,0.055581,0.030418,0.008612,0.012149,0.113073,0.069131,0.710993
ACAGCGCACCCGCAGC-1,0.009768,0.000019,0.048418,0.059562,0.001679,0.028385,0.334935,0.011225,0.506009
ACAGGCACGGATCCTT-1,0.000013,0.006223,0.027357,0.011779,0.04388,0.007365,0.185135,0.345533,0.372716
ACAGGCTTGCCCGACT-1,0.063687,0.000009,0.004514,0.060514,0.000204,0.265252,0.5067,0.013438,0.085681
ACAGGTGGAGGTGAGG-1,0.011142,0.000015,0.082589,0.372834,0.000015,0.280043,0.203304,0.005112,0.044946
ACAGTAATACAACTTG-1,0.000026,0.142113,0.348059,0.507233,0.000026,0.00241,0.000053,0.000026,0.000053
ACAGTATACCGTGGGA-1,0.000027,0.000027,0.107376,0.011919,0.004484,0.125152,0.123828,0.142943,0.484245
ACATAAGTCGTGGTGA-1,0.035956,0.114826,0.358463,0.24298,0.019579,0.059271,0.071262,0.073716,0.023946
ACATAATAAGGCGGTG-1,0.260278,0.000043,0.078367,0.036772,0.059422,0.442478,0.036261,0.000043,0.086335
ACATACAATCAAGCGG-1,0.727684,0.000051,0.000051,0.000051,0.048638,0.000051,0.012262,0.000051,0.211162
ACATCAGCTGGGACGC-1,0.72734,0.272368,0.000032,0.000032,0.000032,0.000032,0.000065,0.000032,0.000065
ACATCCCGGCCATACG-1,0.000011,0.000011,0.002187,0.166413,0.000011,0.156837,0.559467,0.009863,0.1052
ACATCCTGGTAACTGT-1,0.071722,0.000018,0.000018,0.003782,0.02593,0.095934,0.376836,0.024913,0.400846
ACATCGATCGTTTACC-1,0.41594,0.00006,0.117697,0.00006,0.116169,0.217875,0.00012,0.003159,0.128919
ACATCGCAATATTCGG-1,0.903405,0.000054,0.000054,0.000054,0.000054,0.000054,0.06747,0.000054,0.028803
ACATCGGTCAGCCGCG-1,0.045873,0.021637,0.168403,0.282372,0.02421,0.281624,0.122283,0.01786,0.035738
ACATCGTATGCAATGG-1,0.089122,0.012831,0.000017,0.090801,0.076851,0.22986,0.44974,0.005112,0.045666
ACATCGTTAACCTAGT-1,0.024556,0.000026,0.045898,0.005847,0.033875,0.253605,0.053641,0.02322,0.559333
ACATGCTTACGGCAGC-1,0.912688,0.000078,0.000078,0.000078,0.000078,0.000078,0.000156,0.000078,0.086689
ACATGGCGCCAAAGTA-1,0.025761,0.000015,0.00113,0.058098,0.009544,0.164536,0.281249,0.152083,0.307584
ACATTAGTTTATATCC-1,0.000018,0.000018,0.000018,0.405633,0.000018,0.091088,0.503149,0.00002,0.000037
ACATTCGCGCGGAATA-1,0.598603,0.047327,0.000023,0.1444,0.003187,0.000023,0.167203,0.037489,0.001744
ACATTTGAAACCTAAC-1,0.422441,0.044014,0.001894,0.000031,0.531435,0.000031,0.000062,0.000031,0.000062
ACCAAACACCCAGCGA-1,0.000014,0.000014,0.001591,0.001255,0.000099,0.064332,0.417816,0.293083,0.221795
ACCAACACCACACACT-1,0.000021,0.000021,0.015139,0.019204,0.023149,0.133618,0.195841,0.226267,0.386739
ACCAACCGCACTCCAC-1,0.000013,0.000013,0.011082,0.274437,0.000013,0.004654,0.384681,0.27341,0.051696
ACCAACGCTTATTTAT-1,0.028482,0.008224,0.104538,0.226534,0.014657,0.217474,0.228291,0.025056,0.146745
ACCAAGAACGCGTGTC-1,0.232731,0.044688,0.000037,0.155859,0.119236,0.300049,0.147291,0.000037,0.000073
ACCAAGTCATCGGCAG-1,0.00003,0.00003,0.161375,0.00003,0.430563,0.003225,0.004766,0.157935,0.242047
ACCAATATGCAAGTTA-1,0.015904,0.000016,0.23622,0.027081,0.005219,0.198273,0.03499,0.018241,0.464056
ACCACAACTCAGAACA-1,0.003567,0.005114,0.001036,0.053308,0.209507,0.034713,0.351022,0.11024,0.231493
ACCACAAGTTTCTATC-1,0.811351,0.000054,0.027981,0.000054,0.033225,0.024808,0.020231,0.014998,0.067297
ACCACACGGTTGATGG-1,0.734764,0.005806,0.000027,0.000027,0.082741,0.001049,0.031562,0.005554,0.13847
ACCACCAATGTAACAA-1,0.034239,0.000011,0.000011,0.047453,0.000011,0.118013,0.7054,0.038191,0.056673
ACCACCCTCTCTTCTA-1,0.000021,0.000021,0.012978,0.027222,0.003857,0.027854,0.412396,0.053168,0.462484
ACCACGTGCAGCTATA-1,0.041388,0.000142,0.033839,0.070858,0.043972,0.294951,0.273187,0.062862,0.178802
ACCACTGTTCAAGAAG-1,0.696959,0.302511,0.000059,0.000059,0.000059,0.000059,0.000118,0.000059,0.000118
ACCAGACCATAACAAC-1,0.618152,0.278342,0.061946,0.032656,0.000035,0.008692,0.000071,0.000035,0.000071
ACCAGTGCCCGGTCAA-1,0.02696,0.000013,0.000013,0.003409,0.065558,0.126334,0.479143,0.017992,0.280577
ACCAGTGCGGGAGACG-1,0.040227,0.000033,0.174445,0.000033,0.389599,0.074129,0.000065,0.000033,0.321438
ACCATATCCGCAATAA-1,0.599602,0.020086,0.000046,0.071407,0.008079,0.231508,0.030331,0.000046,0.038896
ACCATCCGCCAACTAG-1,0.001234,0.144768,0.073021,0.685111,0.000025,0.0889,0.006867,0.000025,0.000049
ACCATCGTATATGGTA-1,0.102359,0.033943,0.269957,0.297697,0.040229,0.124978,0.029941,0.021939,0.078957
ACCATTAAGGGTGTCA-1,0.643913,0.298617,0.056879,0.000074,0.000074,0.000074,0.000148,0.000074,0.000148
ACCCAACGCCCGTGGC-1,0.172776,0.000019,0.000019,0.063934,0.000019,0.19721,0.540472,0.002566,0.022985
ACCCACCTACATGCTC-1,0.850805,0.070335,0.078337,0.000065,0.000065,0.000065,0.000131,0.000065,0.000131
ACCCATCTTGAGGGTA-1,0.516976,0.104989,0.085678,0.012697,0.094333,0.147565,0.011123,0.000043,0.026596
ACCCATTTGTCCCTCT-1,0.00002,0.03271,0.068875,0.036625,0.082592,0.002671,0.331139,0.143002,0.302366
ACCCGAGCGAAATTAC-1,0.000022,0.471838,0.066053,0.187659,0.194371,0.000022,0.010051,0.066277,0.003707
ACCCGATTGGTTCCGA-1,0.491985,0.12433,0.000015,0.049965,0.000399,0.002206,0.268651,0.029478,0.032971
ACCCGGAAACTCCCAG-1,0.009141,0.052227,0.219527,0.044646,0.012613,0.300851,0.089641,0.010482,0.260871
ACCCGGAGCACCACAA-1,0.003274,0.028307,0.17461,0.00043,0.130371,0.0396,0.105183,0.081721,0.436504
ACCCGGATGACGCATC-1,0.235468,0.000029,0.007948,0.000029,0.08313,0.065969,0.003936,0.006947,0.596545
ACCCGGTTACACTTCC-1,0.279667,0.019042,0.085914,0.065577,0.17053,0.333433,0.013564,0.000043,0.032231
ACCCGTAGCAGAGAAT-1,0.90408,0.078348,0.000054,0.000054,0.005286,0.000054,0.000107,0.000054,0.011964
ACCCGTAGTCTAGTTG-1,0.02114,0.05752,0.059824,0.075652,0.091967,0.030269,0.290257,0.169832,0.20354
ACCCGTGTCATCAGTA-1,0.000021,0.000021,0.290519,0.107783,0.000021,0.023507,0.17916,0.029975,0.368992
ACCCTATAGGACTGAG-1,0.537122,0.314564,0.016663,0.011034,0.000084,0.088971,0.000168,0.000084,0.03131
ACCCTATGCCATATCG-1,0.047023,0.017362,0.159775,0.30826,0.002498,0.030407,0.093849,0.172306,0.16852
ACCCTCCCGTCAGGGC-1,0.000158,0.045211,0.035003,0.062503,0.056939,0.025789,0.488167,0.142503,0.143727
ACCCTCCCTTGCTATT-1,0.025892,0.000026,0.025395,0.07105,0.078873,0.432492,0.236128,0.011098,0.119047
ACCCTGGTAACGCCCT-1,0.000027,0.000027,0.026601,0.000027,0.00497,0.117684,0.198229,0.056088,0.596346
ACCCTTCATCTGCGAA-1,0.000012,0.000012,0.000012,0.211926,0.000348,0.261664,0.502155,0.001507,0.022362
ACCCTTGCCTGGGTCG-1,0.000041,0.000041,0.178727,0.000041,0.193396,0.012384,0.000082,0.18516,0.430127
ACCCTTTAGTTCTCCA-1,0.000769,0.000023,0.006854,0.021881,0.085395,0.13954,0.259156,0.012859,0.473523
ACCGAAAGGGCCCTGC-1,0.046033,0.002359,0.125002,0.099792,0.05776,0.466128,0.105909,0.038557,0.058461
ACCGAAGAGTCTGGTT-1,0.000038,0.178468,0.464612,0.356616,0.000038,0.000038,0.000076,0.000038,0.000076
ACCGACACATCTCCCA-1,0.037006,0.00192,0.15736,0.07099,0.013038,0.042162,0.306829,0.091962,0.278733
ACCGACTGAGTCCCAC-1,0.284758,0.000037,0.000037,0.021477,0.065777,0.113368,0.299389,0.005092,0.210065
ACCGAGTCTCCTTATT-1,0.000018,0.051548,0.302491,0.000018,0.36475,0.000018,0.011557,0.076499,0.1931
ACCGATAGGCATAACC-1,0.004674,0.033875,0.017248,0.035268,0.110178,0.070936,0.375497,0.047578,0.304747
ACCGATATTTAATCAT-1,0.000028,0.000028,0.16249,0.037566,0.142201,0.014007,0.004893,0.009597,0.629191
ACCGATGGTAGCATCG-1,0.141333,0.000031,0.000063,0.000031,0.190505,0.244798,0.103655,0.004226,0.315358
ACCGCAATAACTGCCT-1,0.064799,0.049036,0.132365,0.035504,0.007887,0.198594,0.061887,0.068965,0.380964
ACCGCGGTGGAAGTCG-1,0.034922,0.000022,0.000022,0.000022,0.055084,0.084336,0.339194,0.024488,0.461912
ACCGCTAGTCATTGGT-1,0.730535,0.070492,0.000026,0.007904,0.002094,0.000026,0.099205,0.005726,0.083994
ACCGGGCCTTTGTTGA-1,0.04126,0.000024,0.009874,0.000024,0.127,0.130101,0.168648,0.021295,0.501774
ACCGGTCAGGTACACC-1,0.000016,0.002059,0.28058,0.536134,0.008559,0.002717,0.064538,0.094259,0.011139
ACCGGTCTGAGTACGG-1,0.001634,0.013274,0.002292,0.003331,0.106195,0.250512,0.443572,0.015361,0.163829
ACCGTCCACTGGGCCC-1,0.138334,0.098854,0.061658,0.449998,0.006737,0.119359,0.092126,0.0167,0.016232
ACCGTGACCACGTGGG-1,0.000011,0.000011,0.042383,0.35929,0.000011,0.016329,0.307728,0.255757,0.01848
ACCTAAGTACCTTTCA-1,0.093612,0.022529,0.036339,0.527051,0.000016,0.073395,0.173206,0.025463,0.048388
ACCTAATCGACTTCCT-1,0.415703,0.583874,0.000047,0.000047,0.000047,0.000047,0.000094,0.000047,0.000094
ACCTACAGTATGTGGT-1,0.013173,0.000021,0.000999,0.005106,0.079008,0.058034,0.34757,0.023029,0.473061
ACCTACTATAAATCTA-1,0.00001,0.065357,0.089434,0.041852,0.13553,0.00043,0.116004,0.422486,0.128897
ACCTCAGCGAGGCGCA-1,0.664954,0.000077,0.000077,0.000077,0.178669,0.000077,0.000153,0.000077,0.15584
ACCTCCGCCCTCGCTG-1,0.000023,0.022713,0.032211,0.076685,0.023528,0.158681,0.240987,0.008539,0.436632
ACCTCCGTTATTCACC-1,0.010417,0.005031,0.052252,0.008455,0.038634,0.075873,0.096076,0.024474,0.688788
ACCTCGAACTTATGCT-1,0.039862,0.315631,0.000789,0.64322,0.000015,0.000015,0.00042,0.000015,0.000031
ACCTGCGTGTCATGTT-1,0.000025,0.175086,0.04316,0.78155,0.000025,0.000025,0.000051,0.000025,0.000051
ACGAAATGGGCGGCAC-1,0.681052,0.100303,0.041286,0.052935,0.047723,0.040729,0.035516,0.00004,0.000416
ACGACCCATGAGTTGC-1,0.000028,0.015797,0.318057,0.162024,0.04252,0.060504,0.01813,0.07156,0.31138
ACGACTCTAGGGCCGA-1,0.000025,0.043372,0.31595,0.000025,0.594331,0.000025,0.000051,0.008007,0.038213
ACGACTGGTCATACTC-1,0.022867,0.114176,0.276117,0.058401,0.270469,0.001777,0.111979,0.079306,0.064907
ACGAGATATTTGCTTA-1,0.000024,0.000024,0.06519,0.099217,0.000024,0.237374,0.32202,0.043419,0.232707
ACGAGGATACCACTCT-1,0.000023,0.063279,0.242887,0.687412,0.000023,0.000023,0.000046,0.006263,0.000046
ACGAGGTTTACAACGT-1,0.000024,0.14829,0.289185,0.478932,0.005877,0.040298,0.004629,0.032409,0.000356
ACGAGTACGGATGCCC-1,0.000008,0.000008,0.000008,0.000008,0.000008,0.000008,0.810084,0.000008,0.189858
ACGATACATAGAACTA-1,0.019636,0.00002,0.023593,0.007672,0.236746,0.277874,0.302471,0.042436,0.089553
ACGATACCTATCCTGA-1,0.456285,0.29573,0.003045,0.072792,0.007174,0.061395,0.094089,0.000032,0.009457
ACGATCATACATAGAG-1,0.452258,0.000066,0.05019,0.000066,0.190917,0.183805,0.066163,0.000066,0.056468
