Barcode,Topic 1to2,Topic 3to4,Topic 5,Topic 6to10
AAACAACGAATAGTTC-1,0.77678,0.14559,0.062747,0.014882
AAACAAGTATCTCCCA-1,0.000017,0.005288,0.030269,0.964426
AAACAATCTACTAGCA-1,0.196061,0.413096,0.239206,0.151637
AAACACCAATAACTGC-1,0.036052,0.005609,0.573685,0.384654
AAACAGAGCGACTCCT-1,0.162779,0.435964,0.039475,0.361781
AAACAGCTTTCAGAAG-1,0.757309,0.211499,0.02223,0.008962
AAACAGGGTCTATATT-1,0.021958,0.000038,0.665281,0.312723
AAACAGTGTTCCTGGG-1,0.270939,0.093089,0.393458,0.242514
AAACATTTCCCGGATT-1,0.000048,0.017671,0.000024,0.982257
AAACCACTACACAGAT-1,0.001167,0.002271,0.399799,0.596764
AAACCCGAACGAAATC-1,0.002507,0.085857,0.033488,0.878148
AAACCGGAAATGTTAA-1,0.010058,0.039378,0.204262,0.746302
AAACCGGGTAGGTACC-1,0.004599,0.113614,0.382008,0.49978
AAACCGTTCGTCCAGG-1,0.050832,0.074238,0.379407,0.495523
AAACCTAAGCAGCCGG-1,0.715823,0.059331,0.147319,0.077527
AAACCTCATGAAGTTG-1,0.415588,0.459308,0.124796,0.000308
AAACGAAGAACATACC-1,0.049949,0.372729,0.10494,0.472383
AAACGACAGTCTTGCC-1,0.011122,0.00029,0.416675,0.571912
AAACGAGACGGTTGAT-1,0.000049,0.158051,0.007835,0.834064
AAACGCCCGAGATCGG-1,0.001688,0.079937,0.015877,0.902498
AAACGCTGGGCACGAC-1,0.115184,0.000186,0.434157,0.450474
AAACGGGCGTACGGGT-1,0.766519,0.002979,0.090716,0.139785
AAACGGGTTGGTATCC-1,0.823327,0.011883,0.031867,0.132923
AAACGGTTGCGAACTG-1,0.737465,0.067143,0.026257,0.169135
AAACGTGTTCGCCCTA-1,0.01596,0.143875,0.125528,0.714637
AAACTAACGTGGCGAC-1,0.027708,0.157151,0.244883,0.570258
AAACTCGGTTCGCAAT-1,0.834174,0.040039,0.065144,0.060643
AAACTCGTGATATAAG-1,0.055461,0.212231,0.020494,0.711814
AAACTGCTGGCTCCAA-1,0.000032,0.013944,0.010156,0.975868
AAACTTGCAAACGTAT-1,0.071087,0.209393,0.418114,0.301407
AAAGAATGTGGACTAA-1,0.863852,0.086559,0.022323,0.027265
AAAGACATGAAGTTTA-1,0.001228,0.099862,0.079734,0.819176
AAAGACCCAAGTCGCG-1,0.495105,0.487103,0.00005,0.017743
AAAGACTGGGCGCTTT-1,0.841114,0.157412,0.000076,0.001398
AAAGCTTGCCTACATA-1,0.036206,0.023758,0.047968,0.892068
AAAGGCTACGGACCAT-1,0.024065,0.19295,0.418458,0.364527
AAAGGCTCTCGCGCCG-1,0.000084,0.192663,0.049696,0.757557
AAAGGGATGTAGCAAG-1,0.309314,0.690074,0.000068,0.000544
AAAGGGCAGCTTGAAT-1,0.870602,0.113017,0.000067,0.016314
AAAGGTAAGCTGTACC-1,0.021392,0.399783,0.086661,0.492163
AAAGGTCAACGACATG-1,0.023131,0.004682,0.023424,0.948763
AAAGTAGCATTGCTCA-1,0.051565,0.114109,0.48664,0.347686
AAAGTCACTGATGTAA-1,0.661524,0.260591,0.00004,0.077845
AAAGTCGACCCTCAGT-1,0.81574,0.180652,0.000079,0.003528
AAAGTGCCATCAATTA-1,0.018506,0.055936,0.243812,0.681747
AAAGTGTGATTTATCT-1,0.00005,0.062662,0.007755,0.929533
AAAGTTGACTCCCGTA-1,0.000019,0.017594,0.016777,0.96561
AAATAACCATACGGGA-1,0.195454,0.562693,0.000056,0.241797
AAATAAGGTAGTGCCC-1,0.011988,0.107051,0.140893,0.740069
AAATACCTATAAGCAT-1,0.000017,0.028481,0.06902,0.902482
AAATAGCTTAGACTTT-1,0.016081,0.250249,0.039407,0.694264
AAATAGGGTGCTATTG-1,0.000044,0.014179,0.003706,0.982071
AAATCACTCCTAAACG-1,0.000017,0.002846,0.118523,0.878614
AAATCCGATACACGCC-1,0.654919,0.056399,0.040984,0.247698
AAATCGTGTACCACAA-1,0.000045,0.007046,0.059474,0.933435
AAATCTAGCCCTGCTA-1,0.00003,0.00003,0.001875,0.998065
AAATGATTCGATCAGC-1,0.006445,0.3624,0.000037,0.631118
AAATGCTCGTTACGTT-1,0.998896,0.000276,0.000138,0.00069
AAATGGCATGTCTTGT-1,0.052891,0.594405,0.000058,0.352646
AAATGGCCCGTGCCCT-1,0.034041,0.0001,0.615514,0.350345
AAATGGTCAATGTGCC-1,0.006121,0.324407,0.141421,0.528051
AAATGTATCTTATCCC-1,0.93481,0.000093,0.064865,0.000232
AAATGTGGGTGCTCCT-1,0.729662,0.144085,0.000085,0.126168
AAATTAACGGGTAGCT-1,0.005431,0.118949,0.150601,0.725019
AAATTAATAAGCGCGA-1,0.906439,0.045055,0.048258,0.000248
AAATTACACGACTCTG-1,0.224641,0.619053,0.000067,0.156238
AAATTACCTATCGATG-1,0.106251,0.79813,0.000039,0.095579
AAATTCCAGGTCCAAA-1,0.000021,0.045401,0.035897,0.918682
AAATTGATAGTCCTTT-1,0.000034,0.000034,0.304563,0.695368
AAATTGCGGCGGTTCT-1,0.850589,0.01527,0.012464,0.121676
AAATTGGTGAGAAGCA-1,0.025483,0.109199,0.117509,0.747809
AAATTTACCGAAATCC-1,0.056861,0.437536,0.184918,0.320685
AAATTTGCGGGTGTGG-1,0.031658,0.055327,0.366387,0.546627
AACAACTGGTAGTTGC-1,0.689338,0.301604,0.000057,0.009001
AACAATACATTGTCGA-1,0.000011,0.000011,0.208228,0.791751
AACAATTACTCTACGC-1,0.713809,0.234971,0.000048,0.051172
AACACACGCTCGCCGC-1,0.014668,0.053743,0.020164,0.911425
AACACGACTGTACTGA-1,0.02919,0.44333,0.128415,0.399065
AACACGAGACGCGGCC-1,0.056141,0.00007,0.699063,0.244726
AACACGCGGCCGCGAA-1,0.663405,0.246807,0.000078,0.089711
AACAGCTGTGTGGCAA-1,0.000036,0.001292,0.467212,0.53146
AACAGGAAATCGAATA-1,0.084535,0.453293,0.128896,0.333276
AACAGGATGGGCCGCG-1,0.999293,0.000177,0.000088,0.000442
AACAGGTAGTATGGAT-1,0.000028,0.02091,0.040119,0.938943
AACATATCAACTGGTG-1,0.010606,0.388901,0.2257,0.374793
AACATCGATACGTCTA-1,0.029811,0.243893,0.006288,0.720008
AACATTGGTCAGCCGT-1,0.795846,0.067019,0.022505,0.11463
AACATTGTGACTCGAG-1,0.640806,0.300235,0.036823,0.022135
AACCAAGACTTCTCTG-1,0.599743,0.399853,0.000067,0.000337
AACCAGTATCACTCTT-1,0.031942,0.281186,0.201196,0.485677
AACCATGGGATCGCTA-1,0.88761,0.045801,0.000121,0.066468
AACCCAGAGACGGAGA-1,0.491774,0.416587,0.000131,0.091508
AACCCATCCCATGATC-1,0.061907,0.000437,0.904978,0.032678
AACCCGACAACCCGTG-1,0.938078,0.000085,0.061626,0.000212
AACCCGAGCAGAATCG-1,0.000033,0.000205,0.012238,0.987524
AACCCGATAGGGCTTC-1,0.008287,0.025557,0.154101,0.812055
AACCCTACTGTCAATA-1,0.043243,0.029046,0.179606,0.748105
AACCCTGGTGGAACCA-1,0.397651,0.494241,0.000078,0.10803
AACCGAGCTTGGTCAT-1,0.14677,0.625012,0.000042,0.228176
AACCGCTAAGGGATGC-1,0.000035,0.039545,0.080313,0.880107
AACCGTTGTGTTTGCT-1,0.050802,0.490997,0.111914,0.346286
AACCTAAAGCCGTCCG-1,0.000032,0.14003,0.199047,0.660891
AACCTCGCTTTAGCCC-1,0.18867,0.235262,0.091102,0.484966
AACCTGTCACGGAATT-1,0.064602,0.112842,0.041075,0.781481
AACCTTTAAATACGGT-1,0.000046,0.008695,0.000026,0.991233
AACCTTTACGACGTCT-1,0.102504,0.568343,0.008152,0.321001
AACGACCTCCTAGCCG-1,0.646405,0.000402,0.190194,0.162999
AACGATAATGCCGTAG-1,0.000038,0.066205,0.025837,0.90792
AACGATAGAAGGGCCG-1,0.685915,0.313517,0.000095,0.000473
AACGATATGTCAACTG-1,0.177495,0.654125,0.001496,0.166884
AACGCATGATCTGGGT-1,0.164799,0.717825,0.000059,0.117317
AACGCGAACGGCAACA-1,0.694042,0.305531,0.000071,0.000355
AACGCGACCTTGGGCG-1,0.97815,0.000077,0.021582,0.000191
AACGCGGTCTCCAGCC-1,0.516562,0.389376,0.000063,0.094
AACGCTGTTGCTGAAA-1,0.000031,0.007232,0.007524,0.985213
AACGGACGTACGTATA-1,0.027016,0.045906,0.022439,0.90464
AACGGCCATCTCCGGT-1,0.00005,0.021708,0.568853,0.409389
AACGTACTGTGGGTAC-1,0.002929,0.147619,0.324509,0.524943
AACGTAGTCTACCCAT-1,0.634706,0.182092,0.041527,0.141675
AACGTCAGACTAGTGG-1,0.870286,0.129069,0.000108,0.000538
AACGTCGCTGCACTTC-1,0.999546,0.000114,0.000057,0.000284
AACGTGATGAAGGACA-1,0.00705,0.440315,0.116185,0.436449
AACGTGCGAAAGTCTC-1,0.036366,0.033883,0.255634,0.674116
AACGTTATCAGCACCT-1,0.985005,0.000142,0.014496,0.000356
AACTACCCGTTTGTCA-1,0.000018,0.013252,0.015544,0.971185
AACTAGCGTATCGCAC-1,0.644159,0.355352,0.000082,0.000408
AACTAGGCTTGGGTGT-1,0.038184,0.018986,0.000029,0.942802
AACTCAAGTTAATTGC-1,0.002045,0.206721,0.239317,0.551917
AACTCCAGAGCGTGTT-1,0.000063,0.087505,0.000031,0.912401
AACTCCTAATCCCATG-1,0.119648,0.545302,0.073414,0.261637
AACTCGATAAACACGT-1,0.801021,0.014828,0.16178,0.022371
AACTCGATGGCGCAGT-1,0.6865,0.28616,0.000117,0.027223
AACTCTCAATAGAGCG-1,0.026921,0.287252,0.047919,0.637908
AACTCTCAGTGTGCTC-1,0.139032,0.318212,0.302688,0.240068
AACTGAGGTCAGCGTC-1,0.000058,0.178051,0.005541,0.81635
AACTGAGTTATACTGA-1,0.019769,0.046233,0.251701,0.682297
AACTGATATTAGGCCT-1,0.069997,0.492566,0.000553,0.436884
AACTGGGTCCCGACGT-1,0.566747,0.432872,0.000064,0.000318
AACTGGGTTCGAGCCG-1,0.017659,0.281809,0.151166,0.549366
AACTGGTGTGGGCCTT-1,0.457535,0.54141,0.000079,0.000976
AACTTCTGCGTCTATC-1,0.99866,0.000335,0.000168,0.000838
AACTTGCCCGTATGCA-1,0.727726,0.212882,0.000071,0.059321
AACTTGCGTTCTCGCG-1,0.954883,0.04455,0.000095,0.000473
AACTTTACGGGAGCTT-1,0.608168,0.000088,0.391526,0.000219
AACTTTAGCTGCTGAG-1,0.572778,0.425814,0.00011,0.001299
AACTTTCTCGATCATG-1,0.01472,0.003755,0.217405,0.76412
AAGAAATCACCAGATT-1,0.03155,0.004149,0.134191,0.830109
AAGAAGGATCAGTTAG-1,0.891333,0.108148,0.000087,0.000433
AAGACATACGTGGTTT-1,0.126778,0.056397,0.097183,0.719642
AAGACCCAACTGAACA-1,0.159971,0.128856,0.212585,0.498587
AAGACTAACCCGTTGT-1,0.782904,0.105098,0.018729,0.093269
AAGACTCACGCCCACT-1,0.021401,0.152987,0.066324,0.759289
AAGACTGCAAGCTACT-1,0.009416,0.057979,0.178881,0.753724
AAGAGATGAATCGGTA-1,0.617707,0.3222,0.000055,0.060038
AAGAGCTCTTTATCGG-1,0.000046,0.132372,0.299758,0.567824
AAGAGGATGTACGCGA-1,0.073216,0.149295,0.111604,0.665885
AAGAGGCATGGATCGC-1,0.000039,0.150518,0.070404,0.779039
AAGAGGCCCTTTGGAA-1,0.000046,0.002431,0.000023,0.997501
AAGATGGCACCGGACC-1,0.000618,0.128372,0.383389,0.487621
AAGATTGGCGGAACGT-1,0.154471,0.515528,0.022146,0.307855
AAGCACCCTGCGTATC-1,0.000081,0.191902,0.00004,0.807978
AAGCATACTCTCCTGA-1,0.011837,0.009816,0.036188,0.942159
AAGCCGAAGCGGTTTA-1,0.000019,0.000368,0.000295,0.999318
AAGCCGCTTTACCTTG-1,0.018449,0.006321,0.183521,0.791708
AAGCCGGAGAGCAGGA-1,0.006756,0.048088,0.212716,0.73244
AAGCGCAGGGCTTTGA-1,0.704808,0.057923,0.063506,0.173763
AAGCGGAGTGCGCGCA-1,0.009745,0.010743,0.381318,0.598194
AAGCGGCGTCATGGGT-1,0.000053,0.344292,0.16017,0.495485
AAGCGTCCCTCATCGA-1,0.000049,0.063988,0.290993,0.64497
AAGCTAGATCGAGTAA-1,0.000027,0.000027,0.127046,0.8729
AAGCTCGTGCCAAGTC-1,0.000034,0.029279,0.06543,0.905256
AAGCTCTTTCATGGTG-1,0.000022,0.000022,0.040356,0.9596
AAGGAGAACTTATAAG-1,0.64079,0.300967,0.000059,0.058185
AAGGAGCGGTTGGTGC-1,0.569764,0.429586,0.000108,0.000541
AAGGATCGATCGCTTG-1,0.014259,0.134474,0.031601,0.819666
AAGGATGAGGGACCTC-1,0.037292,0.597169,0.093695,0.271844
AAGGCAGGCTGTCTCC-1,0.008418,0.116657,0.027553,0.847371
AAGGCGCGTAAAGCTT-1,0.633003,0.366605,0.000065,0.000326
AAGGCTGTGCTCATCG-1,0.582831,0.416352,0.000136,0.00068
AAGGGAACGACTGGCT-1,0.146255,0.051486,0.729568,0.072691
AAGGGACAGATTCTGT-1,0.172352,0.572799,0.044378,0.210472
AAGGGACTATGCATTC-1,0.008253,0.000024,0.714268,0.277454
AAGGTATCCTAATATA-1,0.474918,0.52472,0.00006,0.000302
AAGGTGATAAACCAGC-1,0.000021,0.015896,0.050495,0.933588
AAGTAAGCTTCCAAAC-1,0.516635,0.257701,0.112631,0.113034
AAGTAGAAGACCGGGT-1,0.065123,0.762961,0.000043,0.171872
AAGTAGTGACGCGAGG-1,0.568422,0.390857,0.00006,0.040661
AAGTCAATTGTCGTCA-1,0.000019,0.003075,0.033804,0.963102
AAGTCTAGTAGCTGCC-1,0.064621,0.011595,0.306608,0.617177
AAGTCTTCTGTGGCCT-1,0.977769,0.000114,0.021832,0.000285
AAGTGACGACCGAATT-1,0.0321,0.120021,0.390657,0.457222
AAGTGAGTCGGGTTTA-1,0.056563,0.181212,0.230839,0.531386
AAGTGCAAAGGTAGAC-1,0.999806,0.000048,0.000024,0.000121
AAGTGCCTTGACTGTA-1,0.000045,0.017369,0.000722,0.981864
AAGTGCGTTAGAATCT-1,0.000091,0.003192,0.54216,0.454557
AAGTGCTTCTCTATTG-1,0.924395,0.072849,0.000051,0.002705
AAGTGTTTGGAGACGG-1,0.000056,0.055033,0.000028,0.944882
AAGTTCACTCCAAGCT-1,0.000028,0.000028,0.048104,0.95184
AAGTTCAGTCTGCGTA-1,0.051211,0.56346,0.051213,0.334116
AAGTTCGGCCAACAGG-1,0.000762,0.116567,0.375213,0.507458
AAGTTGTGATGTTATA-1,0.068066,0.070984,0.003154,0.857797
AAGTTTACTAATGGCA-1,0.031898,0.622318,0.029479,0.316305
AAGTTTATGGGCCCAA-1,0.815709,0.000158,0.133891,0.050241
AATAACAACGCTCGGC-1,0.140906,0.189196,0.375893,0.294005
AATAACACTAGAACAA-1,0.051999,0.153338,0.302902,0.491761
AATAAGTCCTCGAGAC-1,0.324944,0.503736,0.00008,0.17124
AATAATCTTCGTATCG-1,0.000019,0.000703,0.076957,0.922321
AATACAATGTTTCAGG-1,0.994487,0.005075,0.000073,0.000366
AATACCGGAGGGCTGT-1,0.944979,0.054743,0.000046,0.000232
AATACCTGATGTGAAC-1,0.202267,0.144518,0.186032,0.467184
AATAGAACAGAGTGGC-1,0.019839,0.297735,0.319807,0.362618
AATAGAATCTGTTTCA-1,0.000046,0.042094,0.008239,0.949621
AATAGCAAGCCTCCTG-1,0.089842,0.095213,0.24088,0.574066
AATAGCTACCGCGTGC-1,0.014878,0.507606,0.000048,0.477469
AATAGTCCGTCCCGAC-1,0.040633,0.199562,0.217795,0.54201
AATAGTCGCGAGTCGG-1,0.973348,0.000116,0.000058,0.026478
AATATCAAGGTCGGAT-1,0.61355,0.356398,0.000081,0.029972
AATATCCTAGCAAACT-1,0.999707,0.000073,0.000037,0.000183
AATATCGAATCAATGC-1,0.000032,0.070525,0.025175,0.904268
AATATCGAGGGTTCTC-1,0.172381,0.587499,0.000044,0.240075
AATATTGGAGTATTGA-1,0.809128,0.164007,0.000131,0.026734
AATCAGACTGCAGGAC-1,0.806272,0.193088,0.000107,0.000534
AATCAGGTTTCATTTA-1,0.99957,0.000108,0.000054,0.000269
AATCATGTAAAGACTC-1,0.00004,0.003008,0.00002,0.996931
AATCCAAGGGCCTGAG-1,0.599469,0.399781,0.000125,0.000625
AATCCATGCAAGGGTG-1,0.874165,0.033767,0.074139,0.01793
AATCGCCTCAGCGCCA-1,0.004859,0.028683,0.082061,0.884397
AATCGCGCAGAGGACT-1,0.016117,0.157263,0.01972,0.806899
AATCGGGACACTACGA-1,0.473809,0.429081,0.000092,0.097018
AATCGGTATAGCCCTC-1,0.876662,0.09224,0.000061,0.031037
AATCGTGAGCCGAGCA-1,0.541835,0.063379,0.136117,0.258669
AATCTAGGTTTACTTG-1,0.024257,0.000092,0.57684,0.39881
AATCTATGCCGGAGCC-1,0.018424,0.197686,0.020689,0.763201
AATCTCTACTGTGGTT-1,0.963553,0.013218,0.006616,0.016613
AATCTGCGTTGGGACG-1,0.069546,0.404207,0.046564,0.479683
AATCTGGCTTTCTAGT-1,0.029208,0.000057,0.968451,0.002284
AATCTGGGTAGACCCT-1,0.022995,0.09712,0.200803,0.679083
AATGACAGCAATGTCT-1,0.038578,0.000152,0.385119,0.57615
AATGACGTAGGATGTC-1,0.000061,0.154302,0.000031,0.845606
AATGACTGTCAGCCGG-1,0.207007,0.618662,0.004486,0.169845
AATGAGTTCGCATATG-1,0.861422,0.094866,0.000101,0.043611
AATGATGATACGCTAT-1,0.19031,0.792479,0.000054,0.017156
AATGATGCGACTCCTG-1,0.143361,0.658032,0.00438,0.194227
AATGCAACCGGGTACC-1,0.61098,0.388455,0.000094,0.000471
AATGCACCAAGCAATG-1,0.095908,0.722975,0.011308,0.169809
AATGGCCGCCAATGCG-1,0.017245,0.035689,0.087073,0.859994
AATGGTCCACCGTTCA-1,0.856976,0.142588,0.000073,0.000363
AATGGTTCTCACAAGC-1,0.829455,0.169683,0.000144,0.000718
AATGTGCCCGAGGTGT-1,0.000032,0.000032,0.781943,0.217993
AATGTGCTAATCTGAG-1,0.899904,0.095568,0.004284,0.000244
AATGTTGTCGTGAGAC-1,0.649818,0.013393,0.123419,0.21337
AATTAAAGGTCGGCGT-1,0.005493,0.055036,0.254295,0.685176
AATTAACGGATTTCCA-1,0.000093,0.263183,0.000046,0.736679
AATTACTCGTACGCTC-1,0.917451,0.013019,0.009006,0.060523
AATTAGCGCTGCAGCG-1,0.000041,0.000041,0.199837,0.800081
AATTCATAAGGGATCT-1,0.214796,0.784847,0.000059,0.000297
AATTCCAACTTGGTGA-1,0.718586,0.08426,0.14137,0.055784
AATTCCAAGCATGTAC-1,0.752428,0.075063,0.053813,0.118696
AATTCGATTCGAGGAT-1,0.672339,0.069435,0.005682,0.252543
AATTCTAGAGTTAGGC-1,0.000066,0.002836,0.024162,0.972936
AATTGAACGCTCTGGT-1,0.000037,0.033874,0.005809,0.960279
AATTGCAGCAATCGAC-1,0.050192,0.15207,0.188006,0.609731
AATTGTGGTTGCCAAA-1,0.015799,0.011251,0.073383,0.899567
AATTTGGGACATAGTA-1,0.106551,0.544356,0.044659,0.304434
AATTTGGTTCCAAAGA-1,0.031748,0.445137,0.032122,0.490994
ACAAACCGACAAGGCG-1,0.005221,0.312165,0.148127,0.534487
ACAAAGAAGGTAGGCC-1,0.918814,0.069413,0.003642,0.008131
ACAAAGCATGACCTAG-1,0.059511,0.040926,0.02175,0.877813
ACAAATCGCACCGAAT-1,0.000033,0.002426,0.044117,0.953424
ACAAATGGTAGTGTTT-1,0.000024,0.00007,0.026524,0.973382
ACAAATTCAGATCTGA-1,0.000044,0.216429,0.242074,0.541453
ACAACAGCATGAGCTA-1,0.041376,0.16537,0.230221,0.563032
ACAACGGTCCCTGCGA-1,0.824909,0.174471,0.000103,0.000516
ACAAGCAGTGCCTAGC-1,0.914213,0.085325,0.000077,0.000385
ACAAGCTATATGGAAG-1,0.947073,0.008229,0.014538,0.03016
ACAAGGAAATCCGCCC-1,0.000051,0.023966,0.000026,0.975957
ACAAGGACAAGAGGTT-1,0.626929,0.372592,0.00008,0.000399
ACAAGGATGCTTTAGG-1,0.000082,0.23157,0.000041,0.768307
ACAAGGCCTACCAGCC-1,0.00932,0.176395,0.072084,0.742202
ACAAGGGCAGGCTCTG-1,0.000052,0.063646,0.060376,0.875926
ACAATAGTCGTACGTT-1,0.028613,0.046787,0.428988,0.495612
ACAATCCATTTAAACC-1,0.051572,0.448646,0.382877,0.116906
ACAATCGATCTTTATA-1,0.004049,0.585573,0.032315,0.378063
ACAATGAATACGGAGA-1,0.015181,0.033353,0.476484,0.474982
ACAATGATTCTTCTAC-1,0.038572,0.07557,0.113232,0.772625
ACAATTGTGTCTCTTT-1,0.00705,0.0112,0.029063,0.952687
ACAATTTAGGAGGCTC-1,0.999567,0.000108,0.000054,0.000271
ACAATTTGAGCAGTGG-1,0.212032,0.472105,0.002405,0.313458
ACAATTTGGCCATATT-1,0.031561,0.053913,0.047386,0.86714
ACACAAAGACGGGTGG-1,0.628324,0.371199,0.000079,0.000397
ACACAAATATTCCTAG-1,0.036345,0.076975,0.158455,0.728226
ACACACCAGGACCAGT-1,0.000039,0.060103,0.175563,0.764295
ACACACTTTCTACACG-1,0.081644,0.503935,0.111664,0.302757
ACACATGATCAAATCT-1,0.114504,0.016163,0.576301,0.293031
ACACATTGACGCAACA-1,0.820878,0.022898,0.106356,0.049869
ACACATTTCCGTAGAC-1,0.999525,0.000354,0.00002,0.000101
ACACCACATAATTAGC-1,0.011106,0.118472,0.024774,0.845647
ACACCCAGCATGCAGC-1,0.608129,0.391182,0.000115,0.000574
ACACCCGAGAAATCCG-1,0.90541,0.093817,0.000129,0.000645
ACACCCGTAAATCTGT-1,0.023262,0.052209,0.085193,0.839336
ACACCGAGCGCTCTTT-1,0.954585,0.045028,0.000065,0.000323
ACACCTTAAGTAGGGC-1,0.58564,0.408475,0.000119,0.005766
ACACCTTACTACTTGC-1,0.034473,0.145765,0.007536,0.812226
ACACGAGACTCCTTCT-1,0.043214,0.306725,0.002104,0.647957
ACACGGCACTATGCAT-1,0.622592,0.321286,0.000072,0.056051
ACACGGGAACTTAGGG-1,0.124541,0.657751,0.000042,0.217666
ACACGTAGGCCACAAG-1,0.000048,0.003326,0.000024,0.996602
ACACTCCAATGTCACT-1,0.948803,0.050595,0.0001,0.000502
ACACTGATCAAGGTGT-1,0.000077,0.245933,0.082285,0.671705
ACACTGGGACAGTCGT-1,0.000035,0.000035,0.076995,0.922934
ACAGAACTGAGAACAA-1,0.04919,0.050027,0.555324,0.345459
ACAGATTAGGTTAGTG-1,0.369544,0.62957,0.000148,0.000739
ACAGCATAGAGCCAGT-1,0.654124,0.345085,0.000132,0.000659
ACAGCGACATTCTCAT-1,0.000055,0.017926,0.000027,0.981993
ACAGGCACGGATCCTT-1,0.78466,0.007664,0.016398,0.191278
ACAGGCTTGCCCGACT-1,0.000037,0.005092,0.048666,0.946205
ACAGGTGGAGGTGAGG-1,0.071113,0.12315,0.110885,0.694852
ACAGGTGTGTTGTTGC-1,0.99963,0.000092,0.000046,0.000231
ACAGTAATACAACTTG-1,0.037202,0.032108,0.437813,0.492877
ACAGTATACCGTGGGA-1,0.005647,0.221041,0.201376,0.571937
ACAGTGCAGCGCATTT-1,0.00002,0.00002,0.213284,0.786676
ACATAATAAGGCGGTG-1,0.70324,0.296131,0.000105,0.000524
ACATCAGCTGGGACGC-1,0.999454,0.000137,0.000068,0.000341
ACATCCCGGCCATACG-1,0.000077,0.283524,0.094513,0.621886
ACATCCTGGTAACTGT-1,0.014497,0.006261,0.007305,0.971937
ACATCGATCGTTTACC-1,0.006575,0.008749,0.1896,0.795076
ACATCGGTCAGCCGCG-1,0.008284,0.093347,0.156569,0.741799
ACATCGTATGCAATGG-1,0.000021,0.000021,0.054258,0.945701
ACATCGTTAACCTAGT-1,0.176337,0.525493,0.115811,0.182359
ACATGGCGCCAAAGTA-1,0.031675,0.168587,0.042838,0.756899
ACATGGCTCAATTTAG-1,0.921151,0.041013,0.000081,0.037755
ACATTAGTTTATATCC-1,0.000073,0.000369,0.001826,0.997732
ACATTTGAAACCTAAC-1,0.926992,0.001872,0.053442,0.017694
ACCAAACACCCAGCGA-1,0.037175,0.268868,0.069677,0.62428
ACCAAACTAGAAATCC-1,0.000071,0.4576,0.071189,0.47114
ACCAACACCACACACT-1,0.060463,0.431054,0.052718,0.455765
ACCAACCGCACTCCAC-1,0.271991,0.092805,0.177213,0.457991
ACCAACGCTTATTTAT-1,0.005668,0.296237,0.119021,0.579074
ACCAAGAACGCGTGTC-1,0.744446,0.186201,0.000113,0.06924
ACCAAGTCATCGGCAG-1,0.691843,0.224222,0.000054,0.083881
ACCAATATGCAAGTTA-1,0.000031,0.006759,0.125908,0.867303
ACCACAACTCAGAACA-1,0.103931,0.478192,0.117321,0.300556
ACCACAAGTTTCTATC-1,0.25502,0.533747,0.028365,0.182867
ACCACCAATGTAACAA-1,0.000531,0.167383,0.018821,0.813264
ACCACCCTCTCTTCTA-1,0.000026,0.013214,0.328342,0.658418
ACCACGTGCAGCTATA-1,0.000044,0.091495,0.005967,0.902494
ACCACTGTTCAAGAAG-1,0.691396,0.000036,0.25891,0.049658
ACCAGACCATAACAAC-1,0.755715,0.190442,0.046101,0.007742
ACCAGCCCGGTCTTTG-1,0.043398,0.401397,0.051878,0.503328
ACCAGGAGTGTGATCT-1,0.468121,0.521255,0.000069,0.010556
ACCAGTGCCCGGTCAA-1,0.038561,0.345462,0.102034,0.513943
ACCAGTGCGGGAGACG-1,0.00002,0.000225,0.085076,0.914679
ACCATATCCGCAATAA-1,0.05082,0.112188,0.125103,0.711889
ACCATCCGCCAACTAG-1,0.165161,0.116068,0.549843,0.168928
ACCATCGTATATGGTA-1,0.000133,0.086263,0.254221,0.659382
ACCATTAAGGGTGTCA-1,0.827228,0.000086,0.108967,0.06372
ACCCAACGCCCGTGGC-1,0.07829,0.480222,0.120015,0.321473
ACCCACCTACATGCTC-1,0.744074,0.255534,0.000065,0.000327
ACCCATCTTGAGGGTA-1,0.000043,0.048965,0.353444,0.597548
ACCCATTTGTCCCTCT-1,0.000047,0.014665,0.091935,0.893353
ACCCGAGCGAAATTAC-1,0.045461,0.043858,0.518522,0.392159
ACCCGATTGGTTCCGA-1,0.983009,0.002426,0.014287,0.000278
ACCCGGAAACTCCCAG-1,0.000061,0.012289,0.00003,0.98762
ACCCGGAGCACCACAA-1,0.014552,0.025845,0.161981,0.797621
ACCCGGATGACGCATC-1,0.00135,0.231196,0.070329,0.697125
ACCCGGTTACACTTCC-1,0.000036,0.004278,0.482827,0.512859
ACCCGTAGTCTAGTTG-1,0.053973,0.027266,0.000161,0.918601
ACCCGTGTCATCAGTA-1,0.047126,0.309795,0.090033,0.553046
ACCCTATAGGACTGAG-1,0.793324,0.169942,0.000086,0.036648
ACCCTATGCCATATCG-1,0.000025,0.000025,0.241934,0.758015
ACCCTCCCGTCAGGGC-1,0.550372,0.05631,0.116393,0.276925
ACCCTCCCTTGCTATT-1,0.000036,0.004242,0.011921,0.983802
ACCCTGGTAACGCCCT-1,0.000035,0.133081,0.127463,0.739421
ACCCTTCATCTGCGAA-1,0.117768,0.399975,0.031155,0.451102
ACCCTTGCCTGGGTCG-1,0.019306,0.019705,0.177022,0.783966
ACCGAAAGGGCCCTGC-1,0.557096,0.439077,0.000056,0.003771
ACCGACACATCTCCCA-1,0.420684,0.163161,0.110928,0.305226
ACCGACTGAGTCCCAC-1,0.431806,0.522851,0.000059,0.045283
ACCGAGTCTCCTTATT-1,0.8115,0.000102,0.188143,0.000254
ACCGATAGGCATAACC-1,0.000022,0.000022,0.197661,0.802294
ACCGATATTTAATCAT-1,0.000027,0.000027,0.095348,0.904598
ACCGATGGTAGCATCG-1,0.000037,0.199092,0.004753,0.796118
ACCGCAATAACTGCCT-1,0.000043,0.071333,0.010672,0.917952
ACCGCGGTGGAAGTCG-1,0.00006,0.076698,0.001036,0.922206
ACCGGGCCTTTGTTGA-1,0.000035,0.045997,0.017931,0.936036
ACCGGTCAGGTACACC-1,0.009,0.000013,0.856429,0.134557
ACCGGTCTGAGTACGG-1,0.000031,0.144242,0.101153,0.754574
ACCGTGACCACGTGGG-1,0.020912,0.053273,0.454553,0.471261
ACCGTTCCCGCTCTGA-1,0.000091,0.544888,0.039891,0.41513
ACCTAAGTACCTTTCA-1,0.069596,0.112666,0.410549,0.40719
ACCTAATCGACTTCCT-1,0.685681,0.313659,0.00011,0.00055
ACCTACAGTATGTGGT-1,0.032705,0.092944,0.070425,0.803926
ACCTACTATAAATCTA-1,0.764776,0.007708,0.156717,0.070799
ACCTCCGCCCTCGCTG-1,0.000034,0.026634,0.019179,0.954153
ACCTCCGTTATTCACC-1,0.053656,0.115305,0.045892,0.785147
ACCTGCGTGTCATGTT-1,0.019332,0.000104,0.585835,0.39473
ACGAAATGGGCGGCAC-1,0.85214,0.019809,0.000112,0.127939
ACGACCCATGAGTTGC-1,0.027622,0.053132,0.253148,0.666097
ACGACTCTAGGGCCGA-1,0.838256,0.057768,0.084293,0.019683
ACGACTGGTCATACTC-1,0.034679,0.000049,0.752872,0.2124
ACGAGAACCCATCACG-1,0.729881,0.235238,0.000095,0.034786
ACGAGGATACCACTCT-1,0.054888,0.004603,0.46942,0.471089
ACGAGGTTTACAACGT-1,0.051072,0.020838,0.813798,0.114292
ACGAGTACGGATGCCC-1,0.076264,0.534336,0.146652,0.242748
ACGAGTCGCCGGCGTT-1,0.556609,0.000717,0.43739,0.005284
ACGATACATAGAACTA-1,0.393774,0.605911,0.000053,0.000263
ACGATACCTATCCTGA-1,0.952501,0.047296,0.000034,0.000169
ACGATCATACATAGAG-1,0.505834,0.493832,0.000056,0.000278
ACGATCATCTTGTAAA-1,0.035936,0.128568,0.001232,0.834265
ACGATGCATATGTTAT-1,0.000103,0.217774,0.204345,0.577778
ACGATGGATCCGATGC-1,0.257081,0.715227,0.000117,0.027576
ACGCAAACTAATAGAT-1,0.066096,0.164155,0.551188,0.218561
ACGCAATCACTACAGC-1,0.004448,0.441708,0.004665,0.549179
ACGCATAAATGACATG-1,0.018079,0.091144,0.160822,0.729955
ACGCATACGTTTACTA-1,0.000048,0.102062,0.000024,0.897866
ACGCATTCGTGAGTAC-1,0.000054,0.167196,0.0849,0.74785
ACGCCAGATGATTTCT-1,0.320707,0.67895,0.000057,0.000285
ACGCCAGTGCGTTTGC-1,0.935336,0.000127,0.041799,0.022738
ACGCCGCTAGACGACC-1,0.000055,0.153359,0.010013,0.836573
ACGCGAAGTCAGACGA-1,0.000075,0.109753,0.036209,0.853963
ACGCGCTACACAGGGT-1,0.000049,0.052266,0.43841,0.509275
ACGCGGGCCAAGGACA-1,0.004827,0.265006,0.250357,0.47981
ACGCGTTTCTTAAGAG-1,0.972992,0.000126,0.021847,0.005035
ACGCTACTGAATGGGC-1,0.313389,0.079528,0.183777,0.423306
ACGCTAGTATCAGTGC-1,0.015283,0.036276,0.014247,0.934194
ACGCTAGTGATACACT-1,0.096569,0.674568,0.054529,0.174333
ACGCTGTGAGGCGTAG-1,0.91832,0.05311,0.02823,0.00034
ACGCTTAGTGTCTCTC-1,0.000062,0.293859,0.194868,0.51121
ACGGAACACGAGTGCC-1,0.999665,0.000084,0.000042,0.000209
ACGGAATTTAGCAAAT-1,0.946354,0.053079,0.000094,0.000472
ACGGACTCTCAAAGCG-1,0.085514,0.538034,0.113278,0.263174
ACGGAGCGCAAATTAC-1,0.02897,0.27451,0.051426,0.645094
ACGGATGGTGCGGATA-1,0.000026,0.000026,0.037715,0.962232
ACGGCACTTGCTTGGG-1,0.014449,0.002792,0.050076,0.932683
ACGGCCAACATGGACT-1,0.021929,0.071176,0.100031,0.806864
ACGGCGACGATGGGAA-1,0.000025,0.017582,0.094858,0.887536
ACGGCGGGTTGCCCTG-1,0.968119,0.031478,0.000067,0.000336
ACGGGAGTGTCGGCCC-1,0.000069,0.000069,0.763111,0.236751
ACGGGCGTATGCGACA-1,0.013068,0.254026,0.064418,0.668488
ACGGGTCATGTGACTT-1,0.999397,0.000151,0.000075,0.000377
ACGGTACAGTTCAATG-1,0.891724,0.010298,0.000041,0.097938
ACGTACAGATTTCTCT-1,0.059641,0.480699,0.073432,0.386227
ACGTACTTTGGCACGG-1,0.959944,0.000163,0.039487,0.000407
ACGTAGATTGCTGATG-1,0.006119,0.09805,0.128165,0.767666
ACGTAGGAGAGTCGCT-1,0.903098,0.08957,0.000082,0.007249
ACGTATTACTCCGATC-1,0.008595,0.388828,0.000417,0.602161
ACGTCCTAAACGAGAT-1,0.023453,0.589014,0.07809,0.309443
ACGTCTCGTTCCGGGA-1,0.763655,0.00004,0.236207,0.000099
ACGTGACAAAGTAAGT-1,0.543314,0.000091,0.446179,0.010415
ACGTGCGCCTCGTGCA-1,0.479106,0.520425,0.000078,0.000391
ACGTGGTCGAATGTGC-1,0.020929,0.419697,0.124453,0.434922
ACGTTAATGTCGAAGA-1,0.000067,0.089116,0.022224,0.888594
ACGTTAGATTTGCCCG-1,0.033305,0.096631,0.126332,0.743732
ACGTTATTGGTCACTC-1,0.686307,0.000188,0.313035,0.00047
ACGTTCCGCGCTCCGT-1,0.650296,0.349071,0.000106,0.000528
ACGTTCGCAATCAATT-1,0.000026,0.090353,0.065139,0.844481
ACGTTCGTTCAGGAAA-1,0.000051,0.064133,0.152347,0.783469
ACGTTCTGTACAAGTC-1,0.651576,0.010687,0.22301,0.114727
ACGTTTAGTTGTGATC-1,0.080153,0.484376,0.004151,0.43132
ACTAAGGACGCACACC-1,0.028343,0.000048,0.002401,0.969208
ACTAATACGTCAGGCG-1,0.035587,0.498212,0.116489,0.349712
ACTACAAAGAGAGGTG-1,0.943911,0.00141,0.000065,0.054614
ACTACCAGCTCTCTGG-1,0.503243,0.496074,0.000114,0.000569
ACTACGCGTTAGAATT-1,0.207143,0.489942,0.010844,0.292071
ACTAGTTGCGATCGTC-1,0.000048,0.06469,0.000024,0.935238
ACTATATGCTGTGTTC-1,0.077487,0.255065,0.007135,0.660313
ACTATCCAGGGCATGG-1,0.004755,0.194974,0.008354,0.791916
ACTATCGCCGGCTAAA-1,0.266305,0.000023,0.714675,0.018996
ACTATCTGCCCGCGTA-1,0.000032,0.016627,0.009128,0.974213
ACTATTCGTCCGTGGT-1,0.410408,0.588916,0.000113,0.000563
ACTATTTCCGGGCCCA-1,0.067686,0.000117,0.575159,0.357038
ACTCAACGAATGTATT-1,0.688592,0.158238,0.010346,0.142824
ACTCAAGTGCAAGGCT-1,0.004968,0.13632,0.000044,0.858668
ACTCAATAAAGGCACG-1,0.224142,0.580116,0.000286,0.195456
ACTCAGACCTGCTTCT-1,0.552986,0.436303,0.000094,0.010617
ACTCCAATATCATCAT-1,0.122269,0.000049,0.45029,0.427392
ACTCCCATTCCTAAAG-1,0.016073,0.000114,0.456971,0.526842
ACTCCCGAATTCGTTT-1,0.00004,0.392298,0.060442,0.54722
ACTCCCGTAGACTAGG-1,0.003488,0.00563,0.095737,0.895146
ACTCCCTAATGCTAAA-1,0.017121,0.078724,0.000199,0.903957
ACTCCCTAGAATAGTA-1,0.000026,0.000026,0.116764,0.883183
ACTCCGGCCGACCACT-1,0.769272,0.029629,0.092973,0.108126
ACTCGATGTATTTCAT-1,0.932774,0.000129,0.066773,0.000323
ACTCGCCGTTCGATAA-1,0.030587,0.106282,0.107873,0.755257
ACTCGCGATCTGACGC-1,0.013066,0.062254,0.088303,0.836378
ACTCGTAACCCGTCCT-1,0.060423,0.000088,0.605024,0.334465
ACTCGTCAGTAATCCC-1,0.015823,0.134719,0.128054,0.721404
ACTCTAAACCTGGGAT-1,0.943973,0.000054,0.055839,0.000134
ACTCTCTGACTTAGGT-1,0.000043,0.100951,0.021603,0.877402
ACTCTCTTATACACGA-1,0.125372,0.60116,0.00007,0.273398
ACTCTGACCTAATAGA-1,0.544615,0.075992,0.174732,0.204661
ACTCTTCAGCTCCCGC-1,0.01211,0.008403,0.172586,0.806901
ACTCTTGTATAGTAAC-1,0.014594,0.315068,0.031033,0.639305
ACTGAAACGCCGTTAG-1,0.000029,0.000029,0.022246,0.977696
ACTGAATGGCGAAAGT-1,0.000032,0.091625,0.026537,0.881807
ACTGCCCGCCATTCTC-1,0.5116,0.016025,0.369389,0.102987
ACTGCCGTCGTAACTC-1,0.19382,0.694999,0.000052,0.111129
ACTGCGGACACACCGT-1,0.033152,0.089301,0.065527,0.81202
ACTGCTCGGAAGGATG-1,0.042662,0.00876,0.556603,0.391976
ACTGGCGAACCTGCGT-1,0.043319,0.003546,0.155432,0.797703
ACTGGGATGCCAGTGC-1,0.723304,0.162339,0.03723,0.077126
ACTGTACGATACACAT-1,0.070665,0.443403,0.034946,0.450987
ACTGTAGCACTTTGGA-1,0.71431,0.284825,0.000144,0.000721
ACTGTATACGCGAGCA-1,0.704892,0.204431,0.000103,0.090574
ACTGTCCAGGATTATA-1,0.000717,0.280893,0.240002,0.478387
ACTGTCTTCTTTAGAA-1,0.250457,0.457059,0.062129,0.230355
ACTGTGCTAGTAGATC-1,0.970126,0.028406,0.000245,0.001223
ACTGTTTAGTGTAGGC-1,0.378504,0.595913,0.000118,0.025465
ACTTACCGGGCGCGCA-1,0.112264,0.4604,0.148804,0.278532
ACTTACGCATCCACGC-1,0.000069,0.066612,0.000035,0.933284
ACTTAGTACGACAAGA-1,0.821794,0.161865,0.000089,0.016252
ACTTATACTTACCCGG-1,0.024881,0.187023,0.029602,0.758494
ACTTATCTGATCTATA-1,0.668121,0.126605,0.000095,0.205179
ACTTATTAGGATCGGT-1,0.014696,0.12536,0.219315,0.640628
ACTTATTTATGTGCCA-1,0.000047,0.004307,0.007827,0.987819
ACTTCAGGCTGATCCC-1,0.000063,0.033604,0.000427,0.965906
ACTTCCATGCGGGACA-1,0.000114,0.32217,0.000057,0.677659
ACTTCCTGTCGTGCGA-1,0.01741,0.000098,0.077438,0.905053
ACTTCGCCATACGCAC-1,0.138474,0.556079,0.011607,0.29384
ACTTCGCTAGCGAGTG-1,0.011405,0.001715,0.05348,0.9334
ACTTGACTCCCTCTTT-1,0.000059,0.03897,0.038888,0.922084
ACTTGCCATATTGTAC-1,0.526104,0.469348,0.000094,0.004454
ACTTGGGACCCGGTGG-1,0.683,0.316629,0.000062,0.000309
ACTTGTAGTCCCTTCA-1,0.388287,0.257831,0.243382,0.110499
ACTTGTGGATGGAACG-1,0.000031,0.100195,0.000016,0.899759
ACTTTACCCTCATGAA-1,0.000041,0.161767,0.174962,0.66323
ACTTTCCTATAGCTTC-1,0.512927,0.37974,0.000054,0.107279
ACTTTGACTGCATCCT-1,0.906623,0.050519,0.000039,0.042818
ACTTTGTCGACGCACT-1,0.003132,0.00003,0.093185,0.903654
AGAAATTATGACTCGC-1,0.000018,0.000018,0.066954,0.93301
AGAACCCAGCGTGACA-1,0.004447,0.060353,0.060147,0.875053
AGAACGTGGTACATTC-1,0.126561,0.603854,0.010696,0.25889
AGAACTGTACTTTGTA-1,0.201269,0.12124,0.207932,0.469559
AGAAGAGCGCCGTTCC-1,0.000603,0.100312,0.000301,0.898784
AGAAGGTACACTTCAC-1,0.132872,0.000083,0.664572,0.202474
AGAAGGTTGCCGAATT-1,0.042211,0.008677,0.176488,0.772625
AGAAGGTTGTAGGTCG-1,0.59904,0.026815,0.175008,0.199137
AGAAGTGATTCGTGAT-1,0.007453,0.020546,0.398551,0.573449
AGAATAAATCTTCAGG-1,0.980144,0.000068,0.019618,0.00017
AGAATGCGGGTTCGGA-1,0.000075,0.439436,0.015808,0.544682
AGAATTATGGATTCGA-1,0.0025,0.458548,0.038484,0.500467
AGAATTGTTTGACATA-1,0.804895,0.123435,0.000094,0.071576
AGACAGCTCAGAATCC-1,0.999454,0.000137,0.000068,0.000341
AGACAGGCATCTCAGC-1,0.016232,0.043847,0.228314,0.711607
AGACATAGATCCTTCC-1,0.661733,0.337425,0.00014,0.000701
AGACCAAACCACACCT-1,0.123117,0.024185,0.561786,0.290912
AGACCATGGGATACAA-1,0.805367,0.194214,0.00007,0.00035
AGACCCACCGCTGATC-1,0.000048,0.02322,0.019692,0.95704
AGACCCGCCCTCCTCG-1,0.300865,0.665935,0.000052,0.033148
AGACCGCTCCGCGGTT-1,0.000018,0.000018,0.034562,0.965403
AGACCGGGAAACCCTG-1,0.204421,0.122515,0.36875,0.304315
AGACGAAGTGCCGGTC-1,0.000046,0.007811,0.000023,0.99212
AGACGACGATGCCGCT-1,0.013732,0.123706,0.294686,0.567876
AGACGCCCACTTCGCC-1,0.013791,0.005942,0.061117,0.91915
AGACGGGATTGGTATA-1,0.000063,0.286056,0.205532,0.508349
AGACGGGCCGATTTAA-1,0.00536,0.513611,0.069461,0.411567
AGACTAGCCTTCCAGA-1,0.508974,0.487273,0.000055,0.003698
AGACTGTTACCGGGTC-1,0.097874,0.08524,0.410562,0.406324
AGAGAAACACCAGAAA-1,0.999645,0.000089,0.000044,0.000222
AGAGAACCGTCTAGGA-1,0.054073,0.574619,0.065167,0.306141
AGAGAAGGAGTACAAT-1,0.030568,0.051468,0.250607,0.667358
AGAGATCTCTAAAGCG-1,0.019779,0.242109,0.503515,0.234596
AGAGCAGTTATGAGAC-1,0.812093,0.163234,0.017323,0.00735
AGAGCCGCCGAGATTT-1,0.000038,0.000038,0.021697,0.978227
AGAGCGCTTGTAACGG-1,0.023665,0.003761,0.130244,0.842329
AGAGCGGGCTAATCAT-1,0.163357,0.570124,0.021143,0.245376
AGAGCGTACAAGCTCG-1,0.85231,0.146733,0.00016,0.000798
AGAGCTACGAAAGCAT-1,0.915147,0.027506,0.018545,0.038801
AGAGGCTTCGGAAACC-1,0.000044,0.01608,0.000022,0.983854
AGAGGGACAATTGTCC-1,0.008709,0.011611,0.236319,0.743361
AGAGGTATCTCGGTCC-1,0.490994,0.508453,0.000092,0.000461
AGAGTAAACTTCACTA-1,0.000036,0.01095,0.000018,0.988996
AGAGTATAGTGTTACG-1,0.006957,0.017863,0.103523,0.871657
AGAGTGAACAGACACC-1,0.021673,0.021839,0.073615,0.882873
AGAGTTAGAGACCGAT-1,0.000055,0.190703,0.215254,0.593989
AGAGTTGCAGGCCTCC-1,0.008754,0.011492,0.150938,0.828815
AGATAACTTCAGGGCC-1,0.064579,0.289024,0.489017,0.157381
AGATACCAATAGAACC-1,0.03924,0.069446,0.000836,0.890478
AGATACCAGCACTTCA-1,0.009226,0.235392,0.116347,0.639035
AGATACCGGTGTTCAC-1,0.000061,0.070892,0.430635,0.498412
AGATACGACTTCATAT-1,0.779414,0.219115,0.000078,0.001393
AGATACTCAAGATCGA-1,0.000043,0.064932,0.025628,0.909397
AGATATAATACGACTA-1,0.71782,0.022976,0.092038,0.167166
AGATCGTGCATAAGAT-1,0.18849,0.747915,0.015039,0.048557
AGATCTCAGGTGTGAT-1,0.059499,0.57294,0.006067,0.361494
AGATGACTCGCCCACG-1,0.624571,0.372188,0.000075,0.003167
AGATGAGGGTTGCGAT-1,0.077145,0.413569,0.131757,0.377528
AGATGATGGAGTCTGG-1,0.02346,0.341154,0.059292,0.576094
AGATGCAAGACGTGCA-1,0.005762,0.013281,0.759058,0.221899
AGATGCATCCTGTGTC-1,0.737024,0.104826,0.14117,0.01698
AGATGCTATAACGAGC-1,0.895676,0.000104,0.069854,0.034365
AGATTATAGGACGTTT-1,0.000062,0.130335,0.19386,0.675743
AGATTCAAGCGGGTCG-1,0.000033,0.015168,0.16591,0.818889
AGATTCACAACCGATA-1,0.057481,0.008889,0.857351,0.076278
AGCAAAGGCCGCTAGT-1,0.00004,0.146538,0.026135,0.827286
AGCAACATATCTTATT-1,0.000025,0.022764,0.066222,0.910989
AGCAACCGAAAGTAAT-1,0.052295,0.050057,0.650299,0.24735
AGCACCAGTACTCACG-1,0.42742,0.571699,0.000046,0.000835
AGCACTACCGGCCTGT-1,0.52751,0.44541,0.000094,0.026986
AGCACTACCTCACCAG-1,0.000051,0.036781,0.066539,0.896629
AGCACTTAAGGACGCC-1,0.703932,0.295607,0.000077,0.000384
AGCAGAAGGAGAAAGA-1,0.721704,0.06307,0.087689,0.127536
AGCAGCCAGATGAATA-1,0.04754,0.168289,0.155315,0.628856
AGCAGTCGAAGCATGC-1,0.306674,0.195036,0.16918,0.329109
AGCATATCAATATGCT-1,0.000048,0.05197,0.015606,0.932376
AGCATCATTTCGAAAG-1,0.07573,0.092764,0.681101,0.150406
AGCATCGTCGATAATT-1,0.399404,0.600075,0.000087,0.000434
AGCATTACGAGGCAAG-1,0.563063,0.25463,0.098848,0.083458
AGCCAAGCTTTGTGTC-1,0.858839,0.045439,0.00006,0.095662
AGCCACAGGTTACCCG-1,0.062969,0.158773,0.000059,0.778198
AGCCACTCCCGTGCTT-1,0.525963,0.473651,0.000064,0.000322
AGCCATATAGTATGTG-1,0.99961,0.000097,0.000049,0.000243
AGCCCATACATGTAAG-1,0.062349,0.089836,0.31781,0.530006
AGCCCGCAACAAGCAG-1,0.979298,0.020483,0.000036,0.000182
AGCCCGCACTACAATG-1,0.964649,0.035121,0.000038,0.000191
AGCCCGGTAGCCTGTA-1,0.045398,0.287955,0.144079,0.522568
AGCCCTAAGCGAAGTT-1,0.072619,0.522945,0.079423,0.325013
AGCCCTGTCGCACCGT-1,0.002738,0.090542,0.034152,0.872567
AGCCCTTCTAATCCGA-1,0.076045,0.511688,0.002346,0.409921
AGCCCTTGGACATCCC-1,0.000029,0.000029,0.080234,0.919709
AGCCGCAAATTCAAAT-1,0.96742,0.001987,0.030446,0.000146
AGCCGCTTGATTAGCG-1,0.621995,0.004975,0.343705,0.029326
AGCCGTGGCTAAATGT-1,0.026413,0.040092,0.508033,0.425461
AGCCTAATACCCACGT-1,0.103283,0.000072,0.797781,0.098864
AGCCTTAAAGCGGAAG-1,0.92521,0.052692,0.013744,0.008353
AGCGACAGGAACGGTC-1,0.025206,0.203879,0.22602,0.544896
AGCGACATCCCATTCA-1,0.837462,0.162264,0.000046,0.000229
AGCGACCAACGATATT-1,0.60382,0.39583,0.000058,0.000292
AGCGATGCGCCTAATA-1,0.040665,0.057168,0.105353,0.796815
AGCGCATAATGAATCG-1,0.00013,0.335024,0.159882,0.504964
AGCGCGGGTGCCAATG-1,0.315161,0.596862,0.000043,0.087934
AGCGCTAGAGCGATGT-1,0.003624,0.128495,0.114927,0.752954
AGCGCTTATGGGCAAG-1,0.152159,0.456546,0.11094,0.280355
AGCGGACACTTCGTAG-1,0.593548,0.185296,0.009121,0.212035
AGCGGCGGTTAGCGGT-1,0.156105,0.000086,0.616281,0.227529
AGCGGGAAGGGTCCAT-1,0.906056,0.013374,0.080047,0.000524
AGCGGGTCTGACACTC-1,0.872159,0.024817,0.030988,0.072036
AGCGGTTGAGATGTAC-1,0.000056,0.176899,0.00807,0.814975
AGCGGTTGCCGCTCTG-1,0.018227,0.140614,0.104078,0.737081
AGCGTACGAGAGCTAG-1,0.969182,0.000394,0.02944,0.000985
AGCGTAGCGCTAGACC-1,0.41546,0.245097,0.147249,0.192194
AGCGTCTGAACCCGCA-1,0.618661,0.38059,0.000125,0.000624
AGCGTGGTATTCTACT-1,0.000052,0.034849,0.015951,0.949147
AGCGTTCCGATTTAAA-1,0.000032,0.154665,0.238451,0.606853
AGCTAACAAGCAATGT-1,0.009194,0.013166,0.367522,0.610119
AGCTAAGTACGCAGGC-1,0.435167,0.074426,0.118146,0.372261
AGCTAGAAGCAGAAGT-1,0.158271,0.680799,0.033341,0.127588
AGCTATTTAATCCAAC-1,0.576093,0.423508,0.000066,0.000332
AGCTCCATATATGTTC-1,0.000049,0.04423,0.000024,0.955697
AGCTCCTTCGCACATC-1,0.000042,0.020295,0.126102,0.85356
AGCTCGTTGATGGAAA-1,0.021057,0.017218,0.054868,0.906857
AGCTCTAGACGTTCCA-1,0.000053,0.143769,0.025126,0.831053
AGCTCTTCCCAGTGCA-1,0.304789,0.38346,0.065254,0.246497
AGCTCTTCGTAACCTT-1,0.006691,0.19571,0.009133,0.788465
AGCTCTTTACTCAGTT-1,0.00008,0.00008,0.537194,0.462647
AGCTGAAGTAAACCAA-1,0.400741,0.598838,0.00007,0.000351
AGCTGCATTTGAGGTG-1,0.01129,0.042083,0.064392,0.882235
AGCTGCTGTGCCGAAT-1,0.006756,0.038366,0.113981,0.840897
AGCTGTAACCTCAATC-1,0.030719,0.182746,0.478232,0.308303
AGCTTATAGAGACCTG-1,0.539018,0.460478,0.000084,0.00042
AGCTTCAATACTTTGA-1,0.000077,0.337857,0.069713,0.592353
AGCTTCTTCTCGAGCA-1,0.625415,0.123452,0.061847,0.189286
AGCTTGATCTTAACTT-1,0.019544,0.12658,0.364659,0.489216
AGGAAAGCCTCTGATG-1,0.949508,0.000138,0.050009,0.000345
AGGAACGAACGACTTC-1,0.00546,0.004203,0.002789,0.987548
AGGAAGCTGTCCGCCG-1,0.491004,0.285999,0.000099,0.222898
AGGACAGTCGAATCCC-1,0.000043,0.06979,0.001662,0.928506
AGGACATCGCACGTCG-1,0.469428,0.529813,0.000126,0.000632
AGGACATCGGCACACT-1,0.071059,0.000594,0.194757,0.73359
AGGACGACCCATTAGA-1,0.002598,0.030904,0.565536,0.400961
AGGACGCTCGATGTTG-1,0.123831,0.684438,0.015002,0.176728
AGGACTTATAGGAGAA-1,0.44381,0.003727,0.542694,0.00977
AGGAGACATCCACAGT-1,0.000017,0.0347,0.107162,0.858121
AGGAGAGTCTGGCTAC-1,0.014055,0.012475,0.104387,0.869082
AGGAGGCCTTCGCGCG-1,0.000021,0.000021,0.003401,0.996558
AGGATAAAGTCGGGAT-1,0.000049,0.03824,0.005967,0.955744
AGGATATAGGGATTTA-1,0.000055,0.065412,0.000027,0.934506
AGGATATCCGACTGCA-1,0.871266,0.026365,0.102235,0.000133
AGGATCACGCGATCTG-1,0.014778,0.000086,0.874994,0.110141
AGGATTGCTTACGACA-1,0.000022,0.034437,0.077039,0.888502
AGGCAAAGAGGAATCA-1,0.5134,0.318656,0.095922,0.072022
AGGCACGTGACTGTCC-1,0.000042,0.063496,0.043905,0.892557
AGGCAGATGCGTAAAC-1,0.085878,0.724855,0.012882,0.176385
AGGCAGGGAGCGTACT-1,0.000042,0.053254,0.001985,0.94472
AGGCATTGTCGTAGGG-1,0.000045,0.000432,0.000023,0.9995
AGGCCACATTGGTTAC-1,0.036356,0.053076,0.136242,0.774326
AGGCCACCCGTTATGA-1,0.578325,0.421052,0.000104,0.000519
AGGCCCAGTGACTGGT-1,0.944726,0.054796,0.00008,0.000398
AGGCCCATTGTACAGG-1,0.329976,0.669436,0.000098,0.000489
AGGCCCTAGAACGCCA-1,0.00005,0.00005,0.641496,0.358404
AGGCCTATCATACCAA-1,0.999727,0.000068,0.000034,0.000171
AGGCCTGAGAATCTCG-1,0.000099,0.411935,0.00414,0.583826
AGGCGATAACTGGCGT-1,0.000031,0.000031,0.053879,0.94606
AGGCGGTTTGTCCCGC-1,0.091482,0.000055,0.685317,0.223145
AGGCGTCTATGGACGG-1,0.009885,0.323656,0.058767,0.607692
AGGCTATGGTTAGCTT-1,0.844534,0.139735,0.000083,0.015647
AGGCTTCCCGAAGAAG-1,0.000099,0.086816,0.522598,0.390487
AGGCTTGCTAGACACC-1,0.830638,0.168629,0.000122,0.000611
AGGGAAACGAGGTACT-1,0.339258,0.439399,0.00709,0.214253
AGGGACAGCACGGCGG-1,0.657158,0.342105,0.000123,0.000614
AGGGACCGGCTGCGTT-1,0.007981,0.28969,0.061175,0.641153
AGGGACTCTACGCGAC-1,0.000117,0.290702,0.102776,0.606406
AGGGAGACATACTTCG-1,0.015649,0.253517,0.025726,0.705107
AGGGCAGCGGCGTGGT-1,0.259645,0.733603,0.000081,0.006671
AGGGCCCTAATGTTCT-1,0.004356,0.03491,0.205556,0.755178
AGGGCGAGCAGCTGAT-1,0.076409,0.023817,0.364537,0.535238
AGGGCGTGATCGGCTA-1,0.766143,0.233431,0.000071,0.000355
AGGGCTGCAGTTACAG-1,0.000073,0.125423,0.109816,0.764688
AGGGTCAGAGCACTCG-1,0.981721,0.00012,0.01786,0.000299
AGGGTCAGTAACCCTA-1,0.002507,0.196852,0.090965,0.709677
AGGGTCGATGCGAACT-1,0.013118,0.199084,0.011071,0.776728
AGGGTCTGGACGCAGT-1,0.039965,0.0005,0.001609,0.957927
AGGGTGCCGTTCTTTA-1,0.184068,0.069461,0.638901,0.10757
AGGGTGCTCTCGAGGG-1,0.011492,0.367378,0.04638,0.57475
AGGGTGGATAGTGCAT-1,0.991758,0.007968,0.000046,0.000228
AGGGTGTGCTACACGC-1,0.001863,0.063133,0.136642,0.798362
AGGGTTCAGACGGTCC-1,0.969442,0.000093,0.030231,0.000233
AGGGTTCCCTTTGGTT-1,0.060944,0.47839,0.077823,0.382843
