Barcode,Topic 1,Topic 2,Topic 3,Topic 4,Topic 5,Topic 6to8,Topic 9to10
AAACAACGAATAGTTC-1,0.369939,0.406841,0.10923,0.03636,0.062747,0.000142,0.01474
AAACAAGTATCTCCCA-1,0.000008,0.000008,0.00528,0.000008,0.030269,0.747952,0.216474
AAACAATCTACTAGCA-1,0.042025,0.154036,0.000058,0.413038,0.239206,0.093606,0.058031
AAACACCAATAACTGC-1,0.033807,0.002245,0.000006,0.005603,0.573685,0.346289,0.038365
AAACAGAGCGACTCCT-1,0.016516,0.146263,0.354036,0.081928,0.039475,0.09151,0.270272
AAACAGCTTTCAGAAG-1,0.279511,0.477798,0.211466,0.000033,0.02223,0.000098,0.008863
AAACAGGGTCTATATT-1,0.000019,0.021939,0.000019,0.000019,0.665281,0.277791,0.034933
AAACAGTGTTCCTGGG-1,0.189151,0.081788,0.003927,0.089161,0.393458,0.111217,0.131297
AAACATTTCCCGGATT-1,0.000024,0.000024,0.017647,0.000024,0.000024,0.214462,0.767795
AAACCACTACACAGAT-1,0.000075,0.001092,0.00226,0.00001,0.399799,0.56614,0.030624
AAACCCGAACGAAATC-1,0.002498,0.000009,0.033509,0.052348,0.033488,0.713943,0.164205
AAACCGGAAATGTTAA-1,0.010047,0.000011,0.001452,0.037926,0.204262,0.545466,0.200835
AAACCGGGTAGGTACC-1,0.004565,0.000034,0.003795,0.109818,0.382008,0.277764,0.222015
AAACCGTTCGTCCAGG-1,0.018854,0.031978,0.058691,0.015547,0.379407,0.020814,0.474709
AAACCTAAGCAGCCGG-1,0.432057,0.283766,0.011274,0.048057,0.147319,0.040141,0.037386
AAACCTCATGAAGTTG-1,0.051028,0.364561,0.337118,0.12219,0.124796,0.000185,0.000123
AAACGAAGAACATACC-1,0.016516,0.033433,0.003723,0.369005,0.10494,0.378031,0.094353
AAACGACAGTCTTGCC-1,0.000008,0.011115,0.000282,0.000008,0.416675,0.475879,0.096033
AAACGAGACGGTTGAT-1,0.000025,0.000025,0.125254,0.032797,0.007835,0.397164,0.4369
AAACGCCCGAGATCGG-1,0.001669,0.000018,0.056849,0.023088,0.015877,0.603965,0.298534
AAACGCTGGGCACGAC-1,0.079277,0.035907,0.000093,0.000093,0.434157,0.102045,0.348428
AAACGGGCGTACGGGT-1,0.476837,0.289682,0.00013,0.00285,0.090716,0.012204,0.127581
AAACGGGTTGGTATCC-1,0.0157,0.807627,0.000079,0.011804,0.031867,0.118553,0.01437
AAACGGTTGCGAACTG-1,0.506726,0.23074,0.042216,0.024927,0.026257,0.080569,0.088565
AAACGTGTTCGCCCTA-1,0.004862,0.011098,0.139078,0.004797,0.125528,0.282349,0.432289
AAACTAACGTGGCGAC-1,0.001633,0.026075,0.151948,0.005203,0.244883,0.291965,0.278293
AAACTCGGTTCGCAAT-1,0.804119,0.030055,0.016784,0.023255,0.065144,0.029581,0.031062
AAACTCGTGATATAAG-1,0.052362,0.003098,0.206563,0.005668,0.020494,0.352704,0.359111
AAACTGCTGGCTCCAA-1,0.000016,0.000016,0.013928,0.000016,0.010156,0.778033,0.197835
AAACTTGCAAACGTAT-1,0.053858,0.017228,0.205661,0.003732,0.418114,0.08358,0.217827
AAAGAATGTGGACTAA-1,0.822273,0.041579,0.000043,0.086516,0.022323,0.015699,0.011566
AAAGACATGAAGTTTA-1,0.001207,0.000021,0.051404,0.048458,0.079734,0.538433,0.280744
AAAGACCCAAGTCGCG-1,0.28835,0.206755,0.136529,0.350574,0.00005,0.000149,0.017593
AAAGACTGGGCGCTTT-1,0.156112,0.685002,0.157335,0.000076,0.000076,0.000229,0.001169
AAAGCTTGCCTACATA-1,0.006939,0.029267,0.01256,0.011199,0.047968,0.52569,0.366378
AAAGGCTACGGACCAT-1,0.004593,0.019472,0.146726,0.046224,0.418458,0.314084,0.050443
AAAGGCTCTCGCGCCG-1,0.000042,0.000042,0.192621,0.000042,0.049696,0.028019,0.729538
AAAGGGATGTAGCAAG-1,0.047083,0.262231,0.626932,0.063142,0.000068,0.000204,0.00034
AAAGGGCAGCTTGAAT-1,0.86606,0.004542,0.028624,0.084393,0.000067,0.000201,0.016113
AAAGGTAAGCTGTACC-1,0.020891,0.000501,0.378371,0.021413,0.086661,0.3115,0.180663
AAAGGTCAACGACATG-1,0.000017,0.023115,0.004665,0.000017,0.023424,0.465612,0.483151
AAAGTAGCATTGCTCA-1,0.005177,0.046388,0.044824,0.069285,0.48664,0.08603,0.261655
AAAGTCACTGATGTAA-1,0.337328,0.324196,0.179807,0.080784,0.00004,0.00012,0.077724
AAAGTCGACCCTCAGT-1,0.020445,0.795295,0.15538,0.025273,0.000079,0.000237,0.003292
AAAGTGCCATCAATTA-1,0.009314,0.009192,0.000558,0.055378,0.243812,0.44974,0.232006
AAAGTGTGATTTATCT-1,0.000025,0.000025,0.03415,0.028512,0.007755,0.840213,0.08932
AAAGTTGACTCCCGTA-1,0.00001,0.00001,0.004138,0.013456,0.016777,0.878382,0.087228
AAATAACCATACGGGA-1,0.003743,0.191711,0.321177,0.241516,0.000056,0.241479,0.000318
AAATAAGGTAGTGCCC-1,0.011974,0.000014,0.057245,0.049805,0.140893,0.585811,0.154257
AAATACCTATAAGCAT-1,0.000009,0.000009,0.016917,0.011564,0.06902,0.701447,0.201035
AAATAGCTTAGACTTT-1,0.009672,0.006409,0.102457,0.147792,0.039407,0.489549,0.204715
AAATAGGGTGCTATTG-1,0.000022,0.000022,0.014156,0.000022,0.003706,0.517347,0.464723
AAATCACTCCTAAACG-1,0.000008,0.000008,0.000893,0.001954,0.118523,0.821494,0.05712
AAATCCGATACACGCC-1,0.645136,0.009782,0.014347,0.042052,0.040984,0.094439,0.15326
AAATCGTGTACCACAA-1,0.000022,0.000022,0.006065,0.000981,0.059474,0.669171,0.264264
AAATCTAGCCCTGCTA-1,0.000015,0.000015,0.000015,0.000015,0.001875,0.707204,0.290861
AAATGATTCGATCAGC-1,0.000037,0.006408,0.304838,0.057561,0.000037,0.208913,0.422205
AAATGCTCGTTACGTT-1,0.000138,0.998758,0.000138,0.000138,0.000138,0.000414,0.000276
AAATGGCATGTCTTGT-1,0.032447,0.020444,0.004304,0.590101,0.000058,0.219625,0.133021
AAATGGCCCGTGCCCT-1,0.00005,0.033991,0.00005,0.00005,0.615514,0.00015,0.350195
AAATGGTCAATGTGCC-1,0.006088,0.000033,0.251417,0.07299,0.141421,0.254942,0.273109
AAATGTATCTTATCCC-1,0.222717,0.712094,0.000046,0.000046,0.064865,0.000139,0.000093
AAATGTGGGTGCTCCT-1,0.002975,0.726687,0.053028,0.091057,0.000085,0.066975,0.059193
AAATTAACGGGTAGCT-1,0.005411,0.000021,0.042485,0.076463,0.150601,0.622242,0.102778
AAATTAATAAGCGCGA-1,0.422258,0.484181,0.00005,0.045006,0.048258,0.000149,0.000099
AAATTACACGACTCTG-1,0.000204,0.224437,0.340552,0.278502,0.000067,0.053649,0.102589
AAATTACCTATCGATG-1,0.106212,0.000039,0.498235,0.299895,0.000039,0.040437,0.055143
AAATTCCAGGTCCAAA-1,0.00001,0.00001,0.020005,0.025396,0.035897,0.734766,0.183916
AAATTGATAGTCCTTT-1,0.000017,0.000017,0.000017,0.000017,0.304563,0.517794,0.177575
AAATTGCGGCGGTTCT-1,0.000082,0.850507,0.015188,0.000082,0.012464,0.000247,0.12143
AAATTGGTGAGAAGCA-1,0.023949,0.001534,0.088309,0.02089,0.117509,0.439895,0.307913
AAATTTACCGAAATCC-1,0.00004,0.056821,0.43102,0.006516,0.184918,0.08209,0.238595
AAATTTGCGGGTGTGG-1,0.028646,0.003012,0.022548,0.032779,0.366387,0.040885,0.505742
AACAACTGGTAGTTGC-1,0.549111,0.140227,0.183016,0.118588,0.000057,0.000171,0.00883
AACAATACATTGTCGA-1,0.000005,0.000005,0.000005,0.000005,0.208228,0.789119,0.002632
AACAATTACTCTACGC-1,0.456029,0.25778,0.15239,0.082581,0.000048,0.000143,0.051029
AACACACGCTCGCCGC-1,0.014647,0.000021,0.031072,0.022671,0.020164,0.64708,0.264345
AACACGACTGTACTGA-1,0.017933,0.011257,0.007241,0.436089,0.128415,0.25926,0.139805
AACACGAGACGCGGCC-1,0.000035,0.056106,0.000035,0.000035,0.699063,0.022308,0.222417
AACACGCGGCCGCGAA-1,0.133202,0.530203,0.065986,0.18082,0.000078,0.081414,0.008297
AACAGCTGTGTGGCAA-1,0.000018,0.000018,0.001274,0.000018,0.467212,0.442296,0.089165
AACAGGAAATCGAATA-1,0.002444,0.082091,0.032412,0.42088,0.128896,0.312125,0.021151
AACAGGATGGGCCGCG-1,0.395442,0.603851,0.000088,0.000088,0.000088,0.000265,0.000177
AACAGGTAGTATGGAT-1,0.000014,0.000014,0.019107,0.001804,0.040119,0.783435,0.155508
AACATATCAACTGGTG-1,0.010586,0.00002,0.207341,0.18156,0.2257,0.364439,0.010354
AACATCGATACGTCTA-1,0.000033,0.029778,0.162651,0.081242,0.006288,0.423007,0.297
AACATTGGTCAGCCGT-1,0.118432,0.677413,0.0181,0.048918,0.022505,0.072184,0.042446
AACATTGTGACTCGAG-1,0.293753,0.347054,0.290942,0.009293,0.036823,0.000167,0.021969
AACCAAGACTTCTCTG-1,0.103154,0.496589,0.347766,0.052087,0.000067,0.000202,0.000135
AACCAGTATCACTCTT-1,0.000037,0.031905,0.254072,0.027114,0.201196,0.184213,0.301464
AACCATGGGATCGCTA-1,0.20579,0.68182,0.003765,0.042036,0.000121,0.000363,0.066105
AACCCAGAGACGGAGA-1,0.070843,0.420931,0.170317,0.24627,0.000131,0.016661,0.074847
AACCCATCCCATGATC-1,0.032185,0.029723,0.000426,0.00001,0.904978,0.000619,0.03206
AACCCGACAACCCGTG-1,0.467237,0.470841,0.000042,0.000042,0.061626,0.000127,0.000085
AACCCGAGCAGAATCG-1,0.000017,0.000017,0.000189,0.000017,0.012238,0.492274,0.49525
AACCCGATAGGGCTTC-1,0.000544,0.007743,0.005273,0.020285,0.154101,0.758597,0.053458
AACCCTACTGTCAATA-1,0.043231,0.000012,0.001745,0.027301,0.179606,0.740814,0.007291
AACCCTGGTGGAACCA-1,0.004521,0.39313,0.163523,0.330717,0.000078,0.034996,0.073034
AACCGAGCTTGGTCAT-1,0.139398,0.007372,0.087067,0.537945,0.000042,0.137297,0.090879
AACCGCTAAGGGATGC-1,0.000017,0.000017,0.039528,0.000017,0.080313,0.840311,0.039796
AACCGTTGTGTTTGCT-1,0.050731,0.000071,0.000071,0.490926,0.111914,0.228334,0.117953
AACCTAAAGCCGTCCG-1,0.000016,0.000016,0.134968,0.005063,0.199047,0.600567,0.060324
AACCTCGCTTTAGCCC-1,0.022058,0.166613,0.20286,0.032402,0.091102,0.207799,0.277167
AACCTGTCACGGAATT-1,0.058032,0.00657,0.038855,0.073987,0.041075,0.533308,0.248173
AACCTTTAAATACGGT-1,0.000023,0.000023,0.008673,0.000023,0.000026,0.298507,0.692727
AACCTTTACGACGTCT-1,0.036759,0.065745,0.318803,0.249541,0.008152,0.295692,0.025309
AACGACCTCCTAGCCG-1,0.116947,0.529458,0.000201,0.000201,0.190194,0.000603,0.162397
AACGATAATGCCGTAG-1,0.000019,0.000019,0.054186,0.01202,0.025837,0.387415,0.520504
AACGATAGAAGGGCCG-1,0.4666,0.219315,0.172139,0.141378,0.000095,0.000284,0.000189
AACGATATGTCAACTG-1,0.136399,0.041095,0.179881,0.474244,0.001496,0.122886,0.043998
AACGCATGATCTGGGT-1,0.020145,0.144654,0.708155,0.00967,0.000059,0.017879,0.099437
AACGCGAACGGCAACA-1,0.179857,0.514185,0.30546,0.000071,0.000071,0.000213,0.000142
AACGCGACCTTGGGCG-1,0.76446,0.21369,0.000038,0.000038,0.021582,0.000115,0.000077
AACGCGGTCTCCAGCC-1,0.5165,0.000063,0.086731,0.302645,0.000063,0.093874,0.000125
AACGCTGTTGCTGAAA-1,0.000016,0.000016,0.007077,0.000155,0.007524,0.637838,0.347375
AACGGACGTACGTATA-1,0.026998,0.000018,0.031685,0.01422,0.022439,0.399845,0.504795
AACGGCCATCTCCGGT-1,0.000025,0.000025,0.021683,0.000025,0.568853,0.056111,0.353278
AACGTACTGTGGGTAC-1,0.002889,0.00004,0.147579,0.00004,0.324509,0.026663,0.49828
AACGTAGTCTACCCAT-1,0.139925,0.49478,0.000066,0.182025,0.041527,0.140482,0.001193
AACGTCAGACTAGTGG-1,0.361828,0.508458,0.128961,0.000108,0.000108,0.000323,0.000215
AACGTCGCTGCACTTC-1,0.877593,0.121952,0.000057,0.000057,0.000057,0.00017,0.000114
AACGTGATGAAGGACA-1,0.007015,0.000035,0.071262,0.369053,0.116185,0.331954,0.104496
AACGTGCGAAAGTCTC-1,0.033928,0.002438,0.027225,0.006658,0.255634,0.622245,0.051871
AACGTTATCAGCACCT-1,0.241054,0.743951,0.000071,0.000071,0.014496,0.000214,0.000142
AACTACCCGTTTGTCA-1,0.000009,0.000009,0.006641,0.006611,0.015544,0.897951,0.073234
AACTAGCGTATCGCAC-1,0.073208,0.570951,0.067678,0.287673,0.000082,0.000245,0.000163
AACTAGGCTTGGGTGT-1,0.038155,0.000029,0.007299,0.011687,0.000029,0.082052,0.86075
AACTCAAGTTAATTGC-1,0.002009,0.000036,0.13368,0.073041,0.239317,0.286141,0.265776
AACTCCAGAGCGTGTT-1,0.000031,0.000031,0.032095,0.05541,0.000031,0.228992,0.683408
AACTCCTAATCCCATG-1,0.000053,0.119595,0.471322,0.07398,0.073414,0.218733,0.042904
AACTCGATAAACACGT-1,0.274562,0.526459,0.000038,0.014791,0.16178,0.000113,0.022258
AACTCGATGGCGCAGT-1,0.118233,0.568267,0.256814,0.029346,0.000117,0.000352,0.026871
AACTCTCAATAGAGCG-1,0.026895,0.000026,0.075515,0.211738,0.047919,0.499419,0.138489
AACTCTCAGTGTGCTC-1,0.000053,0.138979,0.318159,0.000053,0.302688,0.000159,0.239908
AACTGAGGTCAGCGTC-1,0.000029,0.000029,0.17712,0.000931,0.005541,0.523591,0.292759
AACTGAGTTATACTGA-1,0.018424,0.001345,0.003135,0.043097,0.251701,0.563986,0.11831
AACTGATATTAGGCCT-1,0.063962,0.006036,0.000072,0.492494,0.000553,0.318614,0.11827
AACTGGGTCCCGACGT-1,0.566683,0.000064,0.190322,0.24255,0.000064,0.000191,0.000127
AACTGGGTTCGAGCCG-1,0.013556,0.004103,0.209094,0.072715,0.151166,0.384114,0.165252
AACTGGTGTGGGCCTT-1,0.013223,0.444313,0.375296,0.166114,0.000079,0.000237,0.000739
AACTTCTGCGTCTATC-1,0.15431,0.84435,0.000168,0.000168,0.000168,0.000503,0.000335
AACTTGCCCGTATGCA-1,0.468546,0.25918,0.160302,0.05258,0.000071,0.033865,0.025456
AACTTGCGTTCTCGCG-1,0.528639,0.426244,0.044455,0.000095,0.000095,0.000284,0.000189
AACTTTACGGGAGCTT-1,0.023228,0.58494,0.000044,0.000044,0.391526,0.000131,0.000088
AACTTTAGCTGCTGAG-1,0.212785,0.359993,0.232135,0.193679,0.00011,0.00033,0.000969
AACTTTCTCGATCATG-1,0.01402,0.000699,0.002079,0.001675,0.217405,0.549498,0.214622
AAGAAATCACCAGATT-1,0.009606,0.021944,0.002233,0.001916,0.134191,0.639034,0.191075
AAGAAGGATCAGTTAG-1,0.125262,0.766071,0.036164,0.071984,0.000087,0.00026,0.000173
AAGACATACGTGGTTT-1,0.00004,0.126739,0.056357,0.00004,0.097183,0.017364,0.702278
AAGACCCAACTGAACA-1,0.093684,0.066288,0.127057,0.001799,0.212585,0.005198,0.49339
AAGACTAACCCGTTGT-1,0.267665,0.515238,0.008574,0.096524,0.018729,0.092766,0.000503
AAGACTCACGCCCACT-1,0.000023,0.021378,0.145003,0.007983,0.066324,0.423847,0.335442
AAGACTGCAAGCTACT-1,0.009397,0.000019,0.022019,0.03596,0.178881,0.714857,0.038867
AAGAGATGAATCGGTA-1,0.504379,0.113328,0.163666,0.158534,0.000055,0.022033,0.038005
AAGAGCTCTTTATCGG-1,0.000023,0.000023,0.071326,0.061046,0.299758,0.55794,0.009884
AAGAGGATGTACGCGA-1,0.000047,0.07317,0.133638,0.015657,0.111604,0.161392,0.504493
AAGAGGCATGGATCGC-1,0.00002,0.00002,0.113944,0.036573,0.070404,0.555492,0.223547
AAGAGGCCCTTTGGAA-1,0.000023,0.000023,0.002408,0.000023,0.000023,0.226329,0.771172
AAGATGGCACCGGACC-1,0.00003,0.000588,0.096678,0.031693,0.383389,0.109771,0.37785
AAGATTGGCGGAACGT-1,0.154443,0.000028,0.094645,0.420883,0.022146,0.263793,0.044061
AAGCACCCTGCGTATC-1,0.00004,0.00004,0.189457,0.002444,0.00004,0.027504,0.780474
AAGCATACTCTCCTGA-1,0.011812,0.000026,0.000026,0.00979,0.036188,0.248089,0.69407
AAGCCGAAGCGGTTTA-1,0.000009,0.000009,0.000009,0.000359,0.000295,0.984815,0.014504
AAGCCGCTTTACCTTG-1,0.000919,0.01753,0.005929,0.000393,0.183521,0.514137,0.277571
AAGCCGGAGAGCAGGA-1,0.00674,0.000016,0.000016,0.048072,0.212716,0.522794,0.209646
AAGCGCAGGGCTTTGA-1,0.428352,0.276456,0.036533,0.02139,0.063506,0.024627,0.149137
AAGCGGAGTGCGCGCA-1,0.000013,0.009731,0.01073,0.000013,0.381318,0.473155,0.125039
AAGCGGCGTCATGGGT-1,0.000026,0.000026,0.133498,0.210794,0.16017,0.351594,0.143891
AAGCGTCCCTCATCGA-1,0.000025,0.000025,0.053118,0.01087,0.290993,0.282948,0.362022
AAGCTAGATCGAGTAA-1,0.000013,0.000013,0.000013,0.000013,0.127046,0.793929,0.078971
AAGCTCGTGCCAAGTC-1,0.000017,0.000017,0.001567,0.027712,0.06543,0.868527,0.036729
AAGCTCTTTCATGGTG-1,0.000011,0.000011,0.000011,0.000011,0.040356,0.527946,0.431654
AAGGAGAACTTATAAG-1,0.277276,0.363514,0.267021,0.033946,0.000059,0.000177,0.058007
AAGGAGCGGTTGGTGC-1,0.194136,0.375628,0.427141,0.002445,0.000108,0.000325,0.000217
AAGGATCGATCGCTTG-1,0.014242,0.000017,0.007179,0.127294,0.031601,0.656656,0.16301
AAGGATGAGGGACCTC-1,0.019945,0.017347,0.117154,0.480015,0.093695,0.194363,0.077481
AAGGCAGGCTGTCTCC-1,0.008111,0.000307,0.023185,0.093472,0.027553,0.661631,0.18574
AAGGCGCGTAAAGCTT-1,0.266994,0.366009,0.34943,0.017175,0.000065,0.000196,0.000131
AAGGCTGTGCTCATCG-1,0.112184,0.470647,0.369763,0.046589,0.000136,0.000408,0.000272
AAGGGAACGACTGGCT-1,0.002607,0.143648,0.05147,0.000016,0.729568,0.0156,0.057092
AAGGGACAGATTCTGT-1,0.172313,0.000039,0.14608,0.426718,0.044378,0.178904,0.031568
AAGGGACTATGCATTC-1,0.000012,0.008241,0.000012,0.000012,0.714268,0.270209,0.007245
AAGGTATCCTAATATA-1,0.446862,0.028056,0.224835,0.299886,0.00006,0.000181,0.000121
AAGGTGATAAACCAGC-1,0.00001,0.00001,0.006326,0.00957,0.050495,0.898985,0.034604
AAGTAAGCTTCCAAAC-1,0.228416,0.288219,0.025569,0.232132,0.112631,0.073218,0.039816
AAGTAGAAGACCGGGT-1,0.061872,0.003251,0.000663,0.762298,0.000043,0.093115,0.078757
AAGTAGTGACGCGAGG-1,0.55672,0.011702,0.264747,0.12611,0.00006,0.000179,0.040482
AAGTCAATTGTCGTCA-1,0.000009,0.000009,0.000009,0.003066,0.033804,0.961598,0.001504
AAGTCTAGTAGCTGCC-1,0.026961,0.03766,0.00986,0.001735,0.306608,0.418222,0.198955
AAGTCTTCTGTGGCCT-1,0.570125,0.407644,0.000057,0.000057,0.021832,0.000171,0.000114
AAGTGACGACCGAATT-1,0.032059,0.000041,0.073083,0.046938,0.390657,0.23832,0.218903
AAGTGAGTCGGGTTTA-1,0.000045,0.056517,0.172257,0.008956,0.230839,0.193694,0.337692
AAGTGCAAAGGTAGAC-1,0.994522,0.005284,0.000024,0.000024,0.000024,0.000073,0.000048
AAGTGCCTTGACTGTA-1,0.000023,0.000023,0.013901,0.003468,0.000722,0.688281,0.293583
AAGTGCGTTAGAATCT-1,0.000046,0.000046,0.003147,0.000046,0.54216,0.137633,0.316924
AAGTGCTTCTCTATTG-1,0.234078,0.690317,0.072798,0.000051,0.000051,0.000153,0.002552
AAGTGTTTGGAGACGG-1,0.000028,0.000028,0.046334,0.008699,0.000028,0.202286,0.742596
AAGTTCACTCCAAGCT-1,0.000014,0.000014,0.000014,0.000014,0.048104,0.555897,0.395943
AAGTTCAGTCTGCGTA-1,0.026287,0.024925,0.421233,0.142227,0.051213,0.30178,0.032336
AAGTTCGGCCAACAGG-1,0.00073,0.000032,0.054497,0.062071,0.375213,0.125974,0.381484
AAGTTGTGATGTTATA-1,0.000044,0.068022,0.07094,0.000044,0.003154,0.004371,0.853425
AAGTTTACTAATGGCA-1,0.03185,0.000048,0.009933,0.612385,0.029479,0.221559,0.094746
AAGTTTATGGGCCCAA-1,0.357782,0.457927,0.000065,0.000093,0.133891,0.000195,0.050046
AATAACAACGCTCGGC-1,0.090354,0.050553,0.052974,0.136223,0.375893,0.22775,0.066255
AATAACACTAGAACAA-1,0.000079,0.05192,0.153259,0.000079,0.302902,0.00402,0.487741
AATAAGTCCTCGAGAC-1,0.02878,0.296164,0.318842,0.184895,0.00008,0.043361,0.127879
AATAATCTTCGTATCG-1,0.00001,0.00001,0.00001,0.000693,0.076957,0.65949,0.262831
AATACAATGTTTCAGG-1,0.701218,0.293268,0.005002,0.000073,0.000073,0.000219,0.000146
AATACCGGAGGGCTGT-1,0.884117,0.060862,0.032853,0.02189,0.000046,0.000139,0.000093
AATACCTGATGTGAAC-1,0.189332,0.012934,0.000417,0.1441,0.186032,0.304284,0.1629
AATAGAACAGAGTGGC-1,0.01648,0.003359,0.296885,0.00085,0.319807,0.028777,0.333841
AATAGAATCTGTTTCA-1,0.000023,0.000023,0.040346,0.001748,0.008239,0.633643,0.315979
AATAGCAAGCCTCCTG-1,0.061979,0.027863,0.094041,0.001171,0.24088,0.213041,0.361024
AATAGCTACCGCGTGC-1,0.000048,0.01483,0.458606,0.049,0.000048,0.133973,0.343496
AATAGTCCGTCCCGAC-1,0.040581,0.000052,0.19951,0.000052,0.217795,0.148652,0.393359
AATAGTCGCGAGTCGG-1,0.289579,0.683769,0.000058,0.000058,0.000058,0.000174,0.026304
AATATCAAGGTCGGAT-1,0.593808,0.019741,0.254906,0.101492,0.000081,0.000243,0.029729
AATATCCTAGCAAACT-1,0.621316,0.378391,0.000037,0.000037,0.000037,0.00011,0.000073
AATATCGAATCAATGC-1,0.000016,0.000016,0.053838,0.016688,0.025175,0.706634,0.197634
AATATCGAGGGTTCTC-1,0.172337,0.000044,0.296417,0.291081,0.000044,0.103275,0.136801
AATATTGGAGTATTGA-1,0.272247,0.536881,0.163876,0.000131,0.000131,0.000393,0.02634
AATCAGACTGCAGGAC-1,0.138567,0.667705,0.192908,0.00018,0.000107,0.00032,0.000214
AATCAGGTTTCATTTA-1,0.844026,0.155544,0.000054,0.000054,0.000054,0.000161,0.000108
AATCATGTAAAGACTC-1,0.00002,0.00002,0.002988,0.00002,0.00002,0.519135,0.477796
AATCCAAGGGCCTGAG-1,0.000125,0.599344,0.310366,0.089414,0.000125,0.000375,0.00025
AATCCATGCAAGGGTG-1,0.405717,0.468447,0.033664,0.000103,0.074139,0.000308,0.017621
AATCGCCTCAGCGCCA-1,0.004846,0.000014,0.001828,0.026855,0.082061,0.856877,0.02752
AATCGCGCAGAGGACT-1,0.001646,0.014471,0.025804,0.131459,0.01972,0.553945,0.252954
AATCGGGACACTACGA-1,0.048375,0.425435,0.167108,0.261972,0.000092,0.054355,0.042663
AATCGGTATAGCCCTC-1,0.772058,0.104604,0.047569,0.04467,0.000061,0.030916,0.000122
AATCGTGAGCCGAGCA-1,0.387151,0.154684,0.027874,0.035504,0.136117,0.146628,0.112041
AATCTAGGTTTACTTG-1,0.000046,0.024211,0.000046,0.000046,0.57684,0.000139,0.398672
AATCTATGCCGGAGCC-1,0.018404,0.00002,0.131536,0.06615,0.020689,0.699462,0.063739
AATCTCTACTGTGGTT-1,0.645863,0.317689,0.013176,0.000042,0.006616,0.000125,0.016488
AATCTGCGTTGGGACG-1,0.069521,0.000025,0.154309,0.249898,0.046564,0.317591,0.162091
AATCTGGCTTTCTAGT-1,0.000029,0.029179,0.000029,0.000029,0.968451,0.000086,0.002198
AATCTGGGTAGACCCT-1,0.00003,0.022965,0.060836,0.036284,0.200803,0.4878,0.191282
AATGACAGCAATGTCT-1,0.000062,0.038516,0.00009,0.000062,0.385119,0.000187,0.575963
AATGACGTAGGATGTC-1,0.000031,0.000031,0.10366,0.050642,0.000031,0.504261,0.341345
AATGACTGTCAGCCGG-1,0.199314,0.007693,0.005695,0.612967,0.004486,0.134717,0.035128
AATGAGTTCGCATATG-1,0.623511,0.23791,0.000101,0.094765,0.000101,0.026679,0.016932
AATGATGATACGCTAT-1,0.044705,0.145605,0.699551,0.092928,0.000054,0.000162,0.016994
AATGATGCGACTCCTG-1,0.143266,0.000095,0.588805,0.069228,0.00438,0.169241,0.024986
AATGCAACCGGGTACC-1,0.091768,0.519212,0.355339,0.033116,0.000094,0.000283,0.000188
AATGCACCAAGCAATG-1,0.002818,0.09309,0.501738,0.221238,0.011308,0.080386,0.089423
AATGGCCGCCAATGCG-1,0.000016,0.017229,0.020337,0.015352,0.087073,0.576741,0.283253
AATGGTCCACCGTTCA-1,0.518904,0.338072,0.140058,0.00253,0.000073,0.000218,0.000145
AATGGTTCTCACAAGC-1,0.137608,0.691847,0.16954,0.000144,0.000144,0.000431,0.000287
AATGTGCCCGAGGTGT-1,0.000016,0.000016,0.000016,0.000016,0.781943,0.123269,0.094724
AATGTGCTAATCTGAG-1,0.365769,0.534135,0.095519,0.000049,0.004284,0.000146,0.000097
AATGTTGTCGTGAGAC-1,0.337535,0.312283,0.008984,0.004409,0.123419,0.004169,0.209201
AATTAAAGGTCGGCGT-1,0.005473,0.00002,0.026151,0.028885,0.254295,0.653642,0.031533
AATTAACGGATTTCCA-1,0.000046,0.000046,0.263136,0.000046,0.000046,0.000139,0.73654
AATTACTCGTACGCTC-1,0.914533,0.002918,0.000026,0.012994,0.009006,0.032424,0.028099
AATTAGCGCTGCAGCG-1,0.000021,0.000021,0.000021,0.000021,0.199837,0.592019,0.208061
AATTCATAAGGGATCT-1,0.010515,0.204281,0.752673,0.032175,0.000059,0.000178,0.000119
AATTCCAACTTGGTGA-1,0.205739,0.512847,0.015132,0.069129,0.14137,0.040686,0.015098
AATTCCAAGCATGTAC-1,0.62884,0.123588,0.049955,0.025108,0.053813,0.054158,0.064538
AATTCGATTCGAGGAT-1,0.230855,0.441484,0.058037,0.011399,0.005682,0.177122,0.075421
AATTCTAGAGTTAGGC-1,0.000033,0.000033,0.002803,0.000033,0.024162,0.598375,0.374561
AATTGAACGCTCTGGT-1,0.000019,0.000019,0.031467,0.002408,0.005809,0.648925,0.311354
AATTGCAGCAATCGAC-1,0.016428,0.033764,0.152039,0.000031,0.188006,0.006199,0.603532
AATTGTGGTTGCCAAA-1,0.00002,0.01578,0.008798,0.002453,0.073383,0.138576,0.76099
AATTTGGGACATAGTA-1,0.000065,0.106486,0.384575,0.159782,0.044659,0.116884,0.18755
AATTTGGTTCCAAAGA-1,0.018199,0.013548,0.000059,0.445078,0.032122,0.420739,0.070255
ACAAACCGACAAGGCG-1,0.000033,0.005187,0.223757,0.088409,0.148127,0.263912,0.270575
ACAAAGAAGGTAGGCC-1,0.16794,0.750874,0.069366,0.000047,0.003642,0.000142,0.007989
ACAAAGCATGACCTAG-1,0.023857,0.035654,0.040897,0.000029,0.02175,0.006416,0.871397
ACAAATCGCACCGAAT-1,0.000017,0.000017,0.002409,0.000017,0.044117,0.755134,0.19829
ACAAATGGTAGTGTTT-1,0.000012,0.000012,0.000058,0.000013,0.026524,0.961397,0.011985
ACAAATTCAGATCTGA-1,0.000022,0.000022,0.186888,0.029542,0.242074,0.49226,0.049192
ACAACAGCATGAGCTA-1,0.041351,0.000026,0.128305,0.037066,0.230221,0.53746,0.025572
ACAACGGTCCCTGCGA-1,0.298326,0.526583,0.044527,0.129945,0.000103,0.00031,0.000206
ACAAGCAGTGCCTAGC-1,0.146229,0.767984,0.085248,0.000077,0.000077,0.000231,0.000154
ACAAGCTATATGGAAG-1,0.487426,0.459647,0.000039,0.00819,0.014538,0.030082,0.000078
ACAAGGAAATCCGCCC-1,0.000026,0.000026,0.023022,0.000944,0.000026,0.500416,0.475541
ACAAGGACAAGAGGTT-1,0.207808,0.419121,0.344893,0.027699,0.00008,0.00024,0.00016
ACAAGGATGCTTTAGG-1,0.000041,0.000041,0.231529,0.000041,0.000041,0.017715,0.750592
ACAAGGCCTACCAGCC-1,0.000021,0.009299,0.17,0.006395,0.072084,0.522085,0.220116
ACAAGGGCAGGCTCTG-1,0.000026,0.000026,0.058456,0.005191,0.060376,0.448603,0.427323
ACAATAGTCGTACGTT-1,0.000034,0.028579,0.037126,0.009661,0.428988,0.259557,0.236054
ACAATCCATTTAAACC-1,0.010708,0.040863,0.420895,0.027751,0.382877,0.014441,0.102465
ACAATCGATCTTTATA-1,0.004001,0.000047,0.005224,0.580349,0.032315,0.254424,0.123639
ACAATGAATACGGAGA-1,0.01516,0.000021,0.029822,0.003531,0.476484,0.239057,0.235926
ACAATGATTCTTCTAC-1,0.034578,0.003994,0.062663,0.012907,0.113232,0.656306,0.116319
ACAATTGTGTCTCTTT-1,0.000021,0.007029,0.00816,0.00304,0.029063,0.695448,0.257239
ACAATTTAGGAGGCTC-1,0.762664,0.236903,0.000054,0.000054,0.000054,0.000162,0.000108
ACAATTTGAGCAGTGG-1,0.211998,0.000034,0.237755,0.234351,0.002405,0.223738,0.08972
ACAATTTGGCCATATT-1,0.007149,0.024412,0.020275,0.033638,0.047386,0.6411,0.22604
ACACAAAGACGGGTGG-1,0.286504,0.34182,0.351874,0.019325,0.000079,0.000238,0.000159
ACACAAATATTCCTAG-1,0.008471,0.027874,0.075256,0.001719,0.158455,0.457185,0.271041
ACACACCAGGACCAGT-1,0.000019,0.000019,0.043399,0.016704,0.175563,0.718492,0.045803
ACACACTTTCTACACG-1,0.079788,0.001856,0.00007,0.503864,0.111664,0.233615,0.069143
ACACATGATCAAATCT-1,0.059602,0.054902,0.016148,0.000016,0.576301,0.001636,0.291395
ACACATTGACGCAACA-1,0.064973,0.755905,0.022636,0.000262,0.106356,0.000431,0.049437
ACACATTTCCGTAGAC-1,0.999505,0.00002,0.00002,0.000334,0.00002,0.00006,0.00004
ACACCACATAATTAGC-1,0.006271,0.004836,0.073776,0.044696,0.024774,0.641515,0.204133
ACACCCAGCATGCAGC-1,0.000122,0.608007,0.391067,0.000115,0.000115,0.000345,0.00023
ACACCCGAGAAATCCG-1,0.278088,0.627322,0.000129,0.093688,0.000129,0.000387,0.000258
ACACCCGTAAATCTGT-1,0.000013,0.02325,0.051558,0.000651,0.085193,0.489521,0.349815
ACACCGAGCGCTCTTT-1,0.238472,0.716113,0.044963,0.000065,0.000065,0.000194,0.000129
ACACCTTAAGTAGGGC-1,0.081306,0.504334,0.281871,0.126603,0.000119,0.005529,0.000238
ACACCTTACTACTTGC-1,0.034457,0.000016,0.011653,0.134113,0.007536,0.623328,0.188898
ACACGAGACTCCTTCT-1,0.039791,0.003424,0.193126,0.113599,0.002104,0.25328,0.394676
ACACGGCACTATGCAT-1,0.604853,0.017739,0.25569,0.065596,0.000072,0.000216,0.055835
ACACGGGAACTTAGGG-1,0.124498,0.000042,0.274661,0.38309,0.000042,0.09255,0.125116
ACACGTAGGCCACAAG-1,0.000024,0.000024,0.00328,0.000046,0.000024,0.416852,0.57975
ACACTCCAATGTCACT-1,0.177612,0.77119,0.050494,0.0001,0.0001,0.000301,0.000201
ACACTGATCAAGGTGT-1,0.000038,0.000038,0.245746,0.000187,0.082285,0.025318,0.646387
ACACTGGGACAGTCGT-1,0.000018,0.000018,0.000018,0.000018,0.076995,0.326122,0.596812
ACAGAACTGAGAACAA-1,0.049173,0.000017,0.000616,0.049411,0.555324,0.273064,0.072395
ACAGATTAGGTTAGTG-1,0.000148,0.369396,0.365189,0.264381,0.000148,0.000443,0.000296
ACAGCATAGAGCCAGT-1,0.08944,0.564684,0.297145,0.04794,0.000132,0.000395,0.000264
ACAGCGACATTCTCAT-1,0.000027,0.000027,0.010706,0.00722,0.000027,0.408545,0.573447
ACAGGCACGGATCCTT-1,0.758145,0.026515,0.000036,0.007628,0.016398,0.060784,0.130494
ACAGGCTTGCCCGACT-1,0.000018,0.000018,0.005074,0.000018,0.048666,0.657313,0.288892
ACAGGTGGAGGTGAGG-1,0.000106,0.071006,0.123044,0.000106,0.110885,0.000319,0.694533
ACAGGTGTGTTGTTGC-1,0.404983,0.594647,0.000046,0.000046,0.000046,0.000139,0.000092
ACAGTAATACAACTTG-1,0.007851,0.02935,0.009469,0.022639,0.437813,0.357748,0.135129
ACAGTATACCGTGGGA-1,0.00563,0.000017,0.209312,0.011729,0.201376,0.239564,0.332373
ACAGTGCAGCGCATTT-1,0.00001,0.00001,0.00001,0.00001,0.213284,0.752154,0.034523
ACATAATAAGGCGGTG-1,0.177763,0.525477,0.279073,0.017058,0.000105,0.000315,0.00021
ACATCAGCTGGGACGC-1,0.486373,0.513081,0.000068,0.000068,0.000068,0.000205,0.000137
ACATCCCGGCCATACG-1,0.000038,0.000038,0.283485,0.000038,0.094513,0.039276,0.582611
ACATCCTGGTAACTGT-1,0.014489,0.000008,0.000008,0.006254,0.007305,0.965693,0.006245
ACATCGATCGTTTACC-1,0.006555,0.000021,0.000021,0.008728,0.1896,0.793011,0.002065
ACATCGGTCAGCCGCG-1,0.008259,0.000025,0.056573,0.036774,0.156569,0.578942,0.162857
ACATCGTATGCAATGG-1,0.00001,0.00001,0.00001,0.00001,0.054258,0.945119,0.000582
ACATCGTTAACCTAGT-1,0.038324,0.138013,0.291619,0.233874,0.115811,0.182235,0.000124
ACATGGCGCCAAAGTA-1,0.019645,0.012031,0.073418,0.095169,0.042838,0.512071,0.244828
ACATGGCTCAATTTAG-1,0.034748,0.886403,0.040932,0.000081,0.000081,0.000243,0.037512
ACATTAGTTTATATCC-1,0.000037,0.000037,0.000332,0.000037,0.001826,0.177722,0.820011
ACATTTGAAACCTAAC-1,0.703729,0.223263,0.001831,0.000041,0.053442,0.017612,0.000081
ACCAAACACCCAGCGA-1,0.00002,0.037155,0.267171,0.001697,0.069677,0.416706,0.207573
ACCAAACTAGAAATCC-1,0.000035,0.000035,0.000035,0.457565,0.071189,0.313942,0.157198
ACCAACACCACACACT-1,0.046861,0.013602,0.409405,0.021649,0.052718,0.363994,0.091771
ACCAACCGCACTCCAC-1,0.231832,0.040159,0.065273,0.027532,0.177213,0.108041,0.349951
ACCAACGCTTATTTAT-1,0.00562,0.000049,0.296188,0.000049,0.119021,0.000147,0.578927
ACCAAGAACGCGTGTC-1,0.223495,0.520951,0.080136,0.106065,0.000113,0.000339,0.0689
ACCAAGTCATCGGCAG-1,0.450734,0.241109,0.049041,0.17518,0.000054,0.040674,0.043207
ACCAATATGCAAGTTA-1,0.000015,0.000015,0.00489,0.001869,0.125908,0.415607,0.451696
ACCACAACTCAGAACA-1,0.078471,0.02546,0.100152,0.37804,0.117321,0.159777,0.140779
ACCACAAGTTTCTATC-1,0.004134,0.250886,0.469765,0.063983,0.028365,0.051149,0.131718
ACCACCAATGTAACAA-1,0.000518,0.000013,0.047011,0.120371,0.018821,0.684996,0.128269
ACCACCCTCTCTTCTA-1,0.000013,0.000013,0.009068,0.004146,0.328342,0.583559,0.074859
ACCACGTGCAGCTATA-1,0.000022,0.000022,0.090093,0.001403,0.005967,0.332498,0.569996
ACCACTGTTCAAGAAG-1,0.13359,0.557806,0.000018,0.000018,0.25891,0.001227,0.048432
ACCAGACCATAACAAC-1,0.431074,0.324641,0.18809,0.002352,0.046101,0.000071,0.007672
ACCAGCCCGGTCTTTG-1,0.010307,0.033091,0.009817,0.391579,0.051878,0.377393,0.125935
ACCAGGAGTGTGATCT-1,0.131347,0.336773,0.233289,0.287966,0.000069,0.000206,0.010351
ACCAGTGCCCGGTCAA-1,0.000036,0.038526,0.277543,0.067919,0.102034,0.207492,0.306451
ACCAGTGCGGGAGACG-1,0.00001,0.00001,0.00001,0.000215,0.085076,0.889752,0.024927
ACCATATCCGCAATAA-1,0.019519,0.0313,0.084158,0.02803,0.125103,0.447642,0.264246
ACCATCCGCCAACTAG-1,0.026463,0.138698,0.116025,0.000043,0.549843,0.063884,0.105044
ACCATCGTATATGGTA-1,0.000067,0.000067,0.025575,0.060688,0.254221,0.121036,0.538346
ACCATTAAGGGTGTCA-1,0.15181,0.675418,0.000043,0.000043,0.108967,0.040674,0.023046
ACCCAACGCCCGTGGC-1,0.04227,0.03602,0.259398,0.220823,0.120015,0.249784,0.071689
ACCCACCTACATGCTC-1,0.354413,0.389662,0.118538,0.136996,0.000065,0.000196,0.000131
ACCCATCTTGAGGGTA-1,0.000021,0.000021,0.02957,0.019395,0.353444,0.585371,0.012178
ACCCATTTGTCCCTCT-1,0.000023,0.000023,0.014641,0.000023,0.091935,0.175241,0.718112
ACCCGAGCGAAATTAC-1,0.008781,0.03668,0.043371,0.000487,0.518522,0.032928,0.359231
ACCCGATTGGTTCCGA-1,0.779537,0.203472,0.000056,0.00237,0.014287,0.000167,0.000111
ACCCGGAAACTCCCAG-1,0.00003,0.00003,0.012259,0.00003,0.00003,0.030166,0.957454
ACCCGGAGCACCACAA-1,0.013784,0.000769,0.003757,0.022088,0.161981,0.562393,0.235228
ACCCGGATGACGCATC-1,0.001329,0.000021,0.087551,0.143645,0.070329,0.604414,0.092711
ACCCGGTTACACTTCC-1,0.000018,0.000018,0.001483,0.002795,0.482827,0.467388,0.045471
ACCCGTAGTCTAGTTG-1,0.000161,0.053812,0.027105,0.000161,0.000161,0.000482,0.918119
ACCCGTGTCATCAGTA-1,0.047074,0.000053,0.287974,0.021821,0.090033,0.052032,0.501014
ACCCTATAGGACTGAG-1,0.442264,0.351059,0.11189,0.058052,0.000086,0.000258,0.03639
ACCCTATGCCATATCG-1,0.000013,0.000013,0.000013,0.000013,0.241934,0.463764,0.294252
ACCCTCCCGTCAGGGC-1,0.498779,0.051592,0.003793,0.052517,0.116393,0.177453,0.099472
ACCCTCCCTTGCTATT-1,0.000018,0.000018,0.002855,0.001387,0.011921,0.758918,0.224883
ACCCTGGTAACGCCCT-1,0.000017,0.000017,0.130412,0.002669,0.127463,0.587481,0.15194
ACCCTTCATCTGCGAA-1,0.101481,0.016286,0.000065,0.399909,0.031155,0.416214,0.034889
ACCCTTGCCTGGGTCG-1,0.000012,0.019295,0.012812,0.006893,0.177022,0.70114,0.082826
ACCGAAAGGGCCCTGC-1,0.48942,0.067676,0.220222,0.218855,0.000056,0.000167,0.003605
ACCGACACATCTCCCA-1,0.271338,0.149346,0.079567,0.083594,0.110928,0.105087,0.200139
ACCGACTGAGTCCCAC-1,0.431747,0.000059,0.337614,0.185238,0.000059,0.011857,0.033425
ACCGAGTCTCCTTATT-1,0.307175,0.504325,0.000051,0.000051,0.188143,0.000153,0.000102
ACCGATAGGCATAACC-1,0.000011,0.000011,0.000011,0.000011,0.197661,0.283786,0.518508
ACCGATATTTAATCAT-1,0.000013,0.000013,0.000013,0.000013,0.095348,0.640462,0.264136
ACCGATGGTAGCATCG-1,0.000018,0.000018,0.064272,0.134821,0.004753,0.608805,0.187312
ACCGCAATAACTGCCT-1,0.000022,0.000022,0.06691,0.004423,0.010672,0.321185,0.596767
ACCGCGGTGGAAGTCG-1,0.00003,0.00003,0.039235,0.037463,0.001036,0.565329,0.356877
ACCGGGCCTTTGTTGA-1,0.000018,0.000018,0.035987,0.01001,0.017931,0.826441,0.109595
ACCGGTCAGGTACACC-1,0.00002,0.00898,0.000007,0.000007,0.856429,0.105097,0.02946
ACCGGTCTGAGTACGG-1,0.000016,0.000016,0.056586,0.087656,0.101153,0.613848,0.140726
ACCGTGACCACGTGGG-1,0.000036,0.020876,0.053237,0.000036,0.454553,0.112065,0.359197
ACCGTTCCCGCTCTGA-1,0.000046,0.000046,0.000046,0.544842,0.039891,0.282976,0.132154
ACCTAAGTACCTTTCA-1,0.005043,0.064552,0.100682,0.011984,0.410549,0.020708,0.386482
ACCTAATCGACTTCCT-1,0.192437,0.493244,0.313549,0.00011,0.00011,0.00033,0.00022
ACCTACAGTATGTGGT-1,0.01495,0.017755,0.028176,0.064768,0.070425,0.548101,0.255824
ACCTACTATAAATCTA-1,0.705234,0.059542,0.00767,0.000039,0.156717,0.032826,0.037973
ACCTCCGCCCTCGCTG-1,0.000017,0.000017,0.024439,0.002195,0.019179,0.56614,0.388014
ACCTCCGTTATTCACC-1,0.053288,0.000368,0.091672,0.023633,0.045892,0.625478,0.15967
ACCTGCGTGTCATGTT-1,0.000051,0.019281,0.000052,0.000051,0.585835,0.052206,0.342524
ACGAAATGGGCGGCAC-1,0.330888,0.521252,0.000243,0.019566,0.000112,0.000337,0.127603
ACGACCCATGAGTTGC-1,0.017777,0.009845,0.004715,0.048417,0.253148,0.393539,0.272558
ACGACTCTAGGGCCGA-1,0.667282,0.170974,0.045237,0.012531,0.084293,0.000127,0.019556
ACGACTGGTCATACTC-1,0.005362,0.029317,0.000015,0.000034,0.752872,0.197329,0.015071
ACGAGAACCCATCACG-1,0.19106,0.538821,0.000095,0.235144,0.000095,0.000284,0.034502
ACGAGGATACCACTCT-1,0.000057,0.054831,0.004547,0.000057,0.46942,0.000171,0.470918
ACGAGGTTTACAACGT-1,0.017845,0.033226,0.000862,0.019976,0.813798,0.103354,0.010939
ACGAGTACGGATGCCC-1,0.0088,0.067465,0.49401,0.040327,0.146652,0.205372,0.037376
ACGAGTCGCCGGCGTT-1,0.152953,0.403656,0.000016,0.000702,0.43739,0.001756,0.003528
ACGATACATAGAACTA-1,0.389574,0.004199,0.101092,0.504819,0.000053,0.000158,0.000105
ACGATACCTATCCTGA-1,0.811644,0.140857,0.045583,0.001713,0.000034,0.000101,0.000068
ACGATCATACATAGAG-1,0.505778,0.000056,0.234676,0.259156,0.000056,0.000167,0.000111
ACGATCATCTTGTAAA-1,0.035919,0.000017,0.032569,0.095999,0.001232,0.615837,0.218427
ACGATGCATATGTTAT-1,0.000052,0.000052,0.153857,0.063917,0.204345,0.067989,0.509789
ACGATGGATCCGATGC-1,0.000117,0.256964,0.425295,0.289932,0.000117,0.020424,0.007151
ACGCAAACTAATAGAT-1,0.027844,0.038252,0.071535,0.09262,0.551188,0.184716,0.033845
ACGCAATCACTACAGC-1,0.000032,0.004416,0.397176,0.044533,0.004665,0.276451,0.272728
ACGCATAAATGACATG-1,0.002605,0.015474,0.087377,0.003767,0.160822,0.547545,0.18241
ACGCATACGTTTACTA-1,0.000024,0.000024,0.102038,0.000024,0.000024,0.124252,0.773613
ACGCATTCGTGAGTAC-1,0.000027,0.000027,0.124761,0.042435,0.0849,0.585806,0.162044
ACGCCAGATGATTTCT-1,0.244364,0.076343,0.407394,0.271556,0.000057,0.000171,0.000114
ACGCCAGTGCGTTTGC-1,0.715972,0.219364,0.000064,0.000064,0.041799,0.000191,0.022547
ACGCCGCTAGACGACC-1,0.000028,0.000028,0.152295,0.001064,0.010013,0.280388,0.556186
ACGCGAAGTCAGACGA-1,0.000037,0.000037,0.10636,0.003393,0.036209,0.310871,0.543092
ACGCGCTACACAGGGT-1,0.000024,0.000024,0.038955,0.013311,0.43841,0.494402,0.014873
ACGCGGGCCAAGGACA-1,0.004799,0.000028,0.225982,0.039024,0.250357,0.184416,0.295393
ACGCGTTTCTTAAGAG-1,0.453997,0.518996,0.000063,0.000063,0.021847,0.000189,0.004846
ACGCTACTGAATGGGC-1,0.067967,0.245423,0.000032,0.079496,0.183777,0.18648,0.236826
ACGCTAGTATCAGTGC-1,0.000016,0.015267,0.03626,0.000016,0.014247,0.541264,0.39293
ACGCTAGTGATACACT-1,0.000598,0.095971,0.659795,0.014773,0.054529,0.040225,0.134108
ACGCTGTGAGGCGTAG-1,0.505347,0.412973,0.045283,0.007827,0.02823,0.000204,0.000136
ACGCTTAGTGTCTCTC-1,0.000031,0.000031,0.12648,0.167379,0.194868,0.421796,0.089414
ACGGAACACGAGTGCC-1,0.907128,0.092538,0.000042,0.000042,0.000042,0.000125,0.000084
ACGGAATTTAGCAAAT-1,0.089216,0.857138,0.038413,0.014666,0.000094,0.000283,0.000189
ACGGACTCTCAAAGCG-1,0.000065,0.085449,0.537969,0.000065,0.113278,0.007141,0.256033
ACGGAGCGCAAATTAC-1,0.016873,0.012097,0.140025,0.134485,0.051426,0.575176,0.069918
ACGGATGGTGCGGATA-1,0.000013,0.000013,0.000013,0.000013,0.037715,0.683641,0.27859
ACGGCACTTGCTTGGG-1,0.01442,0.000029,0.000029,0.002762,0.050076,0.368079,0.564604
ACGGCCAACATGGACT-1,0.017172,0.004756,0.071148,0.000028,0.100031,0.005533,0.801331
ACGGCGACGATGGGAA-1,0.000013,0.000013,0.016817,0.000764,0.094858,0.815333,0.072203
ACGGCGGGTTGCCCTG-1,0.519384,0.448734,0.018825,0.012653,0.000067,0.000202,0.000134
ACGGGAGTGTCGGCCC-1,0.000034,0.000034,0.000034,0.000034,0.763111,0.076233,0.160518
ACGGGCGTATGCGACA-1,0.01305,0.000018,0.225612,0.028414,0.064418,0.462038,0.20645
ACGGGTCATGTGACTT-1,0.225056,0.774342,0.000075,0.000075,0.000075,0.000226,0.000151
ACGGTACAGTTCAATG-1,0.891695,0.000029,0.000029,0.010269,0.000041,0.065558,0.03238
ACGTACAGATTTCTCT-1,0.048896,0.010746,0.000065,0.480635,0.073432,0.299536,0.086691
ACGTACTTTGGCACGG-1,0.437773,0.522171,0.000081,0.000081,0.039487,0.000244,0.000163
ACGTAGATTGCTGATG-1,0.006095,0.000023,0.007729,0.090322,0.128165,0.719009,0.048657
ACGTAGGAGAGTCGCT-1,0.343397,0.559702,0.078247,0.011323,0.000082,0.000247,0.007003
ACGTATTACTCCGATC-1,0.008562,0.000034,0.380526,0.008302,0.000417,0.425035,0.177125
ACGTCCTAAACGAGAT-1,0.000035,0.023419,0.002404,0.58661,0.07809,0.191811,0.117633
ACGTCTCGTTCCGGGA-1,0.621626,0.142029,0.00002,0.00002,0.236207,0.000059,0.00004
ACGTGACAAAGTAAGT-1,0.000046,0.543268,0.000046,0.000046,0.446179,0.000137,0.010278
ACGTGCGCCTCGTGCA-1,0.321988,0.157118,0.290577,0.229848,0.000078,0.000234,0.000156
ACGTGGTCGAATGTGC-1,0.020892,0.000037,0.405386,0.014311,0.124453,0.000111,0.43481
ACGTTAATGTCGAAGA-1,0.000041,0.000026,0.036948,0.052168,0.022224,0.750153,0.138441
ACGTTAGATTTGCCCG-1,0.020108,0.013197,0.096569,0.000061,0.126332,0.278155,0.465577
ACGTTATTGGTCACTC-1,0.000114,0.686193,0.000094,0.000094,0.313035,0.000282,0.000188
ACGTTCCGCGCTCCGT-1,0.263779,0.386517,0.190347,0.158723,0.000106,0.000317,0.000211
ACGTTCGCAATCAATT-1,0.000013,0.000013,0.058073,0.03228,0.065139,0.734445,0.110036
ACGTTCGTTCAGGAAA-1,0.000025,0.000025,0.03258,0.031553,0.152347,0.657329,0.12614
ACGTTCTGTACAAGTC-1,0.513795,0.137781,0.001715,0.008972,0.22301,0.065262,0.049465
ACGTTTAGTTGTGATC-1,0.019298,0.060855,0.006784,0.477592,0.004151,0.247299,0.184021
ACTAAGGACGCACACC-1,0.000019,0.028324,0.000029,0.000019,0.002401,0.47019,0.499019
ACTAATACGTCAGGCG-1,0.00004,0.035547,0.427893,0.070319,0.116489,0.176966,0.172746
ACTACAAAGAGAGGTG-1,0.660854,0.283057,0.001345,0.000065,0.000065,0.000194,0.05442
ACTACCAGCTCTCTGG-1,0.223815,0.279428,0.222378,0.273697,0.000114,0.000341,0.000228
ACTACGCGTTAGAATT-1,0.015465,0.191678,0.489858,0.000084,0.010844,0.000253,0.291818
ACTAGTTGCGATCGTC-1,0.000024,0.000024,0.064666,0.000024,0.000024,0.528617,0.406621
ACTATATGCTGTGTTC-1,0.011431,0.066057,0.150632,0.104433,0.007135,0.368352,0.291961
ACTATCCAGGGCATGG-1,0.00474,0.000015,0.002941,0.192034,0.008354,0.574216,0.2177
ACTATCGCCGGCTAAA-1,0.027047,0.239259,0.000012,0.000012,0.714675,0.017979,0.001017
ACTATCTGCCCGCGTA-1,0.000016,0.000016,0.01364,0.002987,0.009128,0.729683,0.24453
ACTATTCGTCCGTGGT-1,0.140132,0.270276,0.584639,0.004277,0.000113,0.000338,0.000225
ACTATTTCCGGGCCCA-1,0.000058,0.067628,0.000058,0.000058,0.575159,0.000175,0.356863
ACTCAACGAATGTATT-1,0.148866,0.539726,0.066761,0.091478,0.010346,0.05954,0.083284
ACTCAAGTGCAAGGCT-1,0.000044,0.004923,0.136275,0.000044,0.000044,0.000133,0.858535
ACTCAATAAAGGCACG-1,0.222632,0.00151,0.133551,0.446565,0.000286,0.159126,0.03633
ACTCAGACCTGCTTCT-1,0.135687,0.417299,0.38872,0.047583,0.000094,0.000282,0.010334
ACTCCAATATCATCAT-1,0.000024,0.122245,0.000024,0.000024,0.45029,0.005259,0.422133
ACTCCCATTCCTAAAG-1,0.000057,0.016016,0.000057,0.000057,0.456971,0.024721,0.502121
ACTCCCGAATTCGTTT-1,0.00002,0.00002,0.20899,0.183309,0.060442,0.357402,0.189818
ACTCCCGTAGACTAGG-1,0.003475,0.000013,0.003636,0.001994,0.095737,0.751621,0.143525
ACTCCCTAATGCTAAA-1,0.017098,0.000022,0.042585,0.036139,0.000199,0.043332,0.860625
ACTCCCTAGAATAGTA-1,0.000013,0.000013,0.000013,0.000013,0.116764,0.873109,0.010074
ACTCCGGCCGACCACT-1,0.625856,0.143416,0.014935,0.014695,0.092973,0.014367,0.093759
ACTCGATGTATTTCAT-1,0.389301,0.543473,0.000065,0.000065,0.066773,0.000194,0.000129
ACTCGCCGTTCGATAA-1,0.024411,0.006176,0.044203,0.062079,0.107873,0.19447,0.560788
ACTCGCGATCTGACGC-1,0.003722,0.009344,0.009836,0.052418,0.088303,0.638523,0.197854
