Barcode,Topic 1,Topic 2,Topic 3to5,Topic 6,Topic 7to10
AAACAACGAATAGTTC-1,0.937874,0.000135,0.061315,0.000135,0.000541
AAACAAGTATCTCCCA-1,0.000009,0.028932,0.467009,0.000009,0.504041
AAACAATCTACTAGCA-1,0.850186,0.133246,0.000354,0.000118,0.016096
AAACAGAGCGACTCCT-1,0.731466,0.093999,0.031013,0.000069,0.143453
AAACAGCTTTCAGAAG-1,0.000032,0.273543,0.58652,0.000032,0.139874
AAACAGGGTCTATATT-1,0.000009,0.050041,0.310395,0.000009,0.639546
AAACATTTCCCGGATT-1,0.012404,0.065496,0.180039,0.000017,0.742043
AAACCACTACACAGAT-1,0.06019,0.011718,0.200749,0.000021,0.727322
AAACCCGAACGAAATC-1,0.055241,0.069821,0.140884,0.00001,0.734043
AAACCGGAAATGTTAA-1,0.016154,0.107531,0.4059,0.000626,0.46979
AAACCGGGTAGGTACC-1,0.000028,0.327379,0.085435,0.000028,0.587131
AAACCGTTCGTCCAGG-1,0.080187,0.144895,0.222024,0.002769,0.550125
AAACCTAAGCAGCCGG-1,0.000007,0.02757,0.106615,0.057793,0.808015
AAACCTCATGAAGTTG-1,0.00003,0.324896,0.099592,0.00003,0.575452
AAACGAAGAACATACC-1,0.999614,0.000043,0.000129,0.000043,0.000171
AAACGAAGATGGAGTA-1,0.572415,0.227181,0.041087,0.000046,0.15927
AAACGACAGTCTTGCC-1,0.101955,0.000012,0.284407,0.000012,0.613613
AAACGAGACGGTTGAT-1,0.1989,0.267667,0.33172,0.00003,0.201684
AAACGCCCGAGATCGG-1,0.0966,0.000017,0.775415,0.000017,0.12795
AAACGCTGGGCACGAC-1,0.02345,0.073771,0.313474,0.001627,0.587677
AAACGGGCGTACGGGT-1,0.003783,0.094079,0.018045,0.000633,0.88346
AAACGGGTTGGTATCC-1,0.948306,0.050519,0.000441,0.000147,0.000588
AAACGTGTTCGCCCTA-1,0.065121,0.03882,0.276003,0.00002,0.620037
AAACTAACGTGGCGAC-1,0.232153,0.382823,0.180006,0.000052,0.204967
AAACTCGGTTCGCAAT-1,0.000013,0.150818,0.012699,0.000558,0.835911
AAACTCGTGATATAAG-1,0.263321,0.341248,0.212729,0.000029,0.182673
AAACTGCTGGCTCCAA-1,0.013906,0.203913,0.14655,0.000015,0.635615
AAACTTAATTGCACGC-1,0.55773,0.258141,0.076435,0.00003,0.107664
AAACTTGCAAACGTAT-1,0.000009,0.021244,0.285336,0.000009,0.693401
AAAGAATGTGGACTAA-1,0.000009,0.144829,0.016645,0.000009,0.838508
AAAGACATGAAGTTTA-1,0.902504,0.000113,0.078011,0.018921,0.000451
AAAGACCCAAGTCGCG-1,0.976804,0.000042,0.022941,0.000042,0.00017
AAAGACTGGGCGCTTT-1,0.000037,0.561849,0.124289,0.000037,0.313789
AAAGCTTGCCTACATA-1,0.08687,0.226382,0.158743,0.003363,0.524642
AAAGGGATGTAGCAAG-1,0.589585,0.257072,0.152875,0.000094,0.000375
AAAGGGCAGCTTGAAT-1,0.000043,0.339525,0.21639,0.000043,0.443999
AAAGGTAAGCTGTACC-1,0.230363,0.252145,0.364603,0.000045,0.152844
AAAGGTCAACGACATG-1,0.188954,0.000017,0.436305,0.000017,0.374708
AAAGTAGCATTGCTCA-1,0.000019,0.048312,0.405756,0.000019,0.545894
AAAGTCACTGATGTAA-1,0.898628,0.041215,0.000188,0.000063,0.059907
AAAGTCGACCCTCAGT-1,0.000042,0.261846,0.064505,0.000042,0.673565
AAAGTGCCATCAATTA-1,0.017327,0.171948,0.136186,0.000016,0.674522
AAAGTGTGATTTATCT-1,0.012188,0.210812,0.315604,0.000023,0.461372
AAAGTTGACTCCCGTA-1,0.028356,0.076231,0.526159,0.000017,0.369237
AAATAACCATACGGGA-1,0.837573,0.158312,0.000211,0.00007,0.003834
AAATAAGGTAGTGCCC-1,0.148603,0.539773,0.063972,0.000039,0.247613
AAATACCTATAAGCAT-1,0.000011,0.01862,0.396875,0.000011,0.584483
AAATAGCTTAGACTTT-1,0.250884,0.321153,0.169908,0.00004,0.258015
AAATAGGGTGCTATTG-1,0.018814,0.05664,0.279975,0.001394,0.643178
AAATCACTCCTAAACG-1,0.000018,0.001683,0.322414,0.000018,0.675868
AAATCCGATACACGCC-1,0.000016,0.177669,0.012775,0.005052,0.804488
AAATCGCGGAAGGAGT-1,0.723931,0.068903,0.000114,0.000038,0.207014
AAATCGTGTACCACAA-1,0.001942,0.310707,0.039465,0.000034,0.647853
AAATCTAGCCCTGCTA-1,0.000011,0.041035,0.600689,0.000011,0.358255
AAATGATTCGATCAGC-1,0.111377,0.131894,0.504491,0.000023,0.252214
AAATGCTCGTTACGTT-1,0.002744,0.165814,0.713739,0.000059,0.117645
AAATGGCATGTCTTGT-1,0.887218,0.088417,0.024034,0.000066,0.000265
AAATGGCCCGTGCCCT-1,0.000014,0.200497,0.221179,0.004986,0.573323
AAATGGTCAATGTGCC-1,0.000018,0.144093,0.476346,0.000018,0.379525
AAATGTATCTTATCCC-1,0.271987,0.231468,0.464584,0.031446,0.000516
AAATGTGGGTGCTCCT-1,0.999099,0.0001,0.0003,0.0001,0.000401
AAATTAACGGGTAGCT-1,0.096343,0.514268,0.278878,0.000055,0.110455
AAATTAATAAGCGCGA-1,0.061762,0.472525,0.465507,0.000041,0.000165
AAATTACACGACTCTG-1,0.921828,0.007607,0.070437,0.000026,0.000102
AAATTACCTATCGATG-1,0.41887,0.000016,0.423014,0.000016,0.158083
AAATTCCAGGTCCAAA-1,0.270658,0.233794,0.127641,0.000026,0.367881
AAATTGCGGCGGTTCT-1,0.179452,0.054193,0.726898,0.000071,0.039385
AAATTGGTGAGAAGCA-1,0.01334,0.000009,0.247216,0.000009,0.739425
AAATTTACCGAAATCC-1,0.780925,0.000041,0.194538,0.000041,0.024454
AAATTTGCGGGTGTGG-1,0.015747,0.033347,0.071226,0.058582,0.821098
AACAACTGGTAGTTGC-1,0.053904,0.030676,0.38495,0.00536,0.525111
AACAATTACTCTACGC-1,0.000036,0.659865,0.194323,0.000036,0.14574
AACACACGCTCGCCGC-1,0.000009,0.002721,0.266248,0.000009,0.731013
AACACGACTGTACTGA-1,0.963756,0.000085,0.000254,0.000085,0.035821
AACACGAGACGCGGCC-1,0.01234,0.173779,0.262823,0.000024,0.551034
AACACGCGGCCGCGAA-1,0.818553,0.105601,0.075643,0.000041,0.000163
AACAGGAAATCGAATA-1,0.958125,0.008989,0.000171,0.000057,0.032659
AACAGGATGGGCCGCG-1,0.00072,0.357754,0.610625,0.000043,0.030857
AACAGGTAGTATGGAT-1,0.031536,0.326048,0.291431,0.000021,0.350963
AACATAGCGTGTATCG-1,0.000596,0.164111,0.124804,0.000007,0.710481
AACATATCAACTGGTG-1,0.636674,0.286924,0.063669,0.00003,0.012702
AACATCGATACGTCTA-1,0.196438,0.226055,0.29158,0.000049,0.285878
AACATTGGTCAGCCGT-1,0.719145,0.2798,0.000396,0.000132,0.000528
AACCAAGACTTCTCTG-1,0.006503,0.298867,0.223609,0.000034,0.470986
AACCAGTATCACTCTT-1,0.952478,0.000045,0.043624,0.003674,0.00018
AACCATGGGATCGCTA-1,0.012774,0.000055,0.777814,0.000055,0.209303
AACCCAGAGACGGAGA-1,0.153684,0.000031,0.845941,0.000031,0.000314
AACCCGAGCAGAATCG-1,0.001828,0.000006,0.049768,0.235049,0.71335
AACCCGATAGGGCTTC-1,0.067891,0.049074,0.113218,0.00002,0.769797
AACCCTACTGTCAATA-1,0.140605,0.406399,0.111367,0.000051,0.341578
AACCCTGGTGGAACCA-1,0.999342,0.000073,0.000219,0.000073,0.000292
AACCGAGCTTGGTCAT-1,0.839306,0.000054,0.160371,0.000054,0.000215
AACCGCTAAGGGATGC-1,0.000011,0.012056,0.468371,0.005092,0.51447
AACCGTTGTGTTTGCT-1,0.931555,0.036213,0.000248,0.002801,0.029184
AACCTAAAGCCGTCCG-1,0.976083,0.022588,0.000498,0.000166,0.000665
AACCTCGCTTTAGCCC-1,0.00001,0.003338,0.061952,0.00001,0.934691
AACCTGTCACGGAATT-1,0.029198,0.000018,0.308381,0.000018,0.662384
AACCTTTAAATACGGT-1,0.000031,0.270976,0.140648,0.006138,0.582207
AACCTTTACGACGTCT-1,0.806082,0.000042,0.064475,0.002589,0.126813
AACGAAAGTCGTCCCA-1,0.343587,0.507349,0.010504,0.000039,0.138521
AACGACCTCCTAGCCG-1,0.000011,0.077493,0.095053,0.000011,0.827431
AACGATAATGCCGTAG-1,0.000017,0.134704,0.24397,0.001064,0.620246
AACGATAGAAGGGCCG-1,0.702457,0.217316,0.079918,0.000062,0.000247
AACGATATGTCAACTG-1,0.901274,0.000044,0.098461,0.000044,0.000177
AACGCATGATCTGGGT-1,0.567489,0.000039,0.215074,0.000039,0.217358
AACGCGAACGGCAACA-1,0.126487,0.075463,0.797757,0.000059,0.000235
AACGCGGTCTCCAGCC-1,0.293064,0.000017,0.550068,0.000017,0.156834
AACGCTGTTGCTGAAA-1,0.019959,0.005239,0.171228,0.000009,0.803564
AACGGACGTACGTATA-1,0.015408,0.002517,0.104033,0.000007,0.878034
AACGGCCATCTCCGGT-1,0.087092,0.290637,0.183957,0.006449,0.431865
AACGTACTGTGGGTAC-1,0.044712,0.009902,0.287544,0.000009,0.657833
AACGTAGTCTACCCAT-1,0.913174,0.000201,0.085621,0.000201,0.000803
AACGTCAGACTAGTGG-1,0.00004,0.18294,0.586154,0.00004,0.230826
AACGTCGCTGCACTTC-1,0.000011,0.107286,0.000033,0.001881,0.890789
AACGTGATGAAGGACA-1,0.998816,0.000034,0.000101,0.000914,0.000135
AACGTGCGAAAGTCTC-1,0.058919,0.38995,0.324559,0.001899,0.224672
AACGTTATCAGCACCT-1,0.000034,0.002968,0.62847,0.000034,0.368493
AACTACCCGTTTGTCA-1,0.059211,0.140728,0.535389,0.000023,0.264649
AACTAGCGTATCGCAC-1,0.99944,0.000062,0.000187,0.000062,0.000249
AACTAGGCTTGGGTGT-1,0.000015,0.097816,0.020918,0.000015,0.881236
AACTCAAGTTAATTGC-1,0.024538,0.372275,0.324742,0.037915,0.240531
AACTCCAGAGCGTGTT-1,0.000008,0.000677,0.095788,0.000008,0.903518
AACTCCTAATCCCATG-1,0.922498,0.000045,0.000135,0.000045,0.077277
AACTCGATAAACACGT-1,0.707071,0.224236,0.054557,0.000096,0.01404
AACTCGATGGCGCAGT-1,0.066314,0.000061,0.922438,0.000061,0.011125
AACTCTCAATAGAGCG-1,0.361247,0.028057,0.481444,0.052044,0.077208
AACTGAGGTCAGCGTC-1,0.075565,0.000033,0.607542,0.002156,0.314704
AACTGAGTTATACTGA-1,0.067951,0.164247,0.08441,0.004664,0.678728
AACTGATATTAGGCCT-1,0.882336,0.042982,0.000341,0.000114,0.074228
AACTGGGTCCCGACGT-1,0.835803,0.140747,0.000237,0.000053,0.02316
AACTGGGTTCGAGCCG-1,0.999092,0.000101,0.000303,0.000101,0.000403
AACTGGTGTGGGCCTT-1,0.92963,0.024658,0.000312,0.000104,0.045295
AACTTCTGCGTCTATC-1,0.000017,0.000017,0.479539,0.000017,0.52041
AACTTGCCCGTATGCA-1,0.006984,0.072489,0.461211,0.004382,0.454933
AACTTGCGTTCTCGCG-1,0.000058,0.000058,0.999595,0.000058,0.000231
AACTTTACGGGAGCTT-1,0.000047,0.801357,0.161764,0.000047,0.036785
AACTTTAGCTGCTGAG-1,0.999451,0.000061,0.000183,0.000061,0.000244
AACTTTCTCGATCATG-1,0.000013,0.006657,0.15947,0.000013,0.833846
AAGAAATCACCAGATT-1,0.013748,0.012465,0.167703,0.150493,0.655591
AAGAAGGATCAGTTAG-1,0.000023,0.000023,0.96115,0.000023,0.038782
AAGACATACGTGGTTT-1,0.018988,0.001372,0.00003,0.0006,0.97901
AAGACCAAATAACTCA-1,0.366971,0.178999,0.230056,0.000018,0.223956
AAGACTAACCCGTTGT-1,0.95043,0.000056,0.025398,0.000056,0.024059
AAGACTCACGCCCACT-1,0.999139,0.000096,0.000287,0.000096,0.000383
AAGACTGCAAGCTACT-1,0.096693,0.307647,0.197073,0.00005,0.398537
AAGAGATGAATCGGTA-1,0.012265,0.293009,0.473668,0.036899,0.184159
AAGAGCTCTTTATCGG-1,0.255327,0.238256,0.343161,0.000033,0.163222
AAGAGGATGTACGCGA-1,0.011436,0.657447,0.053056,0.000032,0.278029
AAGAGGCATGGATCGC-1,0.145694,0.463331,0.132457,0.00005,0.258468
AAGAGGCCCTTTGGAA-1,0.000018,0.394394,0.182689,0.000018,0.422882
AAGATTGGCGGAACGT-1,0.827938,0.093009,0.000099,0.000033,0.078921
AAGCACCCTGCGTATC-1,0.000016,0.104189,0.039818,0.000016,0.855961
AAGCATACTCTCCTGA-1,0.011901,0.028167,0.331122,0.000019,0.628792
AAGCCGAAGCGGTTTA-1,0.040958,0.127584,0.470442,0.000022,0.360993
AAGCCGCTTTACCTTG-1,0.001128,0.000026,0.034599,0.000026,0.964222
AAGCCGGAGAGCAGGA-1,0.000021,0.086636,0.10696,0.027683,0.778699
AAGCGCAGGGCTTTGA-1,0.000007,0.019002,0.093812,0.000007,0.887172
AAGCGGAGTGCGCGCA-1,0.110896,0.064124,0.166137,0.000015,0.658827
AAGCGGCGTCATGGGT-1,0.859824,0.040304,0.00016,0.000053,0.099658
AAGCTAGATCGAGTAA-1,0.000013,0.123318,0.350556,0.036469,0.489643
AAGCTCGTGCCAAGTC-1,0.07718,0.400663,0.132107,0.000047,0.390002
AAGCTCTTTCATGGTG-1,0.00002,0.121311,0.086352,0.00002,0.792297
AAGGAGAACTTATAAG-1,0.973339,0.02576,0.000338,0.000113,0.000451
AAGGAGCGGTTGGTGC-1,0.000031,0.031156,0.448835,0.013964,0.506014
AAGGATCGATCGCTTG-1,0.437754,0.131213,0.113255,0.00004,0.317738
AAGGATGAGGGACCTC-1,0.439738,0.228311,0.169549,0.006495,0.155907
AAGGCAGGCTGTCTCC-1,0.021123,0.175951,0.086039,0.00002,0.716867
AAGGCGCGTAAAGCTT-1,0.000023,0.000023,0.57046,0.003398,0.426097
AAGGCTGTGCTCATCG-1,0.000011,0.000011,0.463718,0.000011,0.536249
AAGGGACAGATTCTGT-1,0.700375,0.211979,0.054802,0.003589,0.029255
AAGGGTTTGATTTCAG-1,0.800354,0.000038,0.000114,0.001212,0.198282
AAGGTATCCTAATATA-1,0.737203,0.135208,0.070357,0.000079,0.057153
AAGGTGATAAACCAGC-1,0.023939,0.648785,0.134196,0.000023,0.193057
AAGTAAGCTTCCAAAC-1,0.942806,0.000101,0.056587,0.000101,0.000405
AAGTAGTGACGCGAGG-1,0.005467,0.088849,0.666305,0.000028,0.239351
AAGTCAATTGTCGTCA-1,0.027438,0.345803,0.292341,0.000022,0.334396
AAGTCTAGTAGCTGCC-1,0.000021,0.050703,0.274623,0.000114,0.674539
AAGTCTTCTGTGGCCT-1,0.171794,0.277169,0.47144,0.000056,0.079541
AAGTGACGACCGAATT-1,0.044636,0.68034,0.003459,0.00003,0.271535
AAGTGCAAAGGTAGAC-1,0.000043,0.556368,0.339655,0.000043,0.103891
AAGTGCCTTGACTGTA-1,0.087855,0.621971,0.006231,0.000057,0.283886
AAGTGCGTTAGAATCT-1,0.000011,0.010304,0.381614,0.000011,0.608061
AAGTGTTTGGAGACGG-1,0.000016,0.280312,0.064856,0.015882,0.638933
AAGTTCACTCCAAGCT-1,0.00001,0.051822,0.07879,0.00001,0.869368
AAGTTCAGTCTGCGTA-1,0.46508,0.004785,0.320296,0.00004,0.209799
AAGTTCGGCCAACAGG-1,0.026207,0.263519,0.117898,0.002455,0.589922
AAGTTGTGATGTTATA-1,0.000023,0.023685,0.000068,0.000023,0.976202
AAGTTTACTAATGGCA-1,0.999404,0.000066,0.000199,0.000066,0.000265
AAGTTTATGGGCCCAA-1,0.000011,0.002002,0.014308,0.000011,0.983668
AATAACAACGCTCGGC-1,0.039088,0.605123,0.002197,0.000029,0.353563
AATAACACTAGAACAA-1,0.005115,0.101063,0.17004,0.000017,0.723765
AATAAGTCCTCGAGAC-1,0.747142,0.251746,0.000417,0.000139,0.000556
AATAATCTTCGTATCG-1,0.021858,0.327735,0.052691,0.000624,0.597092
AATACAATGTTTCAGG-1,0.000026,0.008605,0.604051,0.010641,0.376677
AATACCTGATGTGAAC-1,0.00001,0.002164,0.002694,0.002383,0.992749
AATAGAACAGAGTGGC-1,0.037053,0.008341,0.065309,0.002484,0.886813
AATAGAATCTGTTTCA-1,0.004165,0.127302,0.182015,0.000024,0.686494
AATAGCAAGCCTCCTG-1,0.1834,0.055632,0.053341,0.00008,0.707546
AATAGCTACCGCGTGC-1,0.276943,0.375293,0.211602,0.000052,0.136109
AATAGTCGCGAGTCGG-1,0.000042,0.293368,0.576299,0.000042,0.130249
AATATCAAGGTCGGAT-1,0.708763,0.00007,0.290817,0.00007,0.00028
AATATCCTAGCAAACT-1,0.701096,0.19111,0.000145,0.004453,0.103195
AATATCGAATCAATGC-1,0.015756,0.178456,0.325615,0.000032,0.480141
AATATCGAGGGTTCTC-1,0.601612,0.235376,0.000145,0.000048,0.162819
AATATTGGAGTATTGA-1,0.00629,0.467932,0.146973,0.000046,0.378758
AATCAGACTGCAGGAC-1,0.748765,0.173191,0.077496,0.00011,0.000438
AATCATGTAAAGACTC-1,0.003289,0.077472,0.177285,0.000017,0.741936
AATCCAAGGGCCTGAG-1,0.784771,0.214814,0.000156,0.000052,0.000208
AATCCATGCAAGGGTG-1,0.300204,0.237638,0.461693,0.000093,0.000371
AATCGAGGTCTCAAGG-1,0.000039,0.385625,0.042714,0.000039,0.571583
AATCGCCTCAGCGCCA-1,0.137224,0.478548,0.294872,0.000031,0.089325
AATCGCGCAGAGGACT-1,0.043947,0.373884,0.270855,0.000025,0.311289
AATCGGGACACTACGA-1,0.770605,0.117316,0.111553,0.000105,0.000421
AATCGGTATAGCCCTC-1,0.000015,0.089693,0.000045,0.000015,0.910232
AATCGTGAGCCGAGCA-1,0.000011,0.006871,0.069431,0.000011,0.923676
AATCTAGGTTTACTTG-1,0.000028,0.154632,0.228517,0.003054,0.613769
AATCTATGCCGGAGCC-1,0.207923,0.219564,0.351094,0.000046,0.221373
AATCTCTACTGTGGTT-1,0.011938,0.126691,0.41061,0.000033,0.450728
AATCTGCGTTGGGACG-1,0.360201,0.245037,0.314832,0.000026,0.079904
AATCTGGCTTTCTAGT-1,0.000013,0.286072,0.495441,0.000739,0.217735
AATCTGGGTAGACCCT-1,0.448929,0.000041,0.491356,0.000041,0.059633
AATGACAGCAATGTCT-1,0.009411,0.355518,0.052756,0.000427,0.581888
AATGACGTAGGATGTC-1,0.018765,0.278932,0.096977,0.000015,0.605311
AATGACTGTCAGCCGG-1,0.109706,0.014046,0.875956,0.000058,0.000233
AATGAGTTCGCATATG-1,0.032888,0.029165,0.748251,0.000065,0.189631
AATGATGATACGCTAT-1,0.603764,0.012798,0.090438,0.005043,0.287956
AATGATGCGACTCCTG-1,0.473329,0.18249,0.233978,0.026766,0.083437
AATGCAACCGGGTACC-1,0.503886,0.086003,0.397946,0.012017,0.000148
AATGCACCAAGCAATG-1,0.72919,0.216337,0.037988,0.000046,0.016439
AATGGCCGCCAATGCG-1,0.000008,0.000008,0.323409,0.000008,0.676567
AATGGTCCACCGTTCA-1,0.000044,0.490565,0.509169,0.000044,0.000177
AATGGTTCTCACAAGC-1,0.025496,0.000037,0.91779,0.005295,0.051382
AATGTTAAGACCCTGA-1,0.000015,0.069555,0.184905,0.000015,0.74551
AATGTTGTCGTGAGAC-1,0.000009,0.008971,0.206059,0.000885,0.784075
AATTAAAGGTCGGCGT-1,0.000011,0.000011,0.40809,0.000567,0.591321
AATTAACGGATTTCCA-1,0.010496,0.191075,0.010261,0.000024,0.788144
AATTACGAGACCCATC-1,0.645566,0.058002,0.000138,0.000046,0.296248
AATTACTCGTACGCTC-1,0.059271,0.328348,0.611887,0.000099,0.000395
AATTAGCGCTGCAGCG-1,0.00004,0.204605,0.105413,0.00004,0.689903
AATTATACCCAGCAAG-1,0.008754,0.149782,0.074169,0.000012,0.767282
AATTCATAAGGGATCT-1,0.73349,0.219737,0.000215,0.000072,0.046485
AATTCATTGTCATGCA-1,0.54577,0.115962,0.106544,0.003624,0.228099
AATTCCAACTTGGTGA-1,0.438985,0.54028,0.020294,0.000088,0.000353
AATTCGATTCGAGGAT-1,0.000009,0.000009,0.000106,0.000009,0.999867
AATTCTAGAGTTAGGC-1,0.000019,0.01921,0.212967,0.000353,0.767451
AATTGAACGCTCTGGT-1,0.006656,0.13818,0.33924,0.000026,0.515899
AATTGCAGCAATCGAC-1,0.008022,0.000006,0.003813,0.000006,0.988152
AATTGTGGTTGCCAAA-1,0.00001,0.003903,0.145077,0.00001,0.851001
AATTTGGGACATAGTA-1,0.812793,0.103075,0.000196,0.009229,0.074708
AATTTGGTTCCAAAGA-1,0.999341,0.000073,0.00022,0.000073,0.000293
ACAAACCATGCGTCCT-1,0.533848,0.216971,0.249097,0.000017,0.000067
ACAAACCGACAAGGCG-1,0.999055,0.000105,0.000315,0.000105,0.00042
ACAAAGAAGGTAGGCC-1,0.167794,0.377857,0.320213,0.000017,0.134119
ACAAAGCATGACCTAG-1,0.001747,0.123521,0.06568,0.000016,0.809037
ACAAATCGCACCGAAT-1,0.012312,0.000799,0.788528,0.000027,0.198333
ACAAATGGTAGTGTTT-1,0.019207,0.218634,0.433537,0.000017,0.328605
ACAAATTCAGATCTGA-1,0.782897,0.043506,0.073781,0.000051,0.099764
ACAACAGCATGAGCTA-1,0.253153,0.603419,0.051439,0.011393,0.080596
ACAACGGTCCCTGCGA-1,0.026345,0.122392,0.404418,0.000056,0.44679
ACAAGCAGTGCCTAGC-1,0.000626,0.345282,0.560744,0.000035,0.093314
ACAAGCTATATGGAAG-1,0.791131,0.147043,0.023066,0.000066,0.038694
ACAAGGAAATCCGCCC-1,0.009551,0.1232,0.613806,0.00001,0.253432
ACAAGGACAAGAGGTT-1,0.019401,0.015365,0.396076,0.00002,0.569137
ACAAGGATGCTTTAGG-1,0.010382,0.000006,0.02039,0.000006,0.969217
ACAAGGCCTACCAGCC-1,0.302679,0.177435,0.369125,0.000054,0.150707
ACAAGGGCAGGCTCTG-1,0.00735,0.108411,0.424986,0.000899,0.458354
ACAATAGTCGTACGTT-1,0.008794,0.191681,0.400944,0.000025,0.398556
ACAATCCATTTAAACC-1,0.00003,0.179402,0.262115,0.003178,0.555276
ACAATCGATCTTTATA-1,0.952456,0.000139,0.046708,0.000139,0.000557
ACAATGATTCTTCTAC-1,0.166483,0.219828,0.137223,0.000071,0.476395
ACAATTGTGTCTCTTT-1,0.007417,0.128052,0.273408,0.001263,0.58986
ACAATTTAGGAGGCTC-1,0.019585,0.777158,0.046653,0.000052,0.156552
ACAATTTGAGCAGTGG-1,0.620659,0.17507,0.11491,0.004553,0.084809
ACAATTTGGCCATATT-1,0.079556,0.069841,0.025264,0.000034,0.825306
ACACAAAGACGGGTGG-1,0.280976,0.354253,0.364484,0.000057,0.00023
ACACAAATATTCCTAG-1,0.077267,0.016691,0.176393,0.000014,0.729634
ACACACCAGGACCAGT-1,0.000015,0.021704,0.352352,0.004204,0.621725
ACACACTTTCTACACG-1,0.985312,0.014009,0.000255,0.000085,0.00034
ACACATTGACGCAACA-1,0.02051,0.000032,0.979299,0.000032,0.000127
ACACATTTCCGTAGAC-1,0.000018,0.069766,0.109644,0.000018,0.820554
ACACCACATAATTAGC-1,0.097891,0.247164,0.237181,0.00187,0.415894
ACACCCAGCATGCAGC-1,0.124763,0.343066,0.507202,0.000086,0.024882
ACACCCGAGAAATCCG-1,0.016013,0.014233,0.85854,0.000022,0.111191
ACACCCGTAAATCTGT-1,0.154798,0.084436,0.57777,0.000814,0.182181
ACACCGAGCGCTCTTT-1,0.000289,0.183039,0.816285,0.000077,0.00031
ACACCGGTCTGACCGC-1,0.874511,0.028756,0.054377,0.000019,0.042337
ACACCTTAAGTAGGGC-1,0.043886,0.122848,0.565388,0.00006,0.267819
ACACCTTACTACTTGC-1,0.092947,0.238983,0.219038,0.000028,0.449004
ACACGAGACTCCTTCT-1,0.230983,0.215272,0.55313,0.000123,0.000492
ACACGGCACTATGCAT-1,0.976059,0.000083,0.017503,0.000083,0.006273
ACACGGGAACTTAGGG-1,0.748562,0.032565,0.095374,0.011262,0.112237
ACACGTAGGCCACAAG-1,0.000012,0.01623,0.323405,0.000012,0.660341
ACACTCCAATGTCACT-1,0.037382,0.333793,0.458311,0.00008,0.170434
ACACTGATCAAGGTGT-1,0.052628,0.021562,0.395505,0.006678,0.523626
ACACTGGGACAGTCGT-1,0.014257,0.060181,0.427271,0.007706,0.490585
ACAGAACTGAGAACAA-1,0.000011,0.00898,0.16652,0.001151,0.823339
ACAGATTAGGTTAGTG-1,0.478137,0.000089,0.193034,0.328384,0.000357
ACAGCATAGAGCCAGT-1,0.999452,0.000061,0.000183,0.000061,0.000244
ACAGCGACATTCTCAT-1,0.000005,0.000005,0.160819,0.000005,0.839167
ACAGCGCACCCGCAGC-1,0.701746,0.00007,0.297832,0.00007,0.000281
ACAGGAGGCGCAGCCG-1,0.883543,0.000077,0.115995,0.000077,0.000308
ACAGGCACGGATCCTT-1,0.000009,0.000217,0.001491,0.000009,0.998274
ACAGGCTTGCCCGACT-1,0.000013,0.000598,0.251617,0.000013,0.747759
ACAGGTGGAGGTGAGG-1,0.006799,0.015495,0.021319,0.000007,0.956379
ACAGGTGTGTTGTTGC-1,0.760236,0.216358,0.000109,0.000036,0.023261
ACAGTAATACAACTTG-1,0.00001,0.012228,0.318252,0.00001,0.6695
ACAGTATACCGTGGGA-1,0.064972,0.133709,0.30304,0.000031,0.498248
ACAGTGCAGCGCATTT-1,0.03999,0.001765,0.260766,0.000029,0.69745
ACATAAGTCGTGGTGA-1,0.381106,0.490822,0.004883,0.000044,0.123145
ACATAATAAGGCGGTG-1,0.718885,0.025531,0.255284,0.00006,0.000239
ACATACAATCAAGCGG-1,0.000011,0.039107,0.070969,0.001066,0.888847
ACATCAGCTGGGACGC-1,0.021548,0.306113,0.395576,0.000052,0.276712
ACATCCTGGTAACTGT-1,0.088603,0.347775,0.120968,0.000039,0.442614
ACATCGATCGTTTACC-1,0.01907,0.218106,0.120914,0.007612,0.634297
ACATCGGTCAGCCGCG-1,0.012539,0.337896,0.450811,0.008753,0.19
ACATCGTATGCAATGG-1,0.001339,0.136371,0.49498,0.00001,0.367301
ACATCGTTAACCTAGT-1,0.99945,0.000061,0.000183,0.000061,0.000245
ACATCTCAACGCGTAA-1,0.999539,0.000051,0.000154,0.000051,0.000205
ACATGGCGCCAAAGTA-1,0.089771,0.533923,0.121277,0.000039,0.25499
ACATGGCTCAATTTAG-1,0.000034,0.000034,0.936323,0.000034,0.063576
ACATTAGTTTATATCC-1,0.029245,0.221771,0.414004,0.000031,0.334949
ACATTTGAAACCTAAC-1,0.000005,0.089556,0.029891,0.000005,0.880543
ACCAAACACCCAGCGA-1,0.287973,0.322532,0.119433,0.000033,0.270029
ACCAAACTAGAAATCC-1,0.970015,0.000139,0.000417,0.000139,0.02929
ACCAACACCACACACT-1,0.223033,0.000014,0.55474,0.000014,0.2222
ACCAACCGCACTCCAC-1,0.000009,0.097267,0.007509,0.000009,0.895206
ACCAAGAACGCGTGTC-1,0.801312,0.000025,0.187456,0.000025,0.011182
ACCAAGTCATCGGCAG-1,0.000009,0.134265,0.00178,0.000009,0.863937
ACCAATATGCAAGTTA-1,0.000012,0.105078,0.024428,0.00381,0.866672
ACCACAACTCAGAACA-1,0.999241,0.000084,0.000253,0.000084,0.000337
ACCACAAGTTTCTATC-1,0.042184,0.262797,0.219406,0.000043,0.475569
ACCACACGGTTGATGG-1,0.000024,0.136851,0.037923,0.002772,0.82243
ACCACCAATGTAACAA-1,0.069952,0.208288,0.346596,0.000018,0.375146
ACCACCCTCTCTTCTA-1,0.07792,0.19565,0.183442,0.000036,0.542951
ACCACGTGCAGCTATA-1,0.001439,0.161568,0.339941,0.000014,0.497037
ACCACTGTTCAAGAAG-1,0.018916,0.174206,0.80669,0.000037,0.00015
ACCAGACCATAACAAC-1,0.081257,0.4576,0.381065,0.000031,0.080048
ACCAGCCCGGTCTTTG-1,0.99917,0.000092,0.000277,0.000092,0.000369
ACCAGGAGTGTGATCT-1,0.999077,0.000103,0.000308,0.000103,0.00041
ACCAGTGCCCGGTCAA-1,0.479932,0.00004,0.421175,0.00004,0.098813
ACCAGTGCGGGAGACG-1,0.000022,0.041085,0.571648,0.000548,0.386697
ACCATATCCGCAATAA-1,0.023907,0.240064,0.00768,0.000043,0.728306
ACCATCCGCCAACTAG-1,0.000027,0.070849,0.408396,0.000027,0.520701
ACCATCGTATATGGTA-1,0.033465,0.555101,0.134325,0.000055,0.277055
ACCATTAAGGGTGTCA-1,0.087835,0.394331,0.38992,0.00011,0.127804
ACCCAACGCCCGTGGC-1,0.654227,0.258916,0.043121,0.000022,0.043714
ACCCACCTACATGCTC-1,0.006205,0.117571,0.388805,0.000029,0.48739
ACCCATCTTGAGGGTA-1,0.034903,0.48233,0.028945,0.000043,0.453778
ACCCATTTGTCCCTCT-1,0.000005,0.000005,0.107371,0.000005,0.892614
ACCCGGAAACTCCCAG-1,0.044403,0.014736,0.039111,0.008496,0.893254
ACCCGGAGCACCACAA-1,0.00835,0.027198,0.315016,0.000011,0.649426
ACCCGGATGACGCATC-1,0.039477,0.253553,0.493932,0.004839,0.208199
ACCCGGTTACACTTCC-1,0.019761,0.116827,0.512311,0.000021,0.351081
ACCCGTAGTCTAGTTG-1,0.021272,0.022362,0.10974,0.012056,0.834569
ACCCTATAGGACTGAG-1,0.055513,0.168972,0.775266,0.00005,0.000198
ACCCTCCCGTCAGGGC-1,0.00001,0.007629,0.000029,0.000901,0.991431
ACCCTCCCTTGCTATT-1,0.012933,0.053029,0.314865,0.000038,0.619135
ACCCTGGTAACGCCCT-1,0.069137,0.024869,0.548777,0.000015,0.357202
ACCCTTCATCTGCGAA-1,0.999489,0.000057,0.00017,0.000057,0.000227
ACCCTTGCCTGGGTCG-1,0.015729,0.021564,0.469123,0.000009,0.493576
ACCCTTTAGTTCTCCA-1,0.845532,0.102781,0.051039,0.00013,0.000518
ACCGAAAGGGCCCTGC-1,0.987246,0.012346,0.000153,0.000051,0.000204
ACCGAAGAGTCTGGTT-1,0.120873,0.362009,0.234999,0.003836,0.278283
ACCGACACATCTCCCA-1,0.000019,0.228875,0.028799,0.000797,0.74151
ACCGACTGAGTCCCAC-1,0.439935,0.46568,0.094097,0.000058,0.00023
ACCGAGTCTCCTTATT-1,0.002409,0.031926,0.089039,0.000009,0.876617
ACCGATAGGCATAACC-1,0.016618,0.034693,0.135442,0.004447,0.8088
ACCGATATTTAATCAT-1,0.012133,0.077457,0.3558,0.000016,0.554595
ACCGATGGTAGCATCG-1,0.480718,0.243274,0.000165,0.004774,0.271069
ACCGCAATAACTGCCT-1,0.000011,0.008474,0.481437,0.000011,0.510067
ACCGCGGTGGAAGTCG-1,0.002337,0.059464,0.530777,0.000024,0.407398
ACCGGGCCTTTGTTGA-1,0.1052,0.327302,0.139946,0.000042,0.42751
ACCGGTCTGAGTACGG-1,0.766003,0.197621,0.000281,0.000094,0.036001
ACCGTTCCCGCTCTGA-1,0.999031,0.000108,0.000323,0.000108,0.000431
ACCTAAGTACCTTTCA-1,0.038171,0.407225,0.07494,0.00064,0.479024
ACCTAATCGACTTCCT-1,0.037285,0.484796,0.221426,0.000061,0.256432
ACCTACAGTATGTGGT-1,0.212709,0.023248,0.171958,0.007192,0.584893
ACCTCCGCCCTCGCTG-1,0.007803,0.018158,0.618532,0.000016,0.355491
ACCTCCGTTATTCACC-1,0.364919,0.178686,0.048459,0.000035,0.407902
ACCTCGAACTTATGCT-1,0.568706,0.099487,0.099584,0.000022,0.232201
ACCTGCGTGTCATGTT-1,0.000021,0.020197,0.306386,0.000021,0.673376
ACCTTTCCTTTAGAAG-1,0.975127,0.000162,0.000486,0.000162,0.024062
ACGAAATGGGCGGCAC-1,0.011046,0.245541,0.225773,0.00003,0.517609
ACGACCCATGAGTTGC-1,0.006071,0.171497,0.08565,0.017772,0.719011
ACGACTCTAGGGCCGA-1,0.000008,0.000008,0.000023,0.897428,0.102533
ACGAGAACCCATCACG-1,0.693599,0.00003,0.306221,0.00003,0.00012
ACGAGATATTTGCTTA-1,0.854778,0.062004,0.000296,0.000099,0.082823
ACGAGGATACCACTCT-1,0.00066,0.124527,0.378289,0.000009,0.496516
ACGAGTACGGATGCCC-1,0.613646,0.236557,0.00016,0.000053,0.149584
ACGAGTCGCCGGCGTT-1,0.457972,0.353617,0.162208,0.000123,0.026081
ACGATACATAGAACTA-1,0.844097,0.076212,0.079518,0.000035,0.000139
ACGATACCTATCCTGA-1,0.310128,0.606952,0.082585,0.000067,0.000268
ACGATCATACATAGAG-1,0.838548,0.0014,0.159781,0.000054,0.000217
ACGATCATCTTGTAAA-1,0.364166,0.504427,0.059996,0.000055,0.071357
ACGATGCATATGTTAT-1,0.041461,0.015226,0.617307,0.001812,0.324194
ACGATGGATCCGATGC-1,0.999331,0.000074,0.000223,0.000074,0.000297
ACGCAATCACTACAGC-1,0.094362,0.002016,0.632451,0.000022,0.271149
ACGCATAAATGACATG-1,0.402306,0.018418,0.255113,0.000037,0.324126
ACGCATACGTTTACTA-1,0.015007,0.131579,0.21873,0.000017,0.634667
ACGCATTCGTGAGTAC-1,0.052463,0.221305,0.457566,0.000049,0.268616
ACGCCACTCGAAACAG-1,0.000013,0.097029,0.138122,0.000013,0.764823
ACGCCAGATGATTTCT-1,0.995886,0.000039,0.000117,0.000039,0.003919
ACGCCAGTGCGTTTGC-1,0.000012,0.000972,0.279561,0.000012,0.719444
ACGCCCAGCTGTCGAT-1,0.999316,0.000076,0.000228,0.000076,0.000304
ACGCCGCTAGACGACC-1,0.001728,0.099411,0.123271,0.00001,0.77558
ACGCCTGACACGCGCT-1,0.972772,0.000057,0.026885,0.000057,0.000229
ACGCGAAGTCAGACGA-1,0.024184,0.000009,0.036117,0.798812,0.140879
ACGCGCTACACAGGGT-1,0.0068,0.313848,0.358055,0.083454,0.237843
ACGCGGGCCAAGGACA-1,0.039967,0.305966,0.265586,0.000065,0.388416
ACGCGTTTCTTAAGAG-1,0.017633,0.675102,0.30703,0.000047,0.000188
ACGCTAGTATCAGTGC-1,0.021855,0.000008,0.381931,0.000008,0.596197
ACGCTAGTGATACACT-1,0.597132,0.314827,0.00015,0.01051,0.077382
ACGCTGTGAGGCGTAG-1,0.00004,0.292442,0.134292,0.001624,0.571602
ACGCTTAGTGTCTCTC-1,0.993271,0.000096,0.00615,0.000096,0.000386
ACGGAACACGAGTGCC-1,0.009087,0.003883,0.00004,0.000649,0.986342
ACGGAATTTAGCAAAT-1,0.108013,0.000041,0.781156,0.000041,0.11075
ACGGACTCTCAAAGCG-1,0.000015,0.108698,0.076395,0.000015,0.814876
ACGGAGCGCAAATTAC-1,0.807005,0.071619,0.000148,0.000049,0.121178
ACGGATGGTGCGGATA-1,0.000019,0.162529,0.092364,0.000019,0.745068
ACGGCACTTGCTTGGG-1,0.007721,0.263397,0.060781,0.01109,0.65701
ACGGCGACGATGGGAA-1,0.017944,0.34322,0.160973,0.00002,0.477843
ACGGCGGGTTGCCCTG-1,0.781789,0.130499,0.000377,0.000126,0.08721
ACGGCTGGATGTAGAA-1,0.504793,0.475352,0.000083,0.000028,0.019744
ACGGGAGTGTCGGCCC-1,0.000012,0.022349,0.075892,0.000012,0.901735
ACGGGCGTATGCGACA-1,0.133242,0.403425,0.104707,0.000045,0.358582
ACGGGTCATGTGACTT-1,0.217933,0.724431,0.056941,0.000139,0.000556
ACGGTACAGTTCAATG-1,0.002035,0.121383,0.007631,0.000009,0.868942
ACGTACAGATTTCTCT-1,0.909696,0.064935,0.000395,0.000132,0.024842
ACGTAGATTGCTGATG-1,0.082024,0.078969,0.6801,0.000034,0.158873
ACGTAGGAGAGTCGCT-1,0.000015,0.116389,0.006619,0.000015,0.876961
ACGTATTACTCCGATC-1,0.000022,0.000022,0.388407,0.000022,0.611525
ACGTCCTAAACGAGAT-1,0.963685,0.000105,0.035685,0.000105,0.00042
ACGTCTCGTTCCGGGA-1,0.005001,0.895455,0.025805,0.000021,0.073718
ACGTGACAAAGTAAGT-1,0.495828,0.34209,0.08071,0.000035,0.081337
ACGTGCGCCTCGTGCA-1,0.822189,0.17707,0.000278,0.000093,0.00037
ACGTGGTCGAATGTGC-1,0.99833,0.000186,0.000557,0.000186,0.000742
ACGTTAATGTCGAAGA-1,0.000024,0.414442,0.15475,0.000024,0.43076
ACGTTAGATTTGCCCG-1,0.000035,0.479161,0.24169,0.000035,0.279079
ACGTTATTGGTCACTC-1,0.000061,0.185943,0.813689,0.000061,0.000245
ACGTTCCGCGCTCCGT-1,0.869573,0.129109,0.000494,0.000165,0.000659
ACGTTCGCAATCAATT-1,0.46629,0.251462,0.005914,0.001229,0.275105
ACGTTCTGTACAAGTC-1,0.004704,0.000276,0.001934,0.000008,0.993078
ACGTTTAGTTGTGATC-1,0.999327,0.000075,0.000224,0.000075,0.000299
ACTAAGGACGCACACC-1,0.057305,0.025925,0.085236,0.000019,0.831516
ACTAATACGTCAGGCG-1,0.90479,0.000045,0.000136,0.012929,0.0821
ACTACCAGCTCTCTGG-1,0.005053,0.021702,0.637129,0.001015,0.3351
ACTAGTTGCGATCGTC-1,0.000021,0.000479,0.351957,0.000021,0.647522
ACTATATGCTGTGTTC-1,0.488275,0.216948,0.17862,0.002432,0.113725
ACTATCCAGGGCATGG-1,0.164284,0.332484,0.205123,0.00003,0.298079
ACTATCGCCGGCTAAA-1,0.285553,0.337192,0.376959,0.000059,0.000237
ACTATCTGCCCGCGTA-1,0.238538,0.193774,0.109472,0.000027,0.458188
ACTATTCGTCCGTGGT-1,0.708266,0.29086,0.000328,0.000109,0.000437
ACTCAACGAATGTATT-1,0.873471,0.004485,0.000392,0.010445,0.111208
ACTCAAGTGCAAGGCT-1,0.000008,0.000008,0.15441,0.000008,0.845566
ACTCAATAAAGGCACG-1,0.748986,0.052706,0.065233,0.002384,0.130691
ACTCAGACCTGCTTCT-1,0.715219,0.115683,0.048508,0.000101,0.120489
ACTCCCATTCCTAAAG-1,0.000013,0.110752,0.149941,0.000013,0.739281
ACTCCCGAATTCGTTT-1,0.203062,0.228358,0.419095,0.000023,0.149462
ACTCCCGTAGACTAGG-1,0.028171,0.058443,0.308593,0.003411,0.601382
ACTCCCTAATGCTAAA-1,0.000006,0.000006,0.089794,0.000006,0.910188
ACTCCCTAGAATAGTA-1,0.133051,0.466543,0.220666,0.002885,0.176855
ACTCCGGCCGACCACT-1,0.00001,0.003039,0.032097,0.00917,0.955685
ACTCGATGTATTTCAT-1,0.170113,0.548978,0.272799,0.000111,0.008
ACTCGCCGTTCGATAA-1,0.000015,0.178101,0.001208,0.001661,0.819016
ACTCGCGATCTGACGC-1,0.012741,0.187367,0.255668,0.000015,0.544209
ACTCGTAACCCGTCCT-1,0.009451,0.068372,0.397236,0.00169,0.52325
ACTCGTCAGTAATCCC-1,0.163965,0.386624,0.119205,0.000054,0.330152
ACTCTAAACCTGGGAT-1,0.155751,0.623327,0.220609,0.000063,0.00025
ACTCTCTGACTTAGGT-1,0.002629,0.101921,0.283091,0.11592,0.496439
ACTCTCTTATACACGA-1,0.947795,0.011758,0.04014,0.000061,0.000245
ACTCTGACCTAATAGA-1,0.008335,0.004217,0.000038,0.000013,0.987397
ACTCTTCAGCTCCCGC-1,0.100769,0.073626,0.06179,0.000017,0.763799
ACTGAAACGCCGTTAG-1,0.003274,0.143649,0.241004,0.000013,0.61206
ACTGAATGGCGAAAGT-1,0.000028,0.382285,0.200044,0.000027,0.417616
ACTGATTTAGTGATTC-1,0.546184,0.000055,0.453488,0.000055,0.000219
ACTGCCGTCGTAACTC-1,0.925104,0.000092,0.049251,0.000092,0.025462
ACTGCGGACACACCGT-1,0.235204,0.255615,0.096218,0.00003,0.412934
ACTGGCGAACCTGCGT-1,0.013864,0.004026,0.158598,0.000012,0.8235
ACTGTACGATACACAT-1,0.300526,0.000035,0.677188,0.000035,0.022216
ACTGTAGCACTTTGGA-1,0.011214,0.097496,0.322286,0.000035,0.56897
ACTGTATACGCGAGCA-1,0.283524,0.000072,0.716044,0.000072,0.000288
ACTGTCCAGGATTATA-1,0.00004,0.188741,0.361492,0.00004,0.449687
ACTGTCTTCTTTAGAA-1,0.418033,0.336485,0.010552,0.000061,0.234869
ACTGTGCTAGTAGATC-1,0.190532,0.000082,0.808975,0.000082,0.000329
ACTGTTTAGTGTAGGC-1,0.998893,0.000123,0.000369,0.000123,0.000492
ACTTACCGGGCGCGCA-1,0.862444,0.112962,0.007601,0.000035,0.016958
ACTTACGCATCCACGC-1,0.020762,0.039261,0.237067,0.00243,0.70048
ACTTAGTACGACAAGA-1,0.075543,0.051547,0.81621,0.000047,0.056653
ACTTATACTTACCCGG-1,0.123059,0.311285,0.178902,0.000044,0.38671
ACTTATCTGATCTATA-1,0.980388,0.000207,0.018369,0.000207,0.000828
ACTTATTAGGATCGGT-1,0.002744,0.073295,0.611544,0.000036,0.312381
ACTTATTTATGTGCCA-1,0.000015,0.093374,0.276021,0.000015,0.630575
ACTTCAGGCTGATCCC-1,0.001977,0.018067,0.320811,0.097981,0.561163
ACTTCCAGTGGAAGCT-1,0.73801,0.058597,0.000144,0.000048,0.203201
ACTTCCATGCGGGACA-1,0.00002,0.107064,0.068914,0.004487,0.819516
ACTTCCTGTCGTGCGA-1,0.013213,0.000018,0.379663,0.000018,0.607089
ACTTCGCCATACGCAC-1,0.817075,0.012771,0.154352,0.000041,0.015761
ACTTCGCTAGCGAGTG-1,0.015418,0.087573,0.213604,0.00002,0.683385
ACTTGACTCCCTCTTT-1,0.033287,0.114897,0.201394,0.000021,0.650402
ACTTGCCATATTGTAC-1,0.955869,0.000156,0.043195,0.000156,0.000624
ACTTGGGACCCGGTGG-1,0.031387,0.287983,0.485833,0.000074,0.194724
ACTTGGGCTTTCGCCA-1,0.000056,0.43786,0.000169,0.000056,0.561859
ACTTGTAGTCCCTTCA-1,0.000044,0.43846,0.353914,0.000044,0.207538
ACTTGTGGATGGAACG-1,0.013512,0.000667,0.467899,0.000015,0.517907
ACTTTACCCTCATGAA-1,0.699758,0.178596,0.015846,0.000049,0.105752
ACTTTCCTATAGCTTC-1,0.369468,0.470966,0.065447,0.000106,0.094014
ACTTTGACTGCATCCT-1,0.000035,0.266939,0.302198,0.01652,0.414308
ACTTTGGTCGTGCTCC-1,0.33017,0.474056,0.029578,0.007367,0.15883
ACTTTGTCGACGCACT-1,0.000014,0.045091,0.265982,0.000014,0.688899
AGAAATTATGACTCGC-1,0.040392,0.030783,0.337105,0.001819,0.589901
AGAACCCAGCGTGACA-1,0.219039,0.006706,0.174964,0.000011,0.599281
AGAACCCTCAATTGGG-1,0.518833,0.304483,0.000168,0.000056,0.17646
AGAACGTGGTACATTC-1,0.465431,0.426918,0.032125,0.029339,0.046186
AGAACTGTACTTTGTA-1,0.000012,0.070009,0.04698,0.001127,0.881873
AGAAGAGCGCCGTTCC-1,0.204876,0.538398,0.05558,0.000518,0.200628
AGAAGGTACACTTCAC-1,0.04245,0.625135,0.146408,0.000013,0.185995
AGAAGGTTGCCGAATT-1,0.011576,0.353906,0.028774,0.00004,0.605704
AGAAGGTTGTAGGTCG-1,0.000013,0.073717,0.098924,0.002587,0.824759
AGAAGTGATTCGTGAT-1,0.000009,0.001145,0.184656,0.00085,0.813339
AGAATAAATCTTCAGG-1,0.00002,0.246991,0.299767,0.00002,0.453201
AGAATACAGGCTATCC-1,0.030786,0.048181,0.01272,0.000014,0.9083
AGAATGCGGGTTCGGA-1,0.425849,0.006405,0.239212,0.000041,0.328494
AGAATTATGGATTCGA-1,0.432502,0.013046,0.373594,0.003547,0.177311
AGAATTGTTTGACATA-1,0.00003,0.00003,0.783116,0.00003,0.216793
AGACAGCTCAGAATCC-1,0.000026,0.055304,0.608871,0.000026,0.335772
AGACAGGCATCTCAGC-1,0.038798,0.000639,0.307999,0.00002,0.652545
AGACATAGATCCTTCC-1,0.949906,0.000062,0.011638,0.000062,0.038332
AGACCAAACCACACCT-1,0.115628,0.298327,0.315808,0.000015,0.270223
AGACCATGGGATACAA-1,0.058213,0.075014,0.761518,0.002805,0.102451
AGACCCACCGCTGATC-1,0.000034,0.288691,0.06514,0.00239,0.643745
AGACCCGCCCTCCTCG-1,0.536988,0.122264,0.310528,0.000095,0.030125
AGACCGCTCCGCGGTT-1,0.06392,0.000783,0.265922,0.000017,0.669358
AGACCGGGAAACCCTG-1,0.000013,0.058623,0.184317,0.000013,0.757033
AGACGAAGTGCCGGTC-1,0.000014,0.006439,0.406937,0.000014,0.586596
AGACGACGATGCCGCT-1,0.000007,0.05527,0.547297,0.000007,0.397417
AGACGCCCACTTCGCC-1,0.000016,0.165157,0.333368,0.025788,0.475671
AGACGGGATTGGTATA-1,0.911792,0.000162,0.087236,0.000162,0.000647
AGACGGGCCGATTTAA-1,0.614557,0.202205,0.000243,0.000081,0.182915
AGACTAGCCTTCCAGA-1,0.015598,0.07989,0.796056,0.000032,0.108423
AGAGAACCGTCTAGGA-1,0.456402,0.063297,0.314203,0.008984,0.157114
AGAGATCTCTAAAGCG-1,0.005192,0.090136,0.320801,0.000034,0.583837
AGAGCAGTTATGAGAC-1,0.000043,0.412219,0.143527,0.000043,0.444169
AGAGCCGCCGAGATTT-1,0.011326,0.052434,0.220203,0.000972,0.715065
AGAGCGCTTGTAACGG-1,0.030131,0.319222,0.062262,0.000027,0.588359
AGAGCGGGCTAATCAT-1,0.881902,0.023841,0.093739,0.000104,0.000415
AGAGCGTACAAGCTCG-1,0.015313,0.144905,0.293665,0.000035,0.546082
AGAGCTACGAAAGCAT-1,0.042606,0.006236,0.881898,0.006356,0.062905
AGAGGCTTCGGAAACC-1,0.000035,0.328001,0.226034,0.0012,0.444729
AGAGGGACAATTGTCC-1,0.039324,0.036638,0.119707,0.000021,0.80431
AGAGGTATCTCGGTCC-1,0.998796,0.000134,0.000401,0.000134,0.000535
AGAGTAAACTTCACTA-1,0.00074,0.300458,0.36291,0.000029,0.335863
AGAGTATAGTGTTACG-1,0.225786,0.305869,0.070781,0.000038,0.397526
AGAGTGAACAGACACC-1,0.000649,0.01234,0.447038,0.00001,0.539963
AGAGTTAGAGACCGAT-1,0.772488,0.000093,0.128549,0.000093,0.098777
AGAGTTGCAGGCCTCC-1,0.027678,0.018923,0.116969,0.000016,0.836414
AGATAACTTCAGGGCC-1,0.043253,0.002887,0.589036,0.000023,0.364801
AGATACCAATAGAACC-1,0.000005,0.00006,0.001693,0.00023,0.998011
AGATACCAGCACTTCA-1,0.073203,0.000013,0.51777,0.000013,0.409001
AGATACCGGTGTTCAC-1,0.013366,0.385858,0.148391,0.000041,0.452343
AGATACGACTTCATAT-1,0.070124,0.248243,0.597095,0.000065,0.084473
AGATACTCAAGATCGA-1,0.000017,0.087659,0.451466,0.000017,0.460842
AGATATAATACGACTA-1,0.026791,0.015534,0.029992,0.000007,0.927676
AGATCGTGCATAAGAT-1,0.877293,0.012783,0.000138,0.000046,0.109741
AGATCTCAGGTGTGAT-1,0.609931,0.080072,0.309757,0.000048,0.000192
AGATGACTCGCCCACG-1,0.535689,0.114345,0.349668,0.00006,0.000238
AGATGAGGGTTGCGAT-1,0.710387,0.166682,0.000199,0.000066,0.122665
AGATGATGGAGTCTGG-1,0.459849,0.145849,0.097621,0.005753,0.290928
AGATGCATCCTGTGTC-1,0.124144,0.413741,0.255117,0.003496,0.203502
AGATGCTATAACGAGC-1,0.068515,0.317075,0.606834,0.000055,0.007521
AGATTATAGGACGTTT-1,0.048063,0.285748,0.365981,0.000066,0.300142
AGATTCAAGCGGGTCG-1,0.027953,0.00002,0.687211,0.00002,0.284798
AGATTCACAACCGATA-1,0.129338,0.654019,0.049887,0.005447,0.161309
AGCAAAGGCCGCTAGT-1,0.000012,0.008004,0.001789,0.000843,0.989351
AGCAACATATCTTATT-1,0.003696,0.001032,0.482505,0.000012,0.512755
AGCACCAGTACTCACG-1,0.36307,0.000037,0.543867,0.000037,0.09299
AGCACTACCGGCCTGT-1,0.008843,0.524429,0.317281,0.000043,0.149404
AGCACTACCTCACCAG-1,0.050234,0.002756,0.334614,0.000011,0.612386
AGCACTTAAGGACGCC-1,0.12497,0.147527,0.558608,0.000035,0.16886
AGCAGAAGGAGAAAGA-1,0.000005,0.000005,0.057848,0.000005,0.942137
AGCAGTCGAAGCATGC-1,0.000014,0.108649,0.082194,0.004381,0.804763
AGCATATCAATATGCT-1,0.030422,0.084425,0.470599,0.000017,0.414538
AGCATCATTTCGAAAG-1,0.00059,0.262027,0.273168,0.000016,0.4642
AGCATCGTCGATAATT-1,0.06196,0.000029,0.920458,0.000029,0.017524
AGCATTACGAGGCAAG-1,0.000012,0.010826,0.020977,0.000012,0.968173
AGCCACAGGTTACCCG-1,0.00001,0.000285,0.044729,0.040403,0.914573
AGCCACTCCCGTGCTT-1,0.653203,0.151432,0.194987,0.000076,0.000302
AGCCATATAGTATGTG-1,0.000007,0.081905,0.056141,0.000007,0.861939
AGCCCATACATGTAAG-1,0.000033,0.315812,0.096595,0.007691,0.579869
AGCCCGCACTACAATG-1,0.00001,0.027314,0.023514,0.000436,0.948726
AGCCCTAAGCGAAGTT-1,0.99957,0.000048,0.000143,0.000048,0.000191
AGCCCTGTCGCACCGT-1,0.223842,0.290667,0.000065,0.000022,0.485404
AGCCCTTCTAATCCGA-1,0.612768,0.166678,0.000218,0.000073,0.220264
AGCCCTTGGACATCCC-1,0.000009,0.000009,0.174419,0.000009,0.825555
AGCCGCAAATTCAAAT-1,0.147233,0.298607,0.426057,0.004425,0.123679
AGCCGCTTGATTAGCG-1,0.106868,0.584245,0.308149,0.000148,0.000591
AGCCGTGGCTAAATGT-1,0.000168,0.395757,0.032102,0.000021,0.571952
AGCCTAATACCCACGT-1,0.00487,0.288533,0.42479,0.000021,0.281785
AGCCTTAAAGCGGAAG-1,0.000035,0.415678,0.50544,0.000035,0.078812
AGCGACAGGAACGGTC-1,0.019697,0.025032,0.235184,0.000007,0.72008
AGCGACATCCCATTCA-1,0.987266,0.000045,0.012466,0.000045,0.000179
AGCGACCAACGATATT-1,0.21251,0.000028,0.621406,0.000028,0.166028
AGCGATGCGCCTAATA-1,0.00816,0.072011,0.041642,0.000012,0.878174
AGCGCGGGTGCCAATG-1,0.689256,0.252085,0.014656,0.00003,0.043973
AGCGCTAGAGCGATGT-1,0.026214,0.124112,0.112238,0.000018,0.737419
AGCGCTTATGGGCAAG-1,0.754252,0.000059,0.149169,0.000059,0.096462
AGCGGACACTTCGTAG-1,0.000024,0.189427,0.000077,0.000024,0.810449
AGCGGCGGTTAGCGGT-1,0.000033,0.983765,0.015602,0.000033,0.000568
AGCGGGAAGGGTCCAT-1,0.473758,0.299199,0.226767,0.000055,0.000221
AGCGGGTCTGACACTC-1,0.000008,0.107208,0.0177,0.000008,0.875075
AGCGGTTGAGATGTAC-1,0.999283,0.00008,0.000239,0.00008,0.000319
AGCGGTTGCCGCTCTG-1,0.135993,0.000015,0.686023,0.000015,0.177954
AGCGTACGAGAGCTAG-1,0.045767,0.000026,0.954073,0.000026,0.000109
AGCGTAGCGCTAGACC-1,0.93237,0.033513,0.000494,0.000165,0.033458
AGCGTCTGAACCCGCA-1,0.999279,0.00008,0.00024,0.00008,0.000321
AGCGTGGTATTCTACT-1,0.057546,0.301138,0.228388,0.002308,0.41062
AGCGTTCCGATTTAAA-1,0.954556,0.00006,0.045085,0.00006,0.000239
AGCTAAGTACGCAGGC-1,0.000011,0.071942,0.066323,0.000011,0.861714
AGCTAGAAGCAGAAGT-1,0.796355,0.022281,0.017868,0.000047,0.163449
AGCTATTTAATCCAAC-1,0.516941,0.104284,0.274517,0.000046,0.104213
