Barcode,Topic 1,Topic 2,Topic 3,Topic 4,Topic 5to8,Topic 9,Topic 10
AAACAAGTATCTCCCA-1,0.00001,0.009302,0.048062,0.051031,0.702615,0.016645,0.172334
AAACAATCTACTAGCA-1,0.000031,0.833888,0.002263,0.003962,0.000123,0.000031,0.159702
AAACACCAATAACTGC-1,0.000026,0.743112,0.007431,0.000026,0.000103,0.000026,0.249276
AAACAGAGCGACTCCT-1,0.000016,0.000016,0.005918,0.051497,0.931748,0.010789,0.000016
AAACAGCTTTCAGAAG-1,0.00002,0.710659,0.111523,0.00002,0.000079,0.00002,0.17768
AAACAGGGTCTATATT-1,0.000036,0.749957,0.194387,0.000036,0.055512,0.000036,0.000036
AAACATTTCCCGGATT-1,0.000013,0.006066,0.094987,0.039267,0.631558,0.069386,0.158722
AAACCCGAACGAAATC-1,0.000011,0.000011,0.006091,0.000659,0.85771,0.135507,0.000011
AAACCGGAAATGTTAA-1,0.000054,0.000054,0.576734,0.000054,0.135372,0.251729,0.036005
AAACCGGGTAGGTACC-1,0.000013,0.068153,0.245039,0.000013,0.072578,0.61419,0.000013
AAACCGTTCGTCCAGG-1,0.00003,0.83874,0.119079,0.00003,0.02709,0.015001,0.00003
AAACCTAAGCAGCCGG-1,0.000027,0.089281,0.298494,0.000089,0.399769,0.06343,0.14891
AAACCTCATGAAGTTG-1,0.000008,0.000008,0.002429,0.004462,0.389343,0.499609,0.104141
AAACGAAGAACATACC-1,0.000055,0.797033,0.202526,0.000055,0.00022,0.000055,0.000055
AAACGAGACGGTTGAT-1,0.000016,0.026352,0.006293,0.000016,0.966563,0.000745,0.000016
AAACGCTGGGCACGAC-1,0.000056,0.000056,0.126199,0.006923,0.784031,0.00759,0.075145
AAACGGGCGTACGGGT-1,0.000016,0.172389,0.117179,0.019296,0.508904,0.014706,0.16751
AAACGGGTTGGTATCC-1,0.00003,0.878103,0.00003,0.00003,0.108483,0.013293,0.00003
AAACGGTTGCGAACTG-1,0.000035,0.919907,0.079162,0.000035,0.00079,0.000035,0.000035
AAACGTGTTCGCCCTA-1,0.000058,0.049096,0.302841,0.356163,0.222801,0.068983,0.000058
AAACTAACGTGGCGAC-1,0.000019,0.611386,0.341106,0.01223,0.035222,0.000019,0.000019
AAACTCGGTTCGCAAT-1,0.000016,0.283465,0.001089,0.060258,0.298554,0.352211,0.004406
AAACTCGTGATATAAG-1,0.000025,0.000025,0.110086,0.020949,0.868865,0.000025,0.000025
AAACTGCTGGCTCCAA-1,0.000026,0.376478,0.072537,0.000026,0.402486,0.148422,0.000026
AAACTTGCAAACGTAT-1,0.000023,0.889348,0.01327,0.000023,0.018062,0.053963,0.025311
AAAGAATGTGGACTAA-1,0.000007,0.000007,0.000007,0.000007,0.832309,0.167658,0.000007
AAAGACTGGGCGCTTT-1,0.000022,0.018942,0.024506,0.000022,0.00009,0.924776,0.031642
AAAGCTTGCCTACATA-1,0.000045,0.000045,0.091588,0.209368,0.675389,0.000045,0.023519
AAAGGCTACGGACCAT-1,0.000042,0.931852,0.028533,0.000042,0.039448,0.000042,0.000042
AAAGGCTCTCGCGCCG-1,0.000029,0.622259,0.003445,0.000029,0.245995,0.128214,0.000029
AAAGGGATGTAGCAAG-1,0.000032,0.000032,0.051744,0.036741,0.567071,0.006674,0.337705
AAAGGGCAGCTTGAAT-1,0.000012,0.043203,0.101568,0.003481,0.414984,0.242423,0.194329
AAAGGTAAGCTGTACC-1,0.000039,0.12793,0.513947,0.073765,0.284242,0.000039,0.000039
AAAGTAGCATTGCTCA-1,0.000028,0.952168,0.011662,0.003735,0.032351,0.000028,0.000028
AAAGTCGACCCTCAGT-1,0.000012,0.048495,0.009715,0.000012,0.188166,0.742115,0.011484
AAAGTGCCATCAATTA-1,0.000026,0.000026,0.256804,0.217411,0.293686,0.000026,0.232021
AAAGTGTGATTTATCT-1,0.000022,0.000022,0.046794,0.000022,0.808568,0.14455,0.000022
AAAGTTGACTCCCGTA-1,0.000015,0.012275,0.044359,0.000015,0.805739,0.137581,0.000015
AAATAACCATACGGGA-1,0.000018,0.000018,0.017683,0.092472,0.863151,0.000088,0.02657
AAATAAGGTAGTGCCC-1,0.000012,0.001881,0.001542,0.000012,0.964361,0.032181,0.000012
AAATACCTATAAGCAT-1,0.000014,0.166424,0.039208,0.000014,0.428867,0.185015,0.180457
AAATAGCTTAGACTTT-1,0.000024,0.000024,0.021689,0.021043,0.946177,0.011019,0.000024
AAATAGGGTGCTATTG-1,0.000016,0.203774,0.071647,0.000332,0.298329,0.171924,0.253977
AAATCCGATACACGCC-1,0.000016,0.004132,0.064172,0.011873,0.689655,0.084523,0.14563
AAATCGCGGAAGGAGT-1,0.00005,0.991457,0.008143,0.00005,0.0002,0.00005,0.00005
AAATCGTGTACCACAA-1,0.000036,0.223474,0.109779,0.000036,0.304581,0.355234,0.006859
AAATCTAGCCCTGCTA-1,0.000013,0.003388,0.002712,0.005655,0.970908,0.01731,0.000013
AAATGATTCGATCAGC-1,0.000025,0.060212,0.08083,0.176777,0.682108,0.000025,0.000025
AAATGCTCGTTACGTT-1,0.00002,0.001254,0.063422,0.00002,0.269917,0.644847,0.020519
AAATGGCATGTCTTGT-1,0.000032,0.000032,0.050447,0.542715,0.386046,0.020695,0.000032
AAATGGCCCGTGCCCT-1,0.000018,0.998547,0.000018,0.001306,0.000074,0.000018,0.000018
AAATGGTCAATGTGCC-1,0.000018,0.000018,0.034896,0.001064,0.489534,0.278288,0.19618
AAATGTATCTTATCCC-1,0.000025,0.995669,0.000025,0.000025,0.000099,0.004132,0.000025
AAATTAACGGGTAGCT-1,0.000017,0.000017,0.068626,0.015668,0.644567,0.134639,0.136466
AAATTAATAAGCGCGA-1,0.000032,0.579636,0.104635,0.000032,0.003083,0.230393,0.08219
AAATTACACGACTCTG-1,0.000017,0.000017,0.010756,0.104543,0.853245,0.000017,0.031406
AAATTACCTATCGATG-1,0.00003,0.00003,0.210843,0.229831,0.459748,0.00003,0.099488
AAATTCCAGGTCCAAA-1,0.000032,0.000032,0.49324,0.052776,0.399356,0.053052,0.001513
AAATTGATAGTCCTTT-1,0.000029,0.989597,0.000029,0.000029,0.010258,0.000029,0.000029
AAATTGCGGCGGTTCT-1,0.000054,0.872069,0.127503,0.000054,0.000214,0.000054,0.000054
AAATTGGTGAGAAGCA-1,0.000034,0.040222,0.219813,0.490077,0.249785,0.000034,0.000034
AAATTTACCGAAATCC-1,0.000047,0.744381,0.207848,0.047442,0.000188,0.000047,0.000047
AAATTTGCGGGTGTGG-1,0.00001,0.187114,0.000457,0.142623,0.286364,0.375993,0.00744
AACAACTGGTAGTTGC-1,0.000014,0.049395,0.000634,0.000014,0.697053,0.252874,0.000014
AACAATACATTGTCGA-1,0.000023,0.898192,0.000023,0.022272,0.000817,0.07865,0.000023
AACAATTACTCTACGC-1,0.000019,0.00379,0.170069,0.000621,0.132616,0.626174,0.066712
AACACACGCTCGCCGC-1,0.000008,0.010539,0.000008,0.003781,0.927561,0.051397,0.006706
AACACGACTGTACTGA-1,0.000074,0.208006,0.620313,0.056526,0.014259,0.000074,0.100749
AACACGAGACGCGGCC-1,0.000021,0.75563,0.094712,0.000415,0.01424,0.018441,0.116541
AACACGCGGCCGCGAA-1,0.000037,0.758642,0.166413,0.000037,0.00015,0.000037,0.074684
AACAGCTGTGTGGCAA-1,0.000049,0.898302,0.095673,0.000049,0.000196,0.005682,0.000049
AACAGGAAATCGAATA-1,0.000024,0.002675,0.190751,0.170896,0.521869,0.000024,0.113761
AACAGGATGGGCCGCG-1,0.000014,0.000014,0.009193,0.000014,0.333418,0.358214,0.299133
AACAGGTAGTATGGAT-1,0.00002,0.010912,0.002483,0.002815,0.886995,0.096755,0.00002
AACATAGCGTGTATCG-1,0.000008,0.002799,0.046865,0.02223,0.758446,0.069657,0.099994
AACATATCAACTGGTG-1,0.000017,0.000017,0.00474,0.000017,0.985455,0.009737,0.000017
AACATCGATACGTCTA-1,0.000059,0.000059,0.332939,0.460562,0.206262,0.000059,0.000059
AACATTGGTCAGCCGT-1,0.000037,0.99967,0.000037,0.000037,0.000147,0.000037,0.000037
AACATTGTGACTCGAG-1,0.000046,0.919435,0.048442,0.000046,0.031938,0.000047,0.000046
AACCAAGACTTCTCTG-1,0.00001,0.009846,0.026966,0.000013,0.408176,0.548299,0.006689
AACCAGTATCACTCTT-1,0.000062,0.784331,0.165448,0.000062,0.036373,0.000062,0.013663
AACCATGGGATCGCTA-1,0.000034,0.02292,0.401921,0.021527,0.399327,0.145001,0.00927
AACCCAGAGACGGAGA-1,0.000017,0.007923,0.000958,0.213134,0.237437,0.368074,0.172456
AACCCATCCCATGATC-1,0.000023,0.957085,0.001484,0.000023,0.00009,0.029881,0.011415
AACCCGAGCAGAATCG-1,0.000008,0.000008,0.000008,0.028652,0.772908,0.198408,0.000008
AACCCTACTGTCAATA-1,0.000041,0.034502,0.326968,0.022899,0.513795,0.006559,0.095237
AACCCTGGTGGAACCA-1,0.000055,0.364387,0.609071,0.026159,0.000219,0.000055,0.000055
AACCGAGCTTGGTCAT-1,0.000018,0.005269,0.003966,0.000018,0.928569,0.062143,0.000018
AACCGCTAAGGGATGC-1,0.000026,0.107802,0.038262,0.005611,0.688181,0.122544,0.037574
AACCGTTGTGTTTGCT-1,0.000073,0.001054,0.803956,0.161585,0.033186,0.000073,0.000073
AACCTCGCTTTAGCCC-1,0.00002,0.078226,0.145853,0.00002,0.388263,0.16906,0.218557
AACCTGTCACGGAATT-1,0.000043,0.056063,0.274518,0.297111,0.226612,0.000043,0.145609
AACCTTTAAATACGGT-1,0.00003,0.796255,0.083596,0.020652,0.017439,0.074898,0.007131
AACCTTTACGACGTCT-1,0.000013,0.000013,0.000013,0.003171,0.996765,0.000013,0.000013
AACGAAAGTCGTCCCA-1,0.000028,0.942144,0.009827,0.000028,0.000114,0.000028,0.04783
AACGACCTCCTAGCCG-1,0.000133,0.003255,0.075891,0.07448,0.676913,0.169195,0.000133
AACGATAATGCCGTAG-1,0.000023,0.56427,0.048014,0.011301,0.265145,0.095629,0.015618
AACGATAGAAGGGCCG-1,0.000049,0.012321,0.465445,0.38432,0.130036,0.000049,0.00778
AACGATATGTCAACTG-1,0.00002,0.007208,0.004449,0.259291,0.681584,0.047428,0.00002
AACGCATGATCTGGGT-1,0.000031,0.000031,0.090689,0.026321,0.882867,0.000031,0.000031
AACGCGAACGGCAACA-1,0.000028,0.857237,0.132674,0.000028,0.00011,0.000028,0.009895
AACGCGACCTTGGGCG-1,0.000026,0.932541,0.013028,0.000026,0.000102,0.023751,0.030527
AACGCGGTCTCCAGCC-1,0.000066,0.035094,0.33794,0.000066,0.232151,0.394615,0.000066
AACGCTGTTGCTGAAA-1,0.000026,0.003413,0.154626,0.009171,0.670579,0.107421,0.054765
AACGGACGTACGTATA-1,0.000035,0.022512,0.072907,0.004364,0.842192,0.057954,0.000035
AACGGCCATCTCCGGT-1,0.000012,0.18282,0.000012,0.000012,0.171059,0.620429,0.025657
AACGTACTGTGGGTAC-1,0.000016,0.304425,0.000016,0.000016,0.202835,0.373207,0.119484
AACGTCAGACTAGTGG-1,0.000019,0.000019,0.091834,0.034451,0.404481,0.111509,0.357687
AACGTCGCTGCACTTC-1,0.000036,0.011141,0.185943,0.006364,0.796444,0.000036,0.000036
AACGTGATGAAGGACA-1,0.000057,0.034172,0.766955,0.192909,0.000227,0.000057,0.005624
AACGTGCGAAAGTCTC-1,0.000025,0.010352,0.011457,0.000025,0.682646,0.290233,0.005262
AACGTTATCAGCACCT-1,0.000029,0.323502,0.135854,0.000029,0.106608,0.380424,0.053553
AACGTTCTACCATTGT-1,0.00003,0.00003,0.022327,0.004398,0.937892,0.006532,0.028791
AACTACCCGTTTGTCA-1,0.000012,0.019516,0.000012,0.000012,0.961878,0.018559,0.000012
AACTAGCGTATCGCAC-1,0.000055,0.906583,0.026953,0.036078,0.000219,0.000055,0.030057
AACTAGGCTTGGGTGT-1,0.000028,0.745145,0.144352,0.000028,0.000113,0.000028,0.110306
AACTCAAGTTAATTGC-1,0.000017,0.001339,0.01811,0.000017,0.559156,0.383705,0.037657
AACTCCAGAGCGTGTT-1,0.000017,0.086407,0.004846,0.001594,0.869409,0.03771,0.000017
AACTCCTAATCCCATG-1,0.000056,0.000056,0.643478,0.204791,0.143799,0.000056,0.007763
AACTCGATAAACACGT-1,0.000018,0.999839,0.000018,0.000018,0.000072,0.000018,0.000018
AACTCGATGGCGCAGT-1,0.000019,0.01336,0.028044,0.000019,0.735974,0.222565,0.000019
AACTCTCAATAGAGCG-1,0.000026,0.009896,0.037903,0.036893,0.91523,0.000026,0.000026
AACTCTCAGTGTGCTC-1,0.000042,0.833579,0.104228,0.000042,0.001588,0.002747,0.057774
AACTGAGGTCAGCGTC-1,0.000031,0.343444,0.656311,0.000031,0.000123,0.000031,0.000031
AACTGAGTTATACTGA-1,0.000048,0.000048,0.3102,0.040007,0.6496,0.000048,0.000048
AACTGATATTAGGCCT-1,0.000038,0.000038,0.05824,0.071542,0.870068,0.000038,0.000038
AACTGGGTCCCGACGT-1,0.000046,0.001272,0.289322,0.02021,0.683926,0.005177,0.000046
AACTGGTGTGGGCCTT-1,0.00004,0.974811,0.00004,0.024867,0.000161,0.00004,0.00004
AACTTCTGCGTCTATC-1,0.000013,0.011548,0.131242,0.000013,0.380362,0.461674,0.015147
AACTTGCCCGTATGCA-1,0.00001,0.007725,0.008756,0.00001,0.525257,0.433226,0.025016
AACTTGCGTTCTCGCG-1,0.000007,0.058199,0.000007,0.000007,0.637227,0.304544,0.000009
AACTTTACGGGAGCTT-1,0.000052,0.834028,0.13906,0.002298,0.024459,0.000052,0.000052
AACTTTAGCTGCTGAG-1,0.000028,0.931957,0.000028,0.045598,0.006946,0.000028,0.015415
AACTTTCTCGATCATG-1,0.000037,0.000037,0.19542,0.28819,0.198288,0.000037,0.317992
AAGAAATCACCAGATT-1,0.000075,0.013737,0.56197,0.170411,0.253658,0.000075,0.000075
AAGAAGGATCAGTTAG-1,0.000061,0.080951,0.506614,0.000061,0.182663,0.229588,0.000061
AAGACATACGTGGTTT-1,0.000014,0.000014,0.070635,0.000014,0.8215,0.089222,0.0186
AAGACCCAACTGAACA-1,0.00002,0.840639,0.00002,0.00002,0.058507,0.100773,0.00002
AAGACTAACCCGTTGT-1,0.000019,0.602035,0.000593,0.000019,0.000077,0.000019,0.397237
AAGACTGCAAGCTACT-1,0.000016,0.009728,0.076897,0.028341,0.610909,0.080608,0.193501
AAGAGATGAATCGGTA-1,0.000009,0.009778,0.015334,0.000009,0.575356,0.398446,0.001069
AAGAGCTCTTTATCGG-1,0.000025,0.179144,0.087924,0.004855,0.703101,0.022863,0.002088
AAGAGGATGTACGCGA-1,0.000018,0.058761,0.137153,0.00094,0.111315,0.415728,0.276085
AAGAGGCATGGATCGC-1,0.000016,0.03677,0.000016,0.131666,0.765864,0.065652,0.000016
AAGAGGCCCTTTGGAA-1,0.000014,0.000062,0.079621,0.019656,0.369893,0.478871,0.051884
AAGATGGCACCGGACC-1,0.000039,0.872084,0.040981,0.000039,0.000158,0.000039,0.086659
AAGATTGGCGGAACGT-1,0.00002,0.032609,0.013654,0.234904,0.515586,0.00002,0.203207
AAGCACCCTGCGTATC-1,0.000034,0.631795,0.041797,0.000034,0.180318,0.067958,0.078065
AAGCATACTCTCCTGA-1,0.000009,0.125855,0.000009,0.000009,0.587477,0.279657,0.006984
AAGCCGAAGCGGTTTA-1,0.000015,0.009016,0.027494,0.0372,0.803501,0.118281,0.004492
AAGCCGCTTTACCTTG-1,0.000079,0.000079,0.838106,0.133106,0.028472,0.000079,0.000079
AAGCCGGAGAGCAGGA-1,0.00002,0.00002,0.00002,0.144552,0.780074,0.075294,0.00002
AAGCGCAGGGCTTTGA-1,0.000023,0.589303,0.095762,0.000023,0.12118,0.17154,0.02217
AAGCGGAGTGCGCGCA-1,0.00002,0.04207,0.265469,0.000384,0.635874,0.044645,0.011537
AAGCGGCGTCATGGGT-1,0.0001,0.044867,0.951225,0.0001,0.003509,0.0001,0.0001
AAGCGTCCCTCATCGA-1,0.000035,0.874084,0.005756,0.000035,0.000142,0.000035,0.119912
AAGCTAGATCGAGTAA-1,0.000032,0.452816,0.126124,0.000032,0.26677,0.138654,0.015572
AAGCTCGTGCCAAGTC-1,0.000018,0.024361,0.043293,0.007211,0.74705,0.177211,0.000856
AAGCTCTTTCATGGTG-1,0.000047,0.086994,0.425142,0.000047,0.224708,0.140918,0.122144
AAGGAGAACTTATAAG-1,0.000049,0.960302,0.011526,0.000049,0.027978,0.000049,0.000049
AAGGAGCGGTTGGTGC-1,0.000033,0.000033,0.156751,0.000033,0.547255,0.295864,0.000033
AAGGATCGATCGCTTG-1,0.000026,0.005602,0.046856,0.016346,0.902954,0.026845,0.001371
AAGGATGAGGGACCTC-1,0.000021,0.000021,0.021395,0.047274,0.765352,0.016474,0.149462
AAGGCAGGCTGTCTCC-1,0.000033,0.000033,0.20614,0.023327,0.495333,0.001894,0.273238
AAGGCGCGTAAAGCTT-1,0.000015,0.003232,0.071645,0.100863,0.318046,0.337994,0.168205
AAGGCTGTGCTCATCG-1,0.000015,0.000015,0.000015,0.000015,0.62031,0.360748,0.018881
AAGGGACAGATTCTGT-1,0.000011,0.000011,0.000011,0.031104,0.953502,0.015348,0.000011
AAGGGACTATGCATTC-1,0.000061,0.943739,0.055771,0.000061,0.000245,0.000061,0.000061
AAGGGTTAGCCATGCG-1,0.000037,0.000037,0.070903,0.065048,0.8257,0.015069,0.023206
AAGGTATCCTAATATA-1,0.000024,0.01277,0.037902,0.098273,0.814892,0.036116,0.000024
AAGGTGATAAACCAGC-1,0.000038,0.006317,0.264644,0.000038,0.041248,0.687677,0.000038
AAGTAGAAGACCGGGT-1,0.000038,0.001286,0.213325,0.245822,0.33289,0.196479,0.010161
AAGTAGTGACGCGAGG-1,0.000017,0.044448,0.053616,0.000017,0.016719,0.772921,0.112262
AAGTCAATTGTCGTCA-1,0.000023,0.022125,0.017353,0.326405,0.497991,0.13608,0.000023
AAGTCTAGTAGCTGCC-1,0.00005,0.00005,0.336698,0.044415,0.618686,0.00005,0.00005
AAGTCTTCTGTGGCCT-1,0.000033,0.97136,0.000033,0.000033,0.028477,0.000033,0.000033
AAGTGACGACCGAATT-1,0.000008,0.013541,0.001376,0.095122,0.077678,0.789232,0.023042
AAGTGAGTCGGGTTTA-1,0.000043,0.88885,0.027377,0.000043,0.026194,0.057449,0.000043
AAGTGCAAAGGTAGAC-1,0.000023,0.595642,0.039872,0.000023,0.033957,0.252319,0.078164
AAGTGCCTTGACTGTA-1,0.000018,0.028575,0.000018,0.424109,0.41039,0.123165,0.013725
AAGTGCGTTAGAATCT-1,0.000027,0.81715,0.002996,0.004526,0.000106,0.05933,0.115866
AAGTGTTTGGAGACGG-1,0.000032,0.414754,0.113655,0.000032,0.357383,0.114113,0.000032
AAGTTCACTCCAAGCT-1,0.000038,0.041535,0.274847,0.01713,0.52269,0.143721,0.000038
AAGTTCAGTCTGCGTA-1,0.000014,0.010872,0.001812,0.002172,0.984249,0.000867,0.000014
AAGTTCGGCCAACAGG-1,0.000011,0.248646,0.000506,0.000011,0.142369,0.514756,0.0937
AAGTTGTGATGTTATA-1,0.000012,0.000012,0.037422,0.000012,0.944339,0.017836,0.000367
AAGTTTACTAATGGCA-1,0.000052,0.906816,0.018946,0.073874,0.000208,0.000052,0.000052
AAGTTTATGGGCCCAA-1,0.000044,0.648729,0.258373,0.000044,0.020438,0.072329,0.000044
AATAACAACGCTCGGC-1,0.000011,0.005106,0.055516,0.002884,0.41186,0.371002,0.153621
AATAACACTAGAACAA-1,0.000038,0.708181,0.128381,0.000038,0.000153,0.040544,0.122665
AATAACGTCGCGCCCA-1,0.000017,0.000017,0.000178,0.002947,0.984205,0.01262,0.000017
AATAAGTCCTCGAGAC-1,0.000034,0.979558,0.003083,0.004566,0.012692,0.000034,0.000034
AATAATCTTCGTATCG-1,0.000052,0.000052,0.659038,0.011515,0.323823,0.000052,0.005468
AATACAATGTTTCAGG-1,0.000019,0.019035,0.064359,0.001076,0.452936,0.451125,0.01145
AATACCTGATGTGAAC-1,0.000015,0.000015,0.038202,0.00002,0.820169,0.086716,0.054864
AATAGAACAGAGTGGC-1,0.00003,0.923535,0.012267,0.00003,0.024414,0.00003,0.039695
AATAGAATCTGTTTCA-1,0.000014,0.04999,0.002017,0.000014,0.758825,0.018243,0.170897
AATAGCAAGCCTCCTG-1,0.000037,0.512219,0.487488,0.000037,0.000146,0.000037,0.000037
AATAGCTACCGCGTGC-1,0.000016,0.000016,0.000818,0.123057,0.872789,0.000016,0.003288
AATAGTCCGTCCCGAC-1,0.000022,0.839789,0.000022,0.000022,0.000086,0.000022,0.160039
AATAGTCGCGAGTCGG-1,0.000029,0.916099,0.022743,0.005671,0.052487,0.002942,0.000029
AATATCAAGGTCGGAT-1,0.000087,0.536805,0.268414,0.000087,0.194432,0.000087,0.000087
AATATCCTAGCAAACT-1,0.000022,0.66838,0.002418,0.000022,0.000088,0.000022,0.329049
AATATCGAATCAATGC-1,0.000013,0.076245,0.001206,0.027883,0.824681,0.067587,0.002386
AATATCGAGGGTTCTC-1,0.000039,0.000039,0.182992,0.441442,0.042429,0.000039,0.333022
AATATTGGAGTATTGA-1,0.000029,0.103966,0.079667,0.13451,0.252089,0.42971,0.000029
AATCAGACTGCAGGAC-1,0.00005,0.920543,0.079055,0.00005,0.000201,0.00005,0.00005
AATCATGTAAAGACTC-1,0.000009,0.000009,0.038265,0.018009,0.746896,0.130658,0.066153
AATCCAAGGGCCTGAG-1,0.000051,0.249983,0.190977,0.117804,0.33965,0.088226,0.013308
AATCCATGCAAGGGTG-1,0.000024,0.778553,0.002107,0.001612,0.000097,0.000024,0.217584
AATCGCCTCAGCGCCA-1,0.000015,0.000015,0.01862,0.000015,0.790911,0.182667,0.007755
AATCGCGCAGAGGACT-1,0.000021,0.000021,0.050933,0.002609,0.89549,0.04917,0.001756
AATCGGGACACTACGA-1,0.000049,0.752512,0.116841,0.066315,0.000195,0.000049,0.06404
AATCGGTATAGCCCTC-1,0.000018,0.000018,0.021363,0.021537,0.799973,0.002787,0.154305
AATCGTGAGCCGAGCA-1,0.000033,0.036026,0.187948,0.002496,0.574572,0.077302,0.121622
AATCTAGGTTTACTTG-1,0.000044,0.828511,0.090055,0.000044,0.000178,0.000044,0.081122
AATCTATGCCGGAGCC-1,0.00003,0.00003,0.083242,0.003066,0.913571,0.00003,0.00003
AATCTCTACTGTGGTT-1,0.000036,0.758414,0.077823,0.069678,0.049794,0.033987,0.010268
AATCTGCGTTGGGACG-1,0.000034,0.051022,0.202101,0.022234,0.719112,0.000034,0.005463
AATCTGGCTTTCTAGT-1,0.000037,0.847629,0.060417,0.000037,0.000149,0.000037,0.091692
AATGACAGCAATGTCT-1,0.000021,0.679773,0.000021,0.004342,0.015875,0.298787,0.001181
AATGACGTAGGATGTC-1,0.000051,0.044408,0.387818,0.000051,0.453797,0.02482,0.089056
AATGACTGTCAGCCGG-1,0.000018,0.000018,0.010751,0.000018,0.555322,0.432185,0.001688
AATGAGTTCGCATATG-1,0.000048,0.085951,0.223415,0.000048,0.390615,0.28197,0.017952
AATGATGATACGCTAT-1,0.000038,0.015748,0.249642,0.268712,0.301345,0.000038,0.164478
AATGATGCGACTCCTG-1,0.000039,0.024123,0.141042,0.140101,0.680725,0.000039,0.013931
AATGCAACCGGGTACC-1,0.000023,0.00585,0.125191,0.006573,0.422093,0.191202,0.249068
AATGCACCAAGCAATG-1,0.00003,0.00003,0.245424,0.12194,0.632517,0.00003,0.00003
AATGGTCCACCGTTCA-1,0.000012,0.009501,0.000012,0.000012,0.189156,0.80025,0.001056
AATGGTTCTCACAAGC-1,0.000029,0.063964,0.285282,0.008883,0.190185,0.17921,0.272445
AATGTGCCCGAGGTGT-1,0.000028,0.975065,0.000028,0.000028,0.024794,0.000028,0.000028
AATGTTAAGACCCTGA-1,0.000011,0.026199,0.029068,0.100441,0.660588,0.172236,0.011457
AATGTTGTCGTGAGAC-1,0.00002,0.005909,0.067285,0.007424,0.730109,0.054358,0.134895
AATTAAAGGTCGGCGT-1,0.000045,0.023659,0.105292,0.000045,0.357235,0.51368,0.000045
AATTAACGGATTTCCA-1,0.000039,0.869999,0.109466,0.000039,0.02038,0.000039,0.000039
AATTACTCGTACGCTC-1,0.000089,0.74492,0.081795,0.000089,0.000356,0.172662,0.000089
AATTAGCGCTGCAGCG-1,0.00005,0.695213,0.197618,0.020946,0.013026,0.046323,0.026823
AATTATACCCAGCAAG-1,0.000029,0.040375,0.619369,0.000029,0.333715,0.006454,0.000029
AATTCATAAGGGATCT-1,0.000015,0.000015,0.035226,0.006382,0.93629,0.022057,0.000015
AATTCCAACTTGGTGA-1,0.00005,0.98581,0.007653,0.00005,0.000202,0.006184,0.00005
AATTCCAAGCATGTAC-1,0.00002,0.847288,0.00002,0.00002,0.00008,0.00002,0.152552
AATTCGATTCGAGGAT-1,0.000036,0.410201,0.197236,0.000036,0.084239,0.057504,0.250749
AATTCTAGAGTTAGGC-1,0.000036,0.848992,0.034797,0.000279,0.115824,0.000036,0.000036
AATTGAACGCTCTGGT-1,0.00002,0.04048,0.09449,0.00002,0.66194,0.187829,0.01522
AATTGCAGCAATCGAC-1,0.000032,0.000032,0.515241,0.008583,0.174512,0.102355,0.199244
AATTGTGGTTGCCAAA-1,0.000049,0.000049,0.437993,0.123021,0.281869,0.000049,0.156971
AATTTGGGACATAGTA-1,0.000055,0.000055,0.311692,0.163154,0.524932,0.000055,0.000055
AATTTGGTTCCAAAGA-1,0.000053,0.080099,0.587808,0.140828,0.000214,0.000053,0.190944
ACAAAGAAGGTAGGCC-1,0.00002,0.784216,0.050841,0.00002,0.000078,0.123693,0.041133
ACAAAGCATGACCTAG-1,0.00001,0.013563,0.007401,0.132203,0.737756,0.065783,0.043284
ACAAATCGCACCGAAT-1,0.000009,0.028776,0.006958,0.000958,0.693935,0.238037,0.031327
ACAAATGGTAGTGTTT-1,0.000019,0.007788,0.081566,0.000653,0.757591,0.11295,0.039433
ACAAATTCAGATCTGA-1,0.000043,0.48746,0.393254,0.038649,0.060373,0.000043,0.020179
ACAACAGCATGAGCTA-1,0.000033,0.072844,0.212034,0.06122,0.633249,0.017121,0.003499
ACAACGGTCCCTGCGA-1,0.000008,0.000008,0.000008,0.000602,0.589618,0.337968,0.071785
ACAAGCAGTGCCTAGC-1,0.000007,0.000007,0.000007,0.001477,0.652398,0.346095,0.000007
ACAAGCTATATGGAAG-1,0.000045,0.915485,0.070463,0.000045,0.013871,0.000045,0.000045
ACAAGGAAATCCGCCC-1,0.000013,0.10206,0.006364,0.007157,0.456637,0.395807,0.031962
ACAAGGACAAGAGGTT-1,0.000031,0.000031,0.147434,0.000031,0.592397,0.218178,0.041897
ACAAGGATGCTTTAGG-1,0.000018,0.014866,0.143541,0.005785,0.574374,0.196109,0.065307
ACAAGGGCAGGCTCTG-1,0.00003,0.022584,0.402892,0.00003,0.354986,0.216346,0.003133
ACAATAGTCGTACGTT-1,0.000022,0.197938,0.297393,0.000022,0.000087,0.504093,0.000444
ACAATCCATTTAAACC-1,0.000006,0.000006,0.000006,0.207219,0.210038,0.578015,0.004711
ACAATGAATACGGAGA-1,0.000052,0.793078,0.188132,0.000052,0.000209,0.018424,0.000052
ACAATGATTCTTCTAC-1,0.000029,0.59433,0.394217,0.010172,0.001196,0.000029,0.000029
ACAATTGTGTCTCTTT-1,0.000022,0.05892,0.000313,0.000235,0.847672,0.092816,0.000022
ACAATTTAGGAGGCTC-1,0.000033,0.815907,0.067066,0.000033,0.041527,0.024434,0.050999
ACAATTTGAGCAGTGG-1,0.000023,0.000023,0.019533,0.020012,0.879474,0.011508,0.069426
ACAATTTGGCCATATT-1,0.000017,0.000017,0.009733,0.001548,0.971578,0.009589,0.007518
ACACAAAGACGGGTGG-1,0.000017,0.000017,0.008517,0.486555,0.100353,0.270718,0.133822
ACACAAATATTCCTAG-1,0.000083,0.116923,0.79009,0.000083,0.092657,0.000083,0.000083
ACACACCAGGACCAGT-1,0.000017,0.060837,0.002161,0.119913,0.505417,0.178359,0.133295
ACACACTTTCTACACG-1,0.000027,0.000027,0.034153,0.200013,0.755424,0.010329,0.000027
ACACATGATCAAATCT-1,0.000026,0.979035,0.000026,0.000026,0.000103,0.020759,0.000026
ACACATTGACGCAACA-1,0.000026,0.999766,0.000026,0.000026,0.000104,0.000026,0.000026
ACACCACATAATTAGC-1,0.000026,0.000026,0.148994,0.002364,0.832119,0.016446,0.000026
ACACCCAGCATGCAGC-1,0.000014,0.000014,0.000014,0.006236,0.713803,0.204262,0.075657
ACACCCGAGAAATCCG-1,0.000049,0.019541,0.81336,0.000049,0.015158,0.045641,0.106202
ACACCGAGCGCTCTTT-1,0.000035,0.7871,0.159898,0.000035,0.000139,0.000035,0.05276
ACACCTTAAGTAGGGC-1,0.000012,0.047289,0.000012,0.000012,0.58123,0.274938,0.096508
ACACCTTACTACTTGC-1,0.000019,0.000019,0.021315,0.11578,0.789032,0.068347,0.005488
ACACGAGACTCCTTCT-1,0.000035,0.030056,0.019692,0.1625,0.605477,0.144361,0.037879
ACACGGCACTATGCAT-1,0.000037,0.927554,0.007685,0.04933,0.000146,0.000037,0.015211
ACACGGGAACTTAGGG-1,0.000011,0.000011,0.003804,0.011495,0.837557,0.028398,0.118725
ACACGTAGGCCACAAG-1,0.00001,0.00001,0.008611,0.018096,0.899019,0.013854,0.0604
ACACTCCAATGTCACT-1,0.000008,0.13883,0.003824,0.000279,0.275552,0.489364,0.092142
ACACTGATCAAGGTGT-1,0.000029,0.737951,0.00096,0.000029,0.10015,0.157355,0.003527
ACACTGGGACAGTCGT-1,0.000021,0.026837,0.038528,0.194156,0.665596,0.049994,0.024868
ACAGAACTGAGAACAA-1,0.00002,0.945744,0.000316,0.00002,0.000079,0.00002,0.053803
ACAGATTAGGTTAGTG-1,0.000061,0.987571,0.000061,0.000061,0.012123,0.000061,0.000061
ACAGCATAGAGCCAGT-1,0.000064,0.144207,0.821661,0.000064,0.033874,0.000064,0.000064
ACAGCGACATTCTCAT-1,0.000043,0.000043,0.249568,0.000043,0.018472,0.731789,0.000043
ACAGCGCACCCGCAGC-1,0.000055,0.051251,0.53455,0.343287,0.070747,0.000055,0.000055
ACAGGAGGCGCAGCCG-1,0.000037,0.881096,0.00073,0.000037,0.000147,0.000037,0.117916
ACAGGCACGGATCCTT-1,0.00005,0.029602,0.28807,0.00005,0.585321,0.096857,0.00005
ACAGGCTTGCCCGACT-1,0.000018,0.09663,0.051016,0.016854,0.629846,0.16038,0.045256
ACAGGTGGAGGTGAGG-1,0.000035,0.830158,0.038687,0.000035,0.00014,0.019007,0.111937
ACAGGTGTGTTGTTGC-1,0.000063,0.762842,0.225622,0.000063,0.000252,0.011094,0.000063
ACAGTAATACAACTTG-1,0.000047,0.720622,0.040746,0.000047,0.000189,0.238302,0.000047
ACAGTATACCGTGGGA-1,0.000073,0.000073,0.711696,0.047124,0.240888,0.000073,0.000073
ACATAATAAGGCGGTG-1,0.000025,0.000025,0.023562,0.155529,0.328774,0.000518,0.491566
ACATACAATCAAGCGG-1,0.00002,0.013296,0.00002,0.292717,0.57833,0.115597,0.00002
ACATCAGCTGGGACGC-1,0.000013,0.299072,0.00211,0.000013,0.214532,0.4431,0.041159
ACATCCCGGCCATACG-1,0.000039,0.839501,0.104471,0.000039,0.000156,0.055754,0.000039
ACATCCTGGTAACTGT-1,0.000029,0.022348,0.034248,0.239224,0.509437,0.13159,0.063124
ACATCGATCGTTTACC-1,0.000019,0.03533,0.001396,0.010259,0.560301,0.345449,0.047247
ACATCGGTCAGCCGCG-1,0.000014,0.000014,0.000014,0.000014,0.413929,0.433163,0.152851
ACATCGTATGCAATGG-1,0.00002,0.00002,0.183411,0.00002,0.494261,0.213551,0.108717
ACATCGTTAACCTAGT-1,0.000089,0.085799,0.782859,0.094126,0.036949,0.000089,0.000089
ACATCTCAACGCGTAA-1,0.000049,0.919053,0.054994,0.012586,0.013221,0.000049,0.000049
ACATGGCGCCAAAGTA-1,0.000016,0.000016,0.028198,0.013591,0.859192,0.058516,0.040471
ACATGGCTCAATTTAG-1,0.000047,0.957629,0.000047,0.000047,0.042136,0.000047,0.000047
ACATTAGTTTATATCC-1,0.000029,0.817524,0.02177,0.010193,0.000116,0.000029,0.15034
ACATTTGAAACCTAAC-1,0.00004,0.00004,0.284911,0.002573,0.672375,0.011322,0.028738
ACCAAACACCCAGCGA-1,0.000047,0.051295,0.649198,0.23491,0.054451,0.000047,0.010052
ACCAAACTAGAAATCC-1,0.000041,0.531939,0.058601,0.07525,0.334087,0.000041,0.000041
ACCAACACCACACACT-1,0.000012,0.000012,0.000168,0.005536,0.986169,0.00809,0.000012
ACCAACCGCACTCCAC-1,0.000027,0.025503,0.205685,0.090759,0.267603,0.000027,0.410396
ACCAACGCTTATTTAT-1,0.000042,0.647122,0.263547,0.000042,0.024657,0.014733,0.049857
ACCAAGAACGCGTGTC-1,0.00005,0.033885,0.561294,0.108253,0.0002,0.00005,0.296268
ACCAAGTCATCGGCAG-1,0.000038,0.005116,0.153805,0.011437,0.778064,0.000038,0.051503
ACCAATATGCAAGTTA-1,0.000033,0.560635,0.153429,0.000033,0.232364,0.036851,0.016656
ACCACAACTCAGAACA-1,0.000029,0.932719,0.003138,0.042954,0.021103,0.000029,0.000029
ACCACAAGTTTCTATC-1,0.000008,0.000008,0.000008,0.000008,0.697292,0.30078,0.001895
ACCACCAATGTAACAA-1,0.000036,0.000036,0.451894,0.062452,0.419939,0.000036,0.065608
ACCACCCTCTCTTCTA-1,0.000026,0.000026,0.064394,0.151163,0.645114,0.000641,0.138636
ACCACGTGCAGCTATA-1,0.000025,0.051369,0.195545,0.000072,0.31628,0.256341,0.180367
ACCACTGTTCAAGAAG-1,0.000048,0.936445,0.000048,0.000048,0.000191,0.063174,0.000048
ACCAGACCATAACAAC-1,0.000027,0.890245,0.07745,0.000027,0.000108,0.00147,0.030672
ACCAGCCCGGTCTTTG-1,0.000054,0.850028,0.109461,0.017783,0.022567,0.000054,0.000054
ACCAGGAGTGTGATCT-1,0.000043,0.746384,0.045553,0.010598,0.000173,0.000043,0.197205
ACCAGTGCCCGGTCAA-1,0.000064,0.1104,0.682189,0.003418,0.203802,0.000064,0.000064
ACCAGTGCGGGAGACG-1,0.000024,0.000024,0.000025,0.000024,0.996732,0.003147,0.000024
ACCATATCCGCAATAA-1,0.000027,0.077576,0.104259,0.015511,0.447543,0.355059,0.000027
ACCATCCGCCAACTAG-1,0.000017,0.818138,0.001622,0.009933,0.00007,0.000017,0.170202
ACCATCGTATATGGTA-1,0.000027,0.026801,0.101024,0.000027,0.344223,0.343877,0.184022
ACCATTAAGGGTGTCA-1,0.00004,0.964085,0.00004,0.00004,0.035716,0.00004,0.00004
ACCCAACGCCCGTGGC-1,0.000012,0.056825,0.029698,0.002913,0.869328,0.020021,0.021203
ACCCACCTACATGCTC-1,0.000025,0.01449,0.23591,0.000025,0.295773,0.41466,0.039116
ACCCATCTTGAGGGTA-1,0.000025,0.048033,0.058968,0.192983,0.04527,0.421506,0.233214
ACCCATTTGTCCCTCT-1,0.000021,0.000021,0.026119,0.000021,0.915988,0.02363,0.034201
ACCCGAGCGAAATTAC-1,0.00004,0.898865,0.005556,0.00004,0.000158,0.00004,0.095302
ACCCGGAAACTCCCAG-1,0.000021,0.697889,0.000021,0.000021,0.000083,0.106534,0.195431
ACCCGGAGCACCACAA-1,0.000016,0.000016,0.023303,0.019532,0.889787,0.042933,0.024413
ACCCGGATGACGCATC-1,0.000022,0.000022,0.026397,0.013926,0.852162,0.055496,0.051975
ACCCGGTTACACTTCC-1,0.000012,0.051117,0.000012,0.000012,0.024782,0.846468,0.077598
ACCCGTAGTCTAGTTG-1,0.000065,0.000065,0.183888,0.000065,0.643467,0.170595,0.001855
ACCCGTGTCATCAGTA-1,0.000032,0.963067,0.002219,0.000032,0.012441,0.000032,0.022176
ACCCTATAGGACTGAG-1,0.000014,0.073493,0.01505,0.107058,0.368802,0.435569,0.000014
ACCCTATGCCATATCG-1,0.000036,0.924734,0.003144,0.014522,0.021476,0.000036,0.036052
ACCCTCCCGTCAGGGC-1,0.000039,0.045035,0.321486,0.092687,0.124248,0.412727,0.003778
ACCCTCCCTTGCTATT-1,0.000031,0.097031,0.026648,0.000031,0.819018,0.035862,0.02138
ACCCTGGTAACGCCCT-1,0.000029,0.000029,0.048879,0.056154,0.89485,0.000029,0.000029
ACCCTTCATCTGCGAA-1,0.000064,0.000064,0.586904,0.120663,0.292178,0.000064,0.000064
ACCCTTGCCTGGGTCG-1,0.000081,0.011489,0.867095,0.102783,0.01839,0.000081,0.000081
ACCCTTTAGTTCTCCA-1,0.000057,0.878608,0.118579,0.002411,0.00023,0.000057,0.000057
ACCGAAAGGGCCCTGC-1,0.000041,0.651746,0.228538,0.02659,0.03478,0.000041,0.058263
ACCGAAGAGTCTGGTT-1,0.000022,0.72879,0.00124,0.000022,0.000087,0.000022,0.269818
ACCGACACATCTCCCA-1,0.000029,0.769981,0.001089,0.000345,0.000115,0.000029,0.228412
ACCGACTGAGTCCCAC-1,0.000008,0.02058,0.000008,0.000008,0.903531,0.075858,0.000008
ACCGAGTCTCCTTATT-1,0.000013,0.030437,0.000353,0.112494,0.412684,0.342154,0.101864
ACCGATAGGCATAACC-1,0.000015,0.000015,0.00531,0.186552,0.555645,0.252449,0.000015
ACCGATATTTAATCAT-1,0.000038,0.000038,0.166057,0.021366,0.812424,0.000038,0.000038
ACCGATGGTAGCATCG-1,0.000019,0.046445,0.074645,0.07388,0.702253,0.013658,0.089099
ACCGCAATAACTGCCT-1,0.000017,0.269919,0.049985,0.000017,0.268903,0.403107,0.008052
ACCGCGGTGGAAGTCG-1,0.000014,0.000014,0.011259,0.027073,0.701504,0.126508,0.133628
ACCGGGCCTTTGTTGA-1,0.00003,0.092686,0.069493,0.008077,0.681689,0.147994,0.00003
ACCGGTCAGGTACACC-1,0.000029,0.889737,0.011174,0.000029,0.000118,0.01601,0.082902
ACCGTGACCACGTGGG-1,0.000034,0.734692,0.064254,0.000034,0.000134,0.000034,0.200819
ACCGTTCCCGCTCTGA-1,0.000088,0.861919,0.060936,0.019014,0.057869,0.000088,0.000088
ACCTAAGTACCTTTCA-1,0.000034,0.813607,0.113995,0.000034,0.001502,0.000392,0.070435
ACCTAATCGACTTCCT-1,0.000024,0.001165,0.118115,0.006011,0.1173,0.671331,0.086053
ACCTACAGTATGTGGT-1,0.000023,0.005204,0.004251,0.000023,0.874874,0.115601,0.000023
ACCTACTATAAATCTA-1,0.00003,0.897354,0.004629,0.00003,0.000119,0.00003,0.09781
ACCTCAGCGAGGCGCA-1,0.000037,0.000037,0.250218,0.123201,0.462108,0.000037,0.164362
ACCTCCGCCCTCGCTG-1,0.000046,0.023324,0.351487,0.003858,0.60444,0.000046,0.016799
ACCTCCGTTATTCACC-1,0.00001,0.00001,0.00001,0.00001,0.99994,0.00001,0.00001
ACCTGCGTGTCATGTT-1,0.000026,0.748967,0.142173,0.000026,0.000103,0.000026,0.10868
ACGAAATGGGCGGCAC-1,0.000028,0.000209,0.211868,0.000028,0.288509,0.46463,0.034727
ACGACCCATGAGTTGC-1,0.00003,0.00003,0.205582,0.157328,0.619626,0.00003,0.017374
ACGACTCTAGGGCCGA-1,0.000026,0.106837,0.373421,0.042438,0.067931,0.000026,0.409321
ACGACTGGTCATACTC-1,0.000042,0.905649,0.000042,0.000042,0.000168,0.066455,0.027602
ACGAGAACCCATCACG-1,0.000024,0.13184,0.120923,0.000024,0.278116,0.469049,0.000024
ACGAGATATTTGCTTA-1,0.000037,0.062841,0.164067,0.609865,0.137202,0.025952,0.000037
ACGAGGATACCACTCT-1,0.000022,0.477736,0.005876,0.057485,0.002457,0.358652,0.097772
ACGAGGTTTACAACGT-1,0.000016,0.925156,0.001709,0.000016,0.000063,0.000016,0.073026
ACGAGTACGGATGCCC-1,0.00004,0.00004,0.09647,0.025903,0.877466,0.00004,0.00004
ACGAGTCGCCGGCGTT-1,0.000045,0.902821,0.088051,0.000045,0.008947,0.000045,0.000045
ACGATACATAGAACTA-1,0.000044,0.000044,0.273294,0.329611,0.36813,0.000044,0.028834
ACGATACCTATCCTGA-1,0.000036,0.899548,0.05212,0.005461,0.042764,0.000036,0.000036
ACGATCATACATAGAG-1,0.000041,0.001137,0.256744,0.085154,0.473411,0.106352,0.077161
ACGATCATCTTGTAAA-1,0.000049,0.000049,0.219538,0.074775,0.677764,0.000049,0.027776
ACGATGCATATGTTAT-1,0.000016,0.053767,0.00972,0.005389,0.642733,0.288359,0.000016
ACGATGGATCCGATGC-1,0.00005,0.09483,0.538105,0.248111,0.000198,0.00005,0.118657
ACGCAAACTAATAGAT-1,0.000029,0.889268,0.000029,0.000029,0.000116,0.051062,0.059467
ACGCAATCACTACAGC-1,0.000015,0.000015,0.000015,0.005315,0.991291,0.003333,0.000015
ACGCATACGTTTACTA-1,0.000024,0.004215,0.067861,0.054981,0.483755,0.000024,0.389141
ACGCATTCGTGAGTAC-1,0.000051,0.011087,0.142258,0.000051,0.437227,0.388405,0.020922
ACGCCAGATGATTTCT-1,0.000028,0.000028,0.044061,0.105804,0.823987,0.000028,0.026063
ACGCCAGTGCGTTTGC-1,0.000014,0.036194,0.022385,0.004209,0.789585,0.007722,0.139892
ACGCCCAGCTGTCGAT-1,0.000037,0.415151,0.03441,0.085466,0.462128,0.002771,0.000037
ACGCCGCTAGACGACC-1,0.000023,0.022097,0.060769,0.000023,0.507952,0.319014,0.090121
ACGCCTGACACGCGCT-1,0.000027,0.664486,0.028779,0.005239,0.176799,0.087945,0.036725
ACGCGAAGTCAGACGA-1,0.000023,0.67577,0.043731,0.000023,0.000092,0.000023,0.280337
ACGCGCTACACAGGGT-1,0.000008,0.048813,0.000008,0.024911,0.431531,0.492524,0.002204
ACGCGGGCCAAGGACA-1,0.000015,0.000015,0.010369,0.000015,0.643353,0.346218,0.000015
ACGCGTTTCTTAAGAG-1,0.000028,0.916408,0.015026,0.007455,0.032682,0.000028,0.028373
ACGCTACTGAATGGGC-1,0.000104,0.000104,0.659811,0.000104,0.300448,0.039326,0.000104
ACGCTAGTGATACACT-1,0.000015,0.000015,0.000015,0.000298,0.999627,0.000015,0.000015
ACGCTGTGAGGCGTAG-1,0.000025,0.665575,0.116045,0.006248,0.023636,0.008718,0.179753
ACGGAACACGAGTGCC-1,0.000029,0.000029,0.154954,0.064288,0.741483,0.003014,0.036203
ACGGAATTTAGCAAAT-1,0.000013,0.000013,0.000013,0.000013,0.436072,0.563866,0.000013
ACGGACTCTCAAAGCG-1,0.000012,0.074382,0.000012,0.262499,0.447232,0.215851,0.000012
ACGGAGCGCAAATTAC-1,0.000013,0.000013,0.000013,0.013311,0.986623,0.000013,0.000013
ACGGATGGTGCGGATA-1,0.000046,0.185384,0.339184,0.000057,0.279942,0.023292,0.172094
ACGGCACTTGCTTGGG-1,0.00005,0.767834,0.18949,0.020786,0.002548,0.00005,0.019242
ACGGCCAACATGGACT-1,0.000019,0.770477,0.000019,0.000019,0.197171,0.032275,0.000019
ACGGCGACGATGGGAA-1,0.000033,0.058213,0.207146,0.021044,0.454032,0.086196,0.173337
ACGGCGGGTTGCCCTG-1,0.000055,0.708618,0.201803,0.000055,0.000221,0.000055,0.089193
ACGGGAGTGTCGGCCC-1,0.000018,0.911677,0.000018,0.009194,0.076683,0.002282,0.000129
ACGGGCGTATGCGACA-1,0.000017,0.000017,0.000017,0.000017,0.999895,0.000017,0.000017
ACGGGTCATGTGACTT-1,0.000034,0.658903,0.215369,0.000034,0.000135,0.000034,0.125492
ACGGTACAGTTCAATG-1,0.000008,0.000008,0.000008,0.163934,0.784818,0.036986,0.014236
ACGTACAGATTTCTCT-1,0.000091,0.057947,0.81207,0.116043,0.013666,0.000091,0.000091
ACGTAGATTGCTGATG-1,0.000027,0.025697,0.112844,0.068195,0.419553,0.087872,0.285812
ACGTAGGAGAGTCGCT-1,0.000036,0.48898,0.273145,0.000036,0.105145,0.132622,0.000036
ACGTATTACTCCGATC-1,0.000063,0.000063,0.320685,0.055337,0.596354,0.027435,0.000063
ACGTCTCGTTCCGGGA-1,0.000021,0.877927,0.052379,0.000021,0.000084,0.000021,0.069548
ACGTGACAAAGTAAGT-1,0.000025,0.973097,0.000025,0.000025,0.015711,0.011092,0.000025
ACGTGCGCCTCGTGCA-1,0.000014,0.030412,0.000014,0.014539,0.869544,0.003603,0.081873
ACGTTAATGTCGAAGA-1,0.000024,0.088023,0.129044,0.016845,0.597796,0.119958,0.048311
ACGTTAGATTTGCCCG-1,0.00001,0.044445,0.00001,0.003199,0.607247,0.251385,0.093704
ACGTTATTGGTCACTC-1,0.00003,0.329445,0.086165,0.025796,0.217208,0.336073,0.005282
ACGTTCCGCGCTCCGT-1,0.000052,0.924805,0.048314,0.019477,0.007249,0.000052,0.000052
ACGTTCGCAATCAATT-1,0.000034,0.117902,0.122439,0.00182,0.757735,0.000034,0.000034
ACGTTCGTTCAGGAAA-1,0.000051,0.953544,0.002769,0.000051,0.000204,0.04333,0.000051
ACGTTCTGTACAAGTC-1,0.000018,0.104842,0.108707,0.0149,0.616019,0.092345,0.063169
ACGTTTAGTTGTGATC-1,0.000034,0.000034,0.031574,0.294584,0.662188,0.011551,0.000034
ACGTTTCGGTGCACTT-1,0.000195,0.000195,0.576096,0.000195,0.406362,0.000195,0.016763
ACTAAGGACGCACACC-1,0.00002,0.314263,0.082987,0.459136,0.142973,0.00002,0.000601
ACTAATACGTCAGGCG-1,0.000094,0.33809,0.661159,0.000094,0.000375,0.000094,0.000094
ACTACCAGCTCTCTGG-1,0.00003,0.008364,0.200055,0.00003,0.52485,0.226238,0.040434
ACTACGCGTTAGAATT-1,0.000042,0.923929,0.045765,0.000042,0.030136,0.000042,0.000042
ACTAGTTGCGATCGTC-1,0.000034,0.008462,0.160166,0.000035,0.729971,0.036411,0.06492
ACTATATGCTGTGTTC-1,0.000071,0.000071,0.529114,0.247458,0.000285,0.000071,0.222929
ACTATCCAGGGCATGG-1,0.00001,0.00001,0.001417,0.016293,0.961008,0.000461,0.0208
ACTATCGCCGGCTAAA-1,0.000026,0.962711,0.000026,0.000026,0.037157,0.000026,0.000026
ACTATCTGCCCGCGTA-1,0.000013,0.000013,0.008092,0.000574,0.745796,0.102508,0.143005
ACTATTCGTCCGTGGT-1,0.000025,0.000025,0.019837,0.135987,0.827181,0.000025,0.016919
ACTATTTCCGGGCCCA-1,0.000027,0.891006,0.001958,0.000027,0.000108,0.000027,0.106848
ACTCAACGAATGTATT-1,0.000041,0.961265,0.013862,0.000041,0.02471,0.000041,0.000041
ACTCAAGTGCAAGGCT-1,0.00003,0.118356,0.034103,0.00003,0.640874,0.136543,0.070065
ACTCAATAAAGGCACG-1,0.000041,0.000041,0.193603,0.047643,0.684413,0.000041,0.074219
ACTCAGACCTGCTTCT-1,0.00003,0.347439,0.002616,0.092499,0.261297,0.296089,0.00003
ACTCCAATATCATCAT-1,0.000023,0.786902,0.000023,0.000023,0.06461,0.067695,0.080725
ACTCCCATTCCTAAAG-1,0.000026,0.914846,0.032504,0.000026,0.052544,0.000026,0.000026
ACTCCCGAATTCGTTT-1,0.000029,0.000029,0.034221,0.000029,0.964667,0.000996,0.000029
ACTCCCGTAGACTAGG-1,0.000048,0.010768,0.149347,0.128775,0.710966,0.000048,0.000048
ACTCCCTAATGCTAAA-1,0.000023,0.794065,0.001359,0.000023,0.000091,0.035729,0.168709
ACTCCCTAGAATAGTA-1,0.000033,0.508539,0.306778,0.000033,0.010471,0.076308,0.097838
ACTCCGGCCGACCACT-1,0.000021,0.098081,0.284015,0.001997,0.552146,0.041276,0.022465
ACTCGATGTATTTCAT-1,0.000024,0.633066,0.007391,0.017692,0.130943,0.062519,0.148366
ACTCGCCGTTCGATAA-1,0.000012,0.034815,0.006503,0.008919,0.850504,0.009122,0.090126
ACTCGCGATCTGACGC-1,0.000038,0.000038,0.19753,0.034067,0.768252,0.000038,0.000038
ACTCGTAACCCGTCCT-1,0.00002,0.835965,0.00002,0.00002,0.00008,0.008432,0.155464
ACTCGTCAGTAATCCC-1,0.000045,0.038295,0.270311,0.000317,0.468393,0.222594,0.000045
ACTCTAAACCTGGGAT-1,0.000029,0.970562,0.000029,0.000029,0.029292,0.000029,0.000029
ACTCTCTGACTTAGGT-1,0.00004,0.077221,0.236411,0.00004,0.47339,0.134201,0.078698
ACTCTCTTATACACGA-1,0.000113,0.149349,0.790301,0.000113,0.059898,0.000113,0.000113
ACTCTGACCTAATAGA-1,0.000031,0.000031,0.320231,0.049559,0.49326,0.135517,0.001371
ACTCTTCAGCTCCCGC-1,0.000019,0.000019,0.014222,0.002535,0.872962,0.012327,0.097917
ACTCTTGTATAGTAAC-1,0.000009,0.080175,0.000009,0.000787,0.80903,0.102518,0.007472
ACTGAAACGCCGTTAG-1,0.000025,0.02792,0.142876,0.003262,0.812944,0.012949,0.000025
ACTGAATGGCGAAAGT-1,0.000021,0.05869,0.216017,0.001816,0.52769,0.022985,0.172781
ACTGATTTAGTGATTC-1,0.000051,0.875076,0.012332,0.058012,0.054427,0.000051,0.000051
ACTGCCGTCGTAACTC-1,0.000025,0.000025,0.006433,0.386186,0.393024,0.000025,0.214283
ACTGCGGACACACCGT-1,0.000062,0.000062,0.297026,0.000062,0.702663,0.000062,0.000062
ACTGCTCGGAAGGATG-1,0.000042,0.979256,0.000042,0.000042,0.000168,0.000042,0.020407
ACTGGCGAACCTGCGT-1,0.000046,0.856804,0.036564,0.106311,0.000183,0.000046,0.000046
ACTGTACGATACACAT-1,0.000033,0.000033,0.333502,0.000033,0.662828,0.003539,0.000033
ACTGTAGCACTTTGGA-1,0.000014,0.000014,0.002557,0.014475,0.64206,0.250811,0.090069
ACTGTATACGCGAGCA-1,0.000018,0.000018,0.064551,0.007425,0.82893,0.087904,0.011155
ACTGTCCAGGATTATA-1,0.000018,0.006468,0.017122,0.116412,0.3934,0.193774,0.272806
ACTGTCTTCTTTAGAA-1,0.000037,0.2021,0.17595,0.037664,0.233356,0.259486,0.091408
ACTGTGCTAGTAGATC-1,0.000021,0.044173,0.002106,0.000021,0.774935,0.178723,0.000021
