Barcode,Topic 1to2,Topic 3to4,Topic 5to11
AAACAAGTATCTCCCA-1,0.00866,0.023863,0.967477
AAACACCAATAACTGC-1,0.012219,0.887153,0.100628
AAACAGAGCGACTCCT-1,0.011963,0.026601,0.961435
AAACAGCTTTCAGAAG-1,0.049477,0.930967,0.019556
AAACAGGGTCTATATT-1,0.127447,0.83403,0.038523
AAACAGTGTTCCTGGG-1,0.833134,0.000039,0.166828
AAACATTTCCCGGATT-1,0.00003,0.145027,0.854943
AAACCACTACACAGAT-1,0.000249,0.000037,0.999714
AAACCCGAACGAAATC-1,0.028284,0.041622,0.930093
AAACCGGAAATGTTAA-1,0.012401,0.126962,0.860637
AAACCGGGTAGGTACC-1,0.163609,0.776266,0.060125
AAACCGTTCGTCCAGG-1,0.03539,0.608791,0.355819
AAACCTAAGCAGCCGG-1,0.031265,0.183392,0.785342
AAACCTCATGAAGTTG-1,0.649689,0.150882,0.199429
AAACGAAGATGGAGTA-1,0.199507,0.530247,0.270247
AAACGACAGTCTTGCC-1,0.018967,0.078317,0.902716
AAACGAGACGGTTGAT-1,0.314315,0.000045,0.68564
AAACGCCCGAGATCGG-1,0.018541,0.02835,0.953109
AAACGGGCGTACGGGT-1,0.000021,0.131235,0.868744
AAACGGTTGCGAACTG-1,0.064147,0.163318,0.772535
AAACGTGTTCGCCCTA-1,0.000031,0.005023,0.994945
AAACTAACGTGGCGAC-1,0.003984,0.000247,0.995769
AAACTCGGTTCGCAAT-1,0.000024,0.172465,0.827511
AAACTCGTGATATAAG-1,0.000023,0.000098,0.999879
AAACTGCTGGCTCCAA-1,0.199673,0.062595,0.737731
AAACTTAATTGCACGC-1,0.351322,0.577866,0.070812
AAACTTGCAAACGTAT-1,0.06574,0.934142,0.000118
AAAGAATGTGGACTAA-1,0.046837,0.173895,0.779268
AAAGACCCAAGTCGCG-1,0.02247,0.32903,0.648501
AAAGACTGGGCGCTTT-1,0.806483,0.190178,0.00334
AAAGCTTGCCTACATA-1,0.000032,0.101795,0.898172
AAAGGCCCTATAATAC-1,0.481943,0.240629,0.277427
AAAGGCTACGGACCAT-1,0.000021,0.362112,0.637867
AAAGGCTCTCGCGCCG-1,0.02344,0.299097,0.677463
AAAGGGATGTAGCAAG-1,0.373123,0.059914,0.566963
AAAGGGCAGCTTGAAT-1,0.896761,0.03583,0.06741
AAAGGTAAGCTGTACC-1,0.000038,0.128352,0.87161
AAAGTAGCATTGCTCA-1,0.005304,0.894112,0.100584
AAAGTCACTGATGTAA-1,0.000025,0.145096,0.854879
AAAGTCGACCCTCAGT-1,0.739696,0.227909,0.032395
AAAGTGTGATTTATCT-1,0.30672,0.015059,0.678221
AAAGTTGACTCCCGTA-1,0.052541,0.006077,0.941382
AAATAACCATACGGGA-1,0.005102,0.137664,0.857234
AAATAAGGTAGTGCCC-1,0.008179,0.000039,0.991782
AAATACCTATAAGCAT-1,0.123774,0.089674,0.786552
AAATAGCTTAGACTTT-1,0.033297,0.068376,0.898326
AAATAGGGTGCTATTG-1,0.05789,0.061989,0.880122
AAATCACTCCTAAACG-1,0.002076,0.024334,0.97359
AAATCCGATACACGCC-1,0.038773,0.204029,0.757197
AAATCGCGGAAGGAGT-1,0.222181,0.56424,0.213579
AAATCGTGTACCACAA-1,0.072814,0.371253,0.555933
AAATCTAGCCCTGCTA-1,0.106232,0.104214,0.789554
AAATGACTGATCAAAC-1,0.940061,0.000047,0.059892
AAATGATTCGATCAGC-1,0.023659,0.000043,0.976298
AAATGCTCGTTACGTT-1,0.999463,0.000119,0.000418
AAATGGCATGTCTTGT-1,0.00003,0.150032,0.849938
AAATGGCCCGTGCCCT-1,0.081155,0.903721,0.015124
AAATGGTCAATGTGCC-1,0.826377,0.031982,0.141641
AAATGTATCTTATCCC-1,0.680687,0.114781,0.204532
AAATTAACGGGTAGCT-1,0.559004,0.246844,0.194152
AAATTAATAAGCGCGA-1,0.880102,0.020314,0.099584
AAATTACACGACTCTG-1,0.006426,0.034606,0.958968
AAATTACCTATCGATG-1,0.000021,0.111784,0.888196
AAATTCCAGGTCCAAA-1,0.038339,0.025258,0.936402
AAATTGATAGTCCTTT-1,0.000021,0.678137,0.321842
AAATTGGTGAGAAGCA-1,0.000047,0.011108,0.988845
AAATTTACCGAAATCC-1,0.00003,0.002064,0.997906
AAATTTGCGGGTGTGG-1,0.045544,0.671322,0.283134
AACAACTGGTAGTTGC-1,0.939112,0.016514,0.044374
AACAATACATTGTCGA-1,0.042568,0.34698,0.610452
AACAATTACTCTACGC-1,0.999656,0.000076,0.000267
AACACACGCTCGCCGC-1,0.000367,0.087882,0.911751
AACACGACTGTACTGA-1,0.000045,0.087012,0.912943
AACACGAGACGCGGCC-1,0.052188,0.831155,0.116657
AACAGCTGTGTGGCAA-1,0.025369,0.613266,0.361365
AACAGGAAATCGAATA-1,0.000033,0.204525,0.795442
AACAGGATGGGCCGCG-1,0.793485,0.163877,0.042638
AACAGGTAGTATGGAT-1,0.015901,0.025457,0.958641
AACATAGCGTGTATCG-1,0.503701,0.053286,0.443013
AACATATCAACTGGTG-1,0.039893,0.009002,0.951105
AACATCGATACGTCTA-1,0.000046,0.008486,0.991468
AACATTGAAGTTGATC-1,0.531722,0.184305,0.283973
AACATTGTGACTCGAG-1,0.013623,0.294197,0.69218
AACCAAGACTTCTCTG-1,0.817394,0.018954,0.163652
AACCATAGGGTTGAAC-1,0.669829,0.30445,0.025721
AACCATGGGATCGCTA-1,0.799917,0.19601,0.004073
AACCCAGAGACGGAGA-1,0.776596,0.068614,0.15479
AACCCATCCCATGATC-1,0.053316,0.714159,0.232524
AACCCGACAACCCGTG-1,0.121978,0.176874,0.701148
AACCCGAGCAGAATCG-1,0.043408,0.032002,0.92459
AACCCGATAGGGCTTC-1,0.000052,0.000052,0.999896
AACCCGCTGTATTCCA-1,0.871494,0.00004,0.128467
AACCCTACTGTCAATA-1,0.234452,0.005488,0.760061
AACCCTGGTGGAACCA-1,0.000026,0.044858,0.955116
AACCGAGCTTGGTCAT-1,0.315514,0.245121,0.439364
AACCGCTAAGGGATGC-1,0.118332,0.005743,0.875925
AACCGTTGTGTTTGCT-1,0.000042,0.174234,0.825724
AACCTCGCTTTAGCCC-1,0.105247,0.272666,0.622087
AACCTGTCACGGAATT-1,0.021731,0.000034,0.978235
AACCTTTAAATACGGT-1,0.004319,0.204996,0.790684
AACCTTTACGACGTCT-1,0.018142,0.00051,0.981348
AACGAAAGTCGTCCCA-1,0.131984,0.457312,0.410703
AACGATAATGCCGTAG-1,0.054516,0.101861,0.843623
AACGATAGAAGGGCCG-1,0.361128,0.201765,0.437107
AACGATATGTCAACTG-1,0.113466,0.12468,0.761854
AACGCATGATCTGGGT-1,0.007004,0.002891,0.990105
AACGCGACCTTGGGCG-1,0.085512,0.156027,0.758461
AACGCGGTCTCCAGCC-1,0.276157,0.066051,0.657793
AACGCTGTTGCTGAAA-1,0.068485,0.037184,0.894331
AACGGACGTACGTATA-1,0.010077,0.004782,0.985141
AACGGCCATCTCCGGT-1,0.050208,0.775954,0.173838
AACGTACTGTGGGTAC-1,0.057189,0.457955,0.484856
AACGTCAGACTAGTGG-1,0.89203,0.029014,0.078956
AACGTCATCCGGCTTG-1,0.723391,0.000073,0.276536
AACGTCGCTGCACTTC-1,0.311266,0.000407,0.688327
AACGTGATGAAGGACA-1,0.000026,0.030731,0.969243
AACGTGCGAAAGTCTC-1,0.945299,0.000069,0.054632
AACGTTATCAGCACCT-1,0.952987,0.034675,0.012338
AACTACCCGTTTGTCA-1,0.012806,0.005441,0.981753
AACTAGGCTTGGGTGT-1,0.050061,0.248186,0.701753
AACTCAAGTTAATTGC-1,0.529181,0.140034,0.330785
AACTCCAGAGCGTGTT-1,0.064726,0.059427,0.875847
AACTCCTAATCCCATG-1,0.000049,0.134991,0.864959
AACTCGATGGCGCAGT-1,0.970411,0.029276,0.000313
AACTCTCAATAGAGCG-1,0.172647,0.002987,0.824366
AACTCTCAGTGTGCTC-1,0.000034,0.74003,0.259936
AACTGAGGTCAGCGTC-1,0.000069,0.119141,0.88079
AACTGAGTTATACTGA-1,0.000055,0.305557,0.694387
AACTGATATTAGGCCT-1,0.024662,0.28476,0.690578
AACTGGGTCCCGACGT-1,0.148536,0.115891,0.735573
AACTTCTGCGTCTATC-1,0.929366,0.070232,0.000403
AACTTGCCCGTATGCA-1,0.879613,0.120094,0.000293
AACTTGCGTTCTCGCG-1,0.999216,0.000174,0.00061
AACTTTACGGGAGCTT-1,0.999383,0.000137,0.00048
AACTTTCTCGATCATG-1,0.000034,0.000034,0.999932
AAGAAAGTTTGATGGG-1,0.841367,0.009207,0.149426
AAGAAATCACCAGATT-1,0.000051,0.074009,0.92594
AAGAAGGATCAGTTAG-1,0.822633,0.176759,0.000607
AAGACATACGTGGTTT-1,0.000044,0.276141,0.723815
AAGACCAAATAACTCA-1,0.328134,0.305517,0.366349
AAGACCCAACTGAACA-1,0.000023,0.345132,0.654845
AAGACTGCAAGCTACT-1,0.501128,0.000103,0.49877
AAGAGATGAATCGGTA-1,0.88001,0.083062,0.036928
AAGAGCTCTTTATCGG-1,0.415442,0.000115,0.584443
AAGAGGATGTACGCGA-1,0.218387,0.386818,0.394795
AAGAGGCATGGATCGC-1,0.528338,0.009516,0.462146
AAGAGGCCCTTTGGAA-1,0.000039,0.146626,0.853334
AAGATGGCACCGGACC-1,0.026012,0.543438,0.43055
AAGCACCCTGCGTATC-1,0.0137,0.141232,0.845068
AAGCATACTCTCCTGA-1,0.053874,0.194264,0.751862
AAGCCACTTGCAGGTA-1,0.746196,0.012145,0.241659
AAGCCGAAGCGGTTTA-1,0.054314,0.075329,0.870356
AAGCCGCCGTGAAATC-1,0.291307,0.447335,0.261358
AAGCCGCTTTACCTTG-1,0.000041,0.114715,0.885243
AAGCGCAGGGCTTTGA-1,0.061786,0.167044,0.77117
AAGCGGAGTGCGCGCA-1,0.000044,0.002038,0.997918
AAGCGGCGTCATGGGT-1,0.007204,0.007474,0.985322
AAGCGTCCCTCATCGA-1,0.036607,0.412859,0.550533
AAGCTAGATCGAGTAA-1,0.073194,0.176665,0.750142
AAGCTCGTGCCAAGTC-1,0.68635,0.000085,0.313565
AAGCTCTTTCATGGTG-1,0.02912,0.163709,0.80717
AAGGAGCGGTTGGTGC-1,0.897348,0.025766,0.076885
AAGGATCGATCGCTTG-1,0.02258,0.002452,0.974968
AAGGATGAGGGACCTC-1,0.053808,0.072705,0.873487
AAGGCAGGCTGTCTCC-1,0.076358,0.042064,0.881578
AAGGCGCGTAAAGCTT-1,0.938062,0.061621,0.000317
AAGGCTGTGCTCATCG-1,0.794172,0.133281,0.072547
AAGGGAACGACTGGCT-1,0.45392,0.336129,0.209951
AAGGGACAGATTCTGT-1,0.095545,0.036213,0.868242
AAGGGACTATGCATTC-1,0.1627,0.422185,0.415115
AAGGTATCCTAATATA-1,0.089655,0.007396,0.902949
AAGGTGATAAACCAGC-1,0.099673,0.015125,0.885203
AAGTAGAAGACCGGGT-1,0.274202,0.13218,0.593618
AAGTAGTGACGCGAGG-1,0.780363,0.20732,0.012316
AAGTCAATTGTCGTCA-1,0.032265,0.000038,0.967697
AAGTCTTCTGTGGCCT-1,0.58937,0.179195,0.231435
AAGTGACGACCGAATT-1,0.026526,0.628163,0.345311
AAGTGAGTCGGGTTTA-1,0.000037,0.444911,0.555052
AAGTGCAAAGGTAGAC-1,0.999691,0.000069,0.00024
AAGTGCCTTGACTGTA-1,0.026761,0.003175,0.970064
AAGTGCGTTAGAATCT-1,0.000034,0.922953,0.077013
AAGTGCTTCTCTATTG-1,0.401138,0.214233,0.384628
AAGTGTTTGGAGACGG-1,0.008944,0.071191,0.919865
AAGTTCACTCCAAGCT-1,0.034532,0.117603,0.847865
AAGTTCAGTCTGCGTA-1,0.017518,0.001969,0.980513
AAGTTCGGCCAACAGG-1,0.114439,0.826164,0.059398
AAGTTGTGATGTTATA-1,0.054804,0.238673,0.706523
AAGTTTATGGGCCCAA-1,0.000018,0.158337,0.841645
AATAACAACGCTCGGC-1,0.948012,0.021274,0.030714
AATAACACTAGAACAA-1,0.075967,0.523219,0.400814
AATAATCTTCGTATCG-1,0.000032,0.057454,0.942514
AATACAATGTTTCAGG-1,0.945885,0.053762,0.000352
AATACCGGAGGGCTGT-1,0.280711,0.21773,0.501559
AATACCTGATGTGAAC-1,0.494771,0.020702,0.484527
AATAGAACAGAGTGGC-1,0.011171,0.691623,0.297206
AATAGAATCTGTTTCA-1,0.072884,0.019125,0.907991
AATAGCTACCGCGTGC-1,0.00005,0.068961,0.930989
AATAGGCACGACCCTT-1,0.803633,0.022243,0.174124
AATAGTCCGTCCCGAC-1,0.035972,0.389865,0.574163
AATAGTCGCGAGTCGG-1,0.999608,0.000087,0.000305
AATATCCTAGCAAACT-1,0.387416,0.39756,0.215023
AATATCGAATCAATGC-1,0.028987,0.018273,0.952741
AATATCGAGGGTTCTC-1,0.007283,0.090396,0.902322
AATATTGGAGTATTGA-1,0.93598,0.000107,0.063913
AATCAGGTTTCATTTA-1,0.859232,0.04262,0.098148
AATCATGTAAAGACTC-1,0.026567,0.017736,0.955697
AATCCAAGGGCCTGAG-1,0.155768,0.25215,0.592082
AATCCCGCTCAGAGCC-1,0.745604,0.009811,0.244585
AATCGAGGTCTCAAGG-1,0.827219,0.000064,0.172717
AATCGCCTCAGCGCCA-1,0.594133,0.000076,0.405791
AATCGCGCAGAGGACT-1,0.154629,0.002884,0.842487
AATCGGGACACTACGA-1,0.020924,0.069048,0.910028
AATCGGTATAGCCCTC-1,0.180593,0.137725,0.681682
AATCGTGAGCCGAGCA-1,0.000034,0.097673,0.902293
AATCTAGGTTTACTTG-1,0.156175,0.8434,0.000425
AATCTATGCCGGAGCC-1,0.02305,0.012286,0.964664
AATCTCTACTGTGGTT-1,0.688863,0.300682,0.010455
AATCTGCGTTGGGACG-1,0.265383,0.054614,0.680004
AATCTGGCTTTCTAGT-1,0.193873,0.805888,0.000239
AATGACAGCAATGTCT-1,0.096326,0.745681,0.157993
AATGACGTAGGATGTC-1,0.073585,0.089917,0.836498
AATGACTGTCAGCCGG-1,0.874465,0.122484,0.00305
AATGAGTTCGCATATG-1,0.959978,0.032556,0.007466
AATGATGATACGCTAT-1,0.00344,0.000036,0.996524
AATGATGCGACTCCTG-1,0.00003,0.005369,0.994601
AATGCAACCGGGTACC-1,0.512101,0.160135,0.327764
AATGCACCAAGCAATG-1,0.007857,0.006064,0.986079
AATGGCCGCCAATGCG-1,0.012326,0.000079,0.987595
AATGGTCCACCGTTCA-1,0.999774,0.00005,0.000176
AATGGTTCTCACAAGC-1,0.999648,0.000078,0.000274
AATGTATGGCACTGTA-1,0.858524,0.12237,0.019105
AATGTGCCCGAGGTGT-1,0.117781,0.542764,0.339454
AATGTGCTAATCTGAG-1,0.206144,0.402476,0.39138
AATGTTAAGACCCTGA-1,0.509397,0.00007,0.490533
AATGTTGTCGTGAGAC-1,0.022408,0.281743,0.695849
AATTAAAGGTCGGCGT-1,0.356306,0.166333,0.477361
AATTAACGGATTTCCA-1,0.0149,0.323804,0.661296
AATTACGAGACCCATC-1,0.262831,0.528946,0.208222
AATTACTCGTACGCTC-1,0.851406,0.007959,0.140635
AATTAGCGCTGCAGCG-1,0.012846,0.32892,0.658234
AATTATACCCAGCAAG-1,0.68334,0.009377,0.307282
AATTCATAAGGGATCT-1,0.019645,0.042356,0.937999
AATTCATTGTCATGCA-1,0.395811,0.550189,0.054
AATTCCAAGCATGTAC-1,0.055474,0.231159,0.713367
AATTCGATTCGAGGAT-1,0.001904,0.11042,0.887676
AATTCTAGAGTTAGGC-1,0.025441,0.100663,0.873896
AATTGAACGCTCTGGT-1,0.091362,0.017807,0.890831
AATTGCAGCAATCGAC-1,0.012703,0.151343,0.835954
AATTGCGTGGATTACA-1,0.879248,0.025453,0.095299
AATTTGGGACATAGTA-1,0.021023,0.035484,0.943493
AATTTGGTTCCAAAGA-1,0.0333,0.020148,0.946552
ACAAACCATGCGTCCT-1,0.269334,0.583715,0.146951
ACAAACTCCATCAGAG-1,0.921643,0.000036,0.07832
ACAAAGAAGGTAGGCC-1,0.270976,0.593039,0.135986
ACAAAGCATGACCTAG-1,0.003675,0.126056,0.870269
ACAAATCGCACCGAAT-1,0.052813,0.016374,0.930812
ACAAATGGTAGTGTTT-1,0.08053,0.022786,0.896683
ACAAATTCAGATCTGA-1,0.068568,0.049661,0.881771
ACAACAGCATGAGCTA-1,0.306122,0.004185,0.689694
ACAACGGTCCCTGCGA-1,0.999617,0.000085,0.000298
ACAAGCAGTGCCTAGC-1,0.784056,0.061104,0.15484
ACAAGGAAATCCGCCC-1,0.015721,0.105054,0.879225
ACAAGGACAAGAGGTT-1,0.982253,0.017544,0.000204
ACAAGGATGCTTTAGG-1,0.030517,0.247818,0.721664
ACAAGGCCTACCAGCC-1,0.012092,0.051201,0.936708
ACAAGGGCAGGCTCTG-1,0.192226,0.002399,0.805374
ACAAGTAATTGTAAGG-1,0.881981,0.000157,0.117862
ACAATAGTCGTACGTT-1,0.028035,0.927021,0.044945
ACAATCCATTTAAACC-1,0.6334,0.198272,0.168328
ACAATGAATACGGAGA-1,0.027716,0.473467,0.498817
ACAATGATTCTTCTAC-1,0.000059,0.18337,0.81657
ACAATTGTGTCTCTTT-1,0.010458,0.029509,0.960033
ACAATTTAGGAGGCTC-1,0.887193,0.081161,0.031646
ACAATTTGAGCAGTGG-1,0.237454,0.050778,0.711767
ACAATTTGGCCATATT-1,0.016458,0.07207,0.911472
ACACAAAGACGGGTGG-1,0.78008,0.211584,0.008336
ACACAAATATTCCTAG-1,0.022096,0.241647,0.736257
ACACACCAGGACCAGT-1,0.135813,0.069559,0.794628
ACACACTTTCTACACG-1,0.031544,0.143307,0.825149
ACACATGATCAAATCT-1,0.028801,0.587707,0.383492
ACACATTTCCGTAGAC-1,0.725332,0.006082,0.268586
ACACCACATAATTAGC-1,0.021811,0.023094,0.955095
ACACCCAGCATGCAGC-1,0.679084,0.030123,0.290793
ACACCCGAGAAATCCG-1,0.702186,0.081869,0.215946
ACACCGAGCGCTCTTT-1,0.893532,0.000136,0.106332
ACACCGGTCTGACCGC-1,0.304995,0.428178,0.266827
ACACCTTAAGTAGGGC-1,0.887502,0.01452,0.097977
ACACCTTACTACTTGC-1,0.092702,0.000621,0.906677
ACACGAGACTCCTTCT-1,0.762649,0.058607,0.178744
ACACGGCACTATGCAT-1,0.000035,0.027245,0.972719
ACACGGGAACTTAGGG-1,0.308309,0.127624,0.564067
ACACGTAGGCCACAAG-1,0.020401,0.101851,0.877748
ACACTCCAATGTCACT-1,0.836713,0.162676,0.000611
ACACTGATCAAGGTGT-1,0.087657,0.227222,0.685121
ACACTGGGACAGTCGT-1,0.016451,0.116009,0.86754
ACAGAACTGAGAACAA-1,0.001075,0.615923,0.383002
ACAGCATAGAGCCAGT-1,0.052588,0.24271,0.704702
ACAGCGACATTCTCAT-1,0.000044,0.085998,0.913958
ACAGCGCACCCGCAGC-1,0.009786,0.107981,0.882233
ACAGGCACGGATCCTT-1,0.006236,0.039136,0.954628
ACAGGCTTGCCCGACT-1,0.063696,0.065028,0.871276
ACAGGTGGAGGTGAGG-1,0.011157,0.455423,0.53342
ACAGTAATACAACTTG-1,0.142139,0.855292,0.002569
ACAGTATACCGTGGGA-1,0.000054,0.119295,0.880652
ACATAAGTCGTGGTGA-1,0.150782,0.601443,0.247775
ACATAATAAGGCGGTG-1,0.260321,0.115139,0.62454
ACATACAATCAAGCGG-1,0.727734,0.000102,0.272164
ACATCAGCTGGGACGC-1,0.999708,0.000065,0.000227
ACATCCCGGCCATACG-1,0.000022,0.1686,0.831378
ACATCCTGGTAACTGT-1,0.071741,0.0038,0.924459
ACATCGATCGTTTACC-1,0.416001,0.117757,0.466243
ACATCGCAATATTCGG-1,0.903459,0.000107,0.096434
ACATCGGTCAGCCGCG-1,0.06751,0.450775,0.481715
ACATCGTATGCAATGG-1,0.101953,0.090818,0.807229
ACATCGTTAACCTAGT-1,0.024581,0.051745,0.923674
ACATGCTTACGGCAGC-1,0.912766,0.000156,0.087079
ACATGGCGCCAAAGTA-1,0.025777,0.059228,0.914995
ACATTAGTTTATATCC-1,0.000037,0.405651,0.594312
ACATTCGCGCGGAATA-1,0.64593,0.144423,0.209647
ACATTTGAAACCTAAC-1,0.466455,0.001925,0.53162
ACCAAACACCCAGCGA-1,0.000029,0.002846,0.997125
ACCAACACCACACACT-1,0.000043,0.034343,0.965614
ACCAACCGCACTCCAC-1,0.000027,0.285519,0.714454
ACCAACGCTTATTTAT-1,0.036706,0.331072,0.632223
ACCAAGAACGCGTGTC-1,0.277419,0.155896,0.566686
ACCAAGTCATCGGCAG-1,0.000059,0.161405,0.838536
ACCAATATGCAAGTTA-1,0.015919,0.263301,0.720779
ACCACAACTCAGAACA-1,0.008681,0.054344,0.936975
ACCACAAGTTTCTATC-1,0.811405,0.028035,0.160559
ACCACACGGTTGATGG-1,0.74057,0.000053,0.259376
ACCACCAATGTAACAA-1,0.034249,0.047463,0.918288
ACCACCCTCTCTTCTA-1,0.000041,0.0402,0.959759
ACCACGTGCAGCTATA-1,0.04153,0.104696,0.853774
ACCACTGTTCAAGAAG-1,0.99947,0.000118,0.000412
ACCAGACCATAACAAC-1,0.896494,0.094602,0.008904
ACCAGTGCCCGGTCAA-1,0.026973,0.003422,0.969604
ACCAGTGCGGGAGACG-1,0.040259,0.174477,0.785263
ACCATATCCGCAATAA-1,0.619688,0.071453,0.308859
ACCATCCGCCAACTAG-1,0.146002,0.758132,0.095866
ACCATCGTATATGGTA-1,0.136302,0.567654,0.296044
ACCATTAAGGGTGTCA-1,0.942529,0.056953,0.000517
ACCCAACGCCCGTGGC-1,0.172795,0.063954,0.763251
ACCCACCTACATGCTC-1,0.92114,0.078402,0.000458
ACCCATCTTGAGGGTA-1,0.621965,0.098375,0.27966
ACCCATTTGTCCCTCT-1,0.03273,0.1055,0.861771
ACCCGAGCGAAATTAC-1,0.47186,0.253712,0.274428
ACCCGATTGGTTCCGA-1,0.616315,0.049979,0.333706
ACCCGGAAACTCCCAG-1,0.061368,0.264173,0.674459
ACCCGGAGCACCACAA-1,0.031582,0.17504,0.793378
ACCCGGATGACGCATC-1,0.235496,0.007977,0.756527
ACCCGGTTACACTTCC-1,0.298708,0.151491,0.549801
ACCCGTAGCAGAGAAT-1,0.982428,0.000107,0.017465
ACCCGTAGTCTAGTTG-1,0.078659,0.135476,0.785865
ACCCGTGTCATCAGTA-1,0.000042,0.398302,0.601656
ACCCTATAGGACTGAG-1,0.851686,0.027697,0.120617
ACCCTATGCCATATCG-1,0.064385,0.468034,0.46758
ACCCTCCCGTCAGGGC-1,0.04537,0.097506,0.857124
ACCCTCCCTTGCTATT-1,0.025917,0.096446,0.877637
ACCCTGGTAACGCCCT-1,0.000054,0.026628,0.973318
ACCCTTCATCTGCGAA-1,0.000025,0.211938,0.788037
ACCCTTGCCTGGGTCG-1,0.000082,0.178768,0.82115
ACCCTTTAGTTCTCCA-1,0.000792,0.028735,0.970473
ACCGAAAGGGCCCTGC-1,0.048392,0.224794,0.726814
ACCGAAGAGTCTGGTT-1,0.178506,0.821228,0.000266
ACCGACACATCTCCCA-1,0.038926,0.22835,0.732724
ACCGACTGAGTCCCAC-1,0.284795,0.021513,0.693692
ACCGAGTCTCCTTATT-1,0.051567,0.30251,0.645924
ACCGATAGGCATAACC-1,0.038549,0.052515,0.908936
ACCGATATTTAATCAT-1,0.000056,0.200056,0.799888
ACCGATGGTAGCATCG-1,0.141363,0.000094,0.858543
ACCGCAATAACTGCCT-1,0.113834,0.16787,0.718296
ACCGCGGTGGAAGTCG-1,0.034944,0.000044,0.965013
ACCGCTAGTCATTGGT-1,0.801027,0.00793,0.191044
ACCGGGCCTTTGTTGA-1,0.041284,0.009898,0.948818
ACCGGTCAGGTACACC-1,0.002075,0.816714,0.181212
ACCGGTCTGAGTACGG-1,0.014907,0.005624,0.979469
ACCGTCCACTGGGCCC-1,0.237188,0.511656,0.251155
ACCGTGACCACGTGGG-1,0.000022,0.401673,0.598305
ACCTAAGTACCTTTCA-1,0.116141,0.56339,0.320469
ACCTAATCGACTTCCT-1,0.999577,0.000094,0.000329
ACCTACAGTATGTGGT-1,0.013194,0.006105,0.980701
ACCTACTATAAATCTA-1,0.065367,0.131286,0.803347
ACCTCAGCGAGGCGCA-1,0.66503,0.000153,0.334816
ACCTCCGCCCTCGCTG-1,0.022736,0.108896,0.868368
ACCTCCGTTATTCACC-1,0.015449,0.060707,0.923845
ACCTCGAACTTATGCT-1,0.355493,0.644009,0.000498
ACCTGCGTGTCATGTT-1,0.175112,0.82471,0.000178
ACGAAATGGGCGGCAC-1,0.781355,0.09422,0.124425
ACGACCCATGAGTTGC-1,0.015824,0.480081,0.504095
ACGACTCTAGGGCCGA-1,0.043398,0.315975,0.640627
ACGACTGGTCATACTC-1,0.137043,0.334518,0.528439
ACGAGATATTTGCTTA-1,0.000048,0.164407,0.835545
ACGAGGATACCACTCT-1,0.063302,0.930299,0.0064
ACGAGGTTTACAACGT-1,0.148315,0.768117,0.083569
ACGAGTACGGATGCCC-1,0.000016,0.000016,0.999967
ACGATACATAGAACTA-1,0.019656,0.031265,0.949079
ACGATACCTATCCTGA-1,0.752015,0.075837,0.172148
ACGATCATACATAGAG-1,0.452324,0.050256,0.49742
ACGATCATCTTGTAAA-1,0.037721,0.070805,0.891474
ACGATGCATATGTTAT-1,0.944861,0.009432,0.045707
ACGATGGATCCGATGC-1,0.005881,0.006982,0.987136
ACGCAAACTAATAGAT-1,0.003152,0.349998,0.64685
ACGCAATCACTACAGC-1,0.010367,0.001175,0.988458
ACGCATACGTTTACTA-1,0.000297,0.015623,0.984079
ACGCATTCGTGAGTAC-1,0.868453,0.000106,0.131441
ACGCCACTCGAAACAG-1,0.695819,0.000037,0.304143
ACGCCAGATGATTTCT-1,0.018595,0.176659,0.804746
ACGCCAGTGCGTTTGC-1,0.155564,0.041623,0.802813
ACGCCGCTAGACGACC-1,0.646783,0.048059,0.305158
ACGCGAAGTCAGACGA-1,0.000023,0.243593,0.756384
ACGCGCTACACAGGGT-1,0.097703,0.794223,0.108074
ACGCGGGCCAAGGACA-1,0.75695,0.000099,0.242951
ACGCGTTTCTTAAGAG-1,0.968577,0.030723,0.000699
ACGCTAGTGATACACT-1,0.011018,0.001877,0.987105
ACGCTGTGAGGCGTAG-1,0.204836,0.751284,0.04388
ACGGAACACGAGTGCC-1,0.570755,0.000051,0.429193
ACGGAATTTAGCAAAT-1,0.956909,0.042552,0.000539
ACGGACGCAGCGACAA-1,0.719091,0.000124,0.280785
ACGGACTCTCAAAGCG-1,0.000011,0.12015,0.87984
ACGGAGCGCAAATTAC-1,0.000053,0.021195,0.978752
ACGGATGGTGCGGATA-1,0.020557,0.148184,0.831259
ACGGCACTTGCTTGGG-1,0.000057,0.243367,0.756577
ACGGCCAACATGGACT-1,0.051478,0.173737,0.774785
ACGGCGACGATGGGAA-1,0.026154,0.276332,0.697514
ACGGCTGGATGTAGAA-1,0.047062,0.875858,0.07708
ACGGGAGTGTCGGCCC-1,0.000048,0.941629,0.058323
ACGGGCGTATGCGACA-1,0.000036,0.017314,0.98265
ACGGGTCATGTGACTT-1,0.99954,0.000102,0.000358
ACGGGTTGTGACCTGT-1,0.465676,0.281473,0.252851
ACGGTACAGTTCAATG-1,0.047457,0.256339,0.696204
ACGGTCACCGAGAACA-1,0.924027,0.011112,0.064861
ACGTACAGATTTCTCT-1,0.000037,0.151877,0.848086
ACGTACTTTGGCACGG-1,0.780851,0.080204,0.138945
ACGTAGATTGCTGATG-1,0.675091,0.1174,0.207509
ACGTAGGAGAGTCGCT-1,0.071459,0.047821,0.88072
ACGTATTACTCCGATC-1,0.114679,0.086015,0.799306
ACGTCTCGTTCCGGGA-1,0.210593,0.75117,0.038237
ACGTGACAAAGTAAGT-1,0.328223,0.434279,0.237498
ACGTGCGCCTCGTGCA-1,0.019809,0.102227,0.877964
ACGTTAATGTCGAAGA-1,0.860253,0.000055,0.139692
ACGTTAGATTTGCCCG-1,0.167541,0.378628,0.45383
ACGTTATTGGTCACTC-1,0.887775,0.111531,0.000695
ACGTTCACTATGCCGC-1,0.733922,0.08182,0.184258
ACGTTCGCAATCAATT-1,0.027765,0.000098,0.972136
ACGTTCGTTCAGGAAA-1,0.05459,0.373128,0.572281
ACGTTCTGTACAAGTC-1,0.001927,0.133866,0.864208
ACGTTGTCGTTGAAAG-1,0.885034,0.001075,0.113891
ACGTTTAGTTGTGATC-1,0.090854,0.206051,0.703095
ACTAATACGTCAGGCG-1,0.025751,0.036533,0.937717
ACTACAAAGAGAGGTG-1,0.513571,0.091548,0.39488
ACTACATCCCGACAAG-1,0.006208,0.537861,0.455932
ACTACCAGCTCTCTGG-1,0.683399,0.137832,0.178769
ACTACCATCCGAGGGC-1,0.59704,0.100484,0.302476
ACTACGCGTTAGAATT-1,0.000016,0.323668,0.676316
ACTAGTTGCGATCGTC-1,0.000034,0.000034,0.999932
ACTATATGCTGTGTTC-1,0.000035,0.032409,0.967556
ACTATCCAGGGCATGG-1,0.074858,0.022234,0.902909
ACTATCGCCGGCTAAA-1,0.800743,0.190482,0.008774
ACTATCTGCCCGCGTA-1,0.016257,0.044994,0.938749
ACTATGTCCAGCTGCC-1,0.373067,0.472524,0.154408
ACTATTCGTCCGTGGT-1,0.000042,0.049385,0.950574
ACTATTTCCGGGCCCA-1,0.00004,0.516221,0.483739
ACTCAAGTGCAAGGCT-1,0.052579,0.121197,0.826224
ACTCAATAAAGGCACG-1,0.197879,0.342341,0.45978
ACTCAGACCTGCTTCT-1,0.085544,0.247989,0.666467
ACTCATGGCAGCCTTC-1,0.709731,0.11261,0.177659
ACTCCAATATCATCAT-1,0.210879,0.249436,0.539685
ACTCCCATTCCTAAAG-1,0.133462,0.772551,0.093987
ACTCCCGAATTCGTTT-1,0.036157,0.005178,0.958664
ACTCCCGTAGACTAGG-1,0.000062,0.048677,0.951261
ACTCCCTAATGCTAAA-1,0.091069,0.256089,0.652842
ACTCCCTAGAATAGTA-1,0.062861,0.150334,0.786805
ACTCCGGCCGACCACT-1,0.041793,0.167073,0.791133
ACTCGATGTATTTCAT-1,0.853436,0.111074,0.03549
ACTCGCCGTTCGATAA-1,0.000044,0.162702,0.837254
ACTCGCGATCTGACGC-1,0.029295,0.178425,0.792279
ACTCGTAACCCGTCCT-1,0.043511,0.846743,0.109746
ACTCGTCAGTAATCCC-1,0.277495,0.000067,0.722438
ACTCTAAACCTGGGAT-1,0.99967,0.000073,0.000256
ACTCTCTGACTTAGGT-1,0.543138,0.08493,0.371932
ACTCTCTTATACACGA-1,0.000033,0.028494,0.971473
ACTCTGACCTAATAGA-1,0.000513,0.136129,0.863358
ACTCTTCAGCTCCCGC-1,0.055522,0.175054,0.769424
ACTCTTGTATAGTAAC-1,0.765425,0.00011,0.234466
ACTGAAACGCCGTTAG-1,0.030497,0.045963,0.92354
ACTGAATGGCGAAAGT-1,0.04924,0.086996,0.863764
ACTGCCCGCCATTCTC-1,0.772521,0.034771,0.192707
ACTGCCGTCGTAACTC-1,0.085385,0.121405,0.79321
ACTGCGGACACACCGT-1,0.037727,0.042929,0.919344
ACTGCTCGGAAGGATG-1,0.00005,0.985356,0.014594
ACTGGGATGCCAGTGC-1,0.999806,0.000043,0.000151
ACTGTACGATACACAT-1,0.592433,0.000095,0.407472
ACTGTAGCACTTTGGA-1,0.999708,0.000065,0.000227
ACTGTATACGCGAGCA-1,0.400581,0.214926,0.384493
ACTGTCCAGGATTATA-1,0.72558,0.009092,0.265329
ACTGTGCTAGTAGATC-1,0.558405,0.079619,0.361976
ACTTACCGGGCGCGCA-1,0.014502,0.014128,0.971371
ACTTACGCATCCACGC-1,0.031817,0.190828,0.777355
ACTTAGTACGACAAGA-1,0.484758,0.107766,0.407476
ACTTATACTTACCCGG-1,0.241616,0.000118,0.758265
ACTTATTAGGATCGGT-1,0.539747,0.141023,0.31923
ACTTATTTATGTGCCA-1,0.134831,0.023978,0.841192
ACTTCAGGCTGATCCC-1,0.013087,0.119124,0.867789
ACTTCCATGCGGGACA-1,0.008946,0.233948,0.757106
ACTTCCTGTCGTGCGA-1,0.018172,0.000047,0.981782
ACTTCGCCATACGCAC-1,0.412644,0.038263,0.549093
ACTTCGCTAGCGAGTG-1,0.008449,0.009504,0.982047
ACTTGACTCCCTCTTT-1,0.3217,0.061987,0.616313
ACTTGGGACCCGGTGG-1,0.946542,0.045564,0.007894
ACTTGGGCTTTCGCCA-1,0.611795,0.000088,0.388118
ACTTGTAGTCCCTTCA-1,0.206591,0.788745,0.004664
ACTTGTGGATGGAACG-1,0.024764,0.020847,0.954389
ACTTGTTACCGGATCA-1,0.537621,0.032306,0.430073
ACTTTACCCTCATGAA-1,0.026433,0.002757,0.97081
ACTTTATACACCACTT-1,0.999163,0.000186,0.000651
ACTTTCCTATAGCTTC-1,0.370634,0.016549,0.612816
ACTTTGACTGCATCCT-1,0.365282,0.627556,0.007162
ACTTTGGTCGTGCTCC-1,0.122542,0.39086,0.486598
ACTTTGTCGACGCACT-1,0.110557,0.22671,0.662733
AGAAATTATGACTCGC-1,0.069454,0.250141,0.680405
AGAACACGGCGATGGT-1,0.999576,0.000094,0.00033
AGAACCCAGCGTGACA-1,0.035571,0.212756,0.751673
AGAACCCTCAATTGGG-1,0.034846,0.511328,0.453826
AGAACGTGGTACATTC-1,0.21074,0.133599,0.655661
AGAACTGTACTTTGTA-1,0.613158,0.000106,0.386737
AGAAGAGCGCCGTTCC-1,0.137401,0.000842,0.861757
AGAAGGTACACTTCAC-1,0.108149,0.774654,0.117197
AGAAGGTTGCCGAATT-1,0.123092,0.451895,0.425013
AGAAGGTTGTAGGTCG-1,0.002873,0.142762,0.854365
AGAAGTGATTCGTGAT-1,0.059339,0.679664,0.260997
AGAATAAATCTTCAGG-1,0.802395,0.054276,0.143329
AGAATACAGGCTATCC-1,0.852141,0.00006,0.147799
AGAATGCGGGTTCGGA-1,0.000027,0.004848,0.995125
AGAATTATGGATTCGA-1,0.041271,0.002402,0.956327
AGAATTGTTTGACATA-1,0.755412,0.208677,0.035911
AGACAGCTCAGAATCC-1,0.999587,0.000092,0.000321
AGACAGGCATCTCAGC-1,0.000065,0.198893,0.801042
AGACCAAACCACACCT-1,0.088593,0.845742,0.065665
AGACCATGGGATACAA-1,0.844369,0.050087,0.105544
AGACCCACCGCTGATC-1,0.079083,0.174376,0.746541
AGACCCGCCCTCCTCG-1,0.584478,0.026528,0.388994
AGACCGCTCCGCGGTT-1,0.149466,0.036005,0.814529
AGACCGGGAAACCCTG-1,0.206721,0.78077,0.012509
AGACGAAGTGCCGGTC-1,0.014919,0.000025,0.985057
AGACGACGATGCCGCT-1,0.01273,0.57936,0.40791
AGACGGGCCGATTTAA-1,0.001292,0.079978,0.91873
AGACTAGCCTTCCAGA-1,0.832711,0.108706,0.058582
AGACTGTTACCGGGTC-1,0.070812,0.230536,0.698652
AGAGAAACACCAGAAA-1,0.662723,0.094416,0.242861
AGAGAACCGTCTAGGA-1,0.05179,0.002741,0.94547
AGAGAAGGAGTACAAT-1,0.000042,0.534143,0.465815
AGAGATCTCTAAAGCG-1,0.195417,0.507729,0.296853
AGAGCAGTTATGAGAC-1,0.999609,0.000087,0.000304
AGAGCCGCCGAGATTT-1,0.034236,0.276033,0.689732
AGAGCGCTTGTAACGG-1,0.000047,0.17589,0.824063
AGAGCGGGCTAATCAT-1,0.117564,0.05299,0.829445
AGAGCGTACAAGCTCG-1,0.699458,0.202126,0.098416
AGAGCTACGAAAGCAT-1,0.677861,0.083639,0.2385
AGAGGCTTCGGAAACC-1,0.063966,0.013623,0.922411
AGAGTAAACTTCACTA-1,0.022503,0.026534,0.950963
AGAGTATAGTGTTACG-1,0.000046,0.054145,0.945809
AGAGTGAACAGACACC-1,0.025758,0.013559,0.960683
AGAGTTAGAGACCGAT-1,0.000032,0.014395,0.985573
AGATAACTTCAGGGCC-1,0.911046,0.044189,0.044765
AGATAATCACACCTAT-1,0.874056,0.000236,0.125708
AGATACCAATAGAACC-1,0.021951,0.124539,0.853511
AGATACCAGCACTTCA-1,0.000033,0.002754,0.997213
AGATACCGGTGTTCAC-1,0.162338,0.671389,0.166273
AGATACGACTTCATAT-1,0.638578,0.131082,0.230341
AGATACTCAAGATCGA-1,0.186407,0.033227,0.780366
AGATATAATACGACTA-1,0.025333,0.140524,0.834143
AGATCGTGCATAAGAT-1,0.010318,0.002959,0.986723
AGATCTCAGGTGTGAT-1,0.528501,0.004665,0.466835
AGATCTGGAGAGGATA-1,0.999206,0.000176,0.000617
AGATGACTCGCCCACG-1,0.765468,0.14047,0.094062
AGATGAGGGTTGCGAT-1,0.000033,0.037523,0.962445
AGATGATGGAGTCTGG-1,0.009941,0.004039,0.986019
AGATGCAAGACGTGCA-1,0.111418,0.736882,0.1517
AGATGCATCCTGTGTC-1,0.094496,0.903944,0.00156
AGATGCTATAACGAGC-1,0.719028,0.163994,0.116978
AGATTATAGGACGTTT-1,0.668233,0.000151,0.331617
AGATTCAAGCGGGTCG-1,0.001848,0.000032,0.998119
AGATTCACAACCGATA-1,0.129965,0.781473,0.088562
AGCAAAGGCCGCTAGT-1,0.048585,0.359613,0.591801
AGCAACATATCTTATT-1,0.112515,0.051748,0.835737
AGCAACCGAAAGTAAT-1,0.190517,0.775002,0.034481
AGCACACGTTTAGACT-1,0.684565,0.103566,0.21187
AGCACCAGTACTCACG-1,0.954843,0.00011,0.045048
AGCACTACCGGCCTGT-1,0.841713,0.094236,0.064052
AGCACTACCTCACCAG-1,0.03819,0.081132,0.880678
AGCACTTAAGGACGCC-1,0.739448,0.115002,0.14555
AGCAGAAGGAGAAAGA-1,0.000011,0.237122,0.762867
AGCAGCCAGATGAATA-1,0.025588,0.287577,0.686835
AGCAGTCGAAGCATGC-1,0.206365,0.075607,0.718029
AGCATATCAATATGCT-1,0.000035,0.008175,0.991789
AGCATCATTTCGAAAG-1,0.25237,0.747331,0.000298
AGCATCGTCGATAATT-1,0.763139,0.000085,0.236776
AGCATTACGAGGCAAG-1,0.000732,0.150854,0.848414
AGCCAAGCTTTGTGTC-1,0.000047,0.431164,0.568789
AGCCACAGGTTACCCG-1,0.020907,0.150939,0.828154
AGCCACTCCCGTGCTT-1,0.069675,0.115005,0.81532
AGCCATATAGTATGTG-1,0.123073,0.265537,0.61139
AGCCCATACATGTAAG-1,0.069425,0.913645,0.01693
AGCCCGCAACAAGCAG-1,0.119181,0.092465,0.788354
AGCCCGCACTACAATG-1,0.17659,0.14707,0.67634
AGCCCGGTAGCCTGTA-1,0.011614,0.313322,0.675064
AGCCCTAAGCGAAGTT-1,0.021554,0.064382,0.914064
AGCCCTCCCTGGTGGC-1,0.6627,0.120631,0.216669
AGCCCTGTCGCACCGT-1,0.042676,0.04676,0.910565
AGCCCTTCTAATCCGA-1,0.000055,0.064709,0.935237
AGCCCTTGGACATCCC-1,0.000063,0.221285,0.778652
AGCCGCAAATTCAAAT-1,0.85979,0.064651,0.075559
AGCCGCTTGATTAGCG-1,0.686475,0.159377,0.154149
AGCCGTGGCTAAATGT-1,0.046439,0.744588,0.208973
AGCCTAATACCCACGT-1,0.00006,0.999728,0.000212
AGCCTTAAAGCGGAAG-1,0.983402,0.000129,0.016469
AGCGACAGGAACGGTC-1,0.000017,0.576675,0.423308
AGCGACATCCCATTCA-1,0.159162,0.225374,0.615464
AGCGACCAACGATATT-1,0.708157,0.056301,0.235543
AGCGAGACGTGAAGGC-1,0.911353,0.08272,0.005927
AGCGATGCGCCTAATA-1,0.006617,0.239778,0.753605
AGCGCATAATGAATCG-1,0.017987,0.430217,0.551797
AGCGCGGGTGCCAATG-1,0.029449,0.020175,0.950376
AGCGCTAGAGCGATGT-1,0.01691,0.00875,0.97434
AGCGCTTATGGGCAAG-1,0.00436,0.001507,0.994133
AGCGGACACTTCGTAG-1,0.03467,0.245139,0.720191
AGCGGCGGTTAGCGGT-1,0.025423,0.956227,0.01835
AGCGGGAAGGGTCCAT-1,0.546181,0.214279,0.23954
AGCGGGTCTGACACTC-1,0.000029,0.234199,0.765772
AGCGGTTGCCGCTCTG-1,0.000048,0.000048,0.999904
AGCGTGGTATTCTACT-1,0.184339,0.094736,0.720925
AGCTAACAAGCAATGT-1,0.059243,0.359295,0.581462
AGCTAAGCTCCGTCCG-1,0.989738,0.000069,0.010193
AGCTAAGTACGCAGGC-1,0.034628,0.120887,0.844484
AGCTACGAATGGTGGT-1,0.616929,0.00019,0.382881
AGCTAGAAGCAGAAGT-1,0.000027,0.00013,0.999842
AGCTATTTAATCCAAC-1,0.07815,0.129356,0.792494
AGCTCCATATATGTTC-1,0.010789,0.110548,0.878663
AGCTCCTTCGCACATC-1,0.042742,0.106651,0.850607
AGCTCGTTGATGGAAA-1,0.000039,0.036532,0.96343
AGCTCTAGACGTTCCA-1,0.416613,0.00763,0.575757
AGCTCTTCCCAGTGCA-1,0.019143,0.060578,0.92028
AGCTCTTCGTAACCTT-1,0.080606,0.006754,0.91264
AGCTCTTTACTCAGTT-1,0.238308,0.480596,0.281096
AGCTGAAGTAAACCAA-1,0.001948,0.093125,0.904927
AGCTGTAACCTCAATC-1,0.07112,0.652495,0.276385
AGCTTCTTCTCGAGCA-1,0.000024,0.014169,0.985808
AGCTTGATCAGGGTAG-1,0.919437,0.000107,0.080456
AGCTTGATCTTAACTT-1,0.187625,0.656146,0.15623
AGGAAGCTGTCCGCCG-1,0.000021,0.405078,0.594901
AGGACAGTCGAATCCC-1,0.286743,0.002095,0.711162
AGGACATCGCACGTCG-1,0.563104,0.258206,0.178691
AGGACGACCCATTAGA-1,0.070338,0.532755,0.396907
AGGACGCTCGATGTTG-1,0.000028,0.032221,0.967751
AGGACTTATAGGAGAA-1,0.99958,0.000093,0.000327
AGGAGACATCCACAGT-1,0.000024,0.000829,0.999148
AGGAGAGTCTGGCTAC-1,0.000042,0.089965,0.909993
AGGAGGCCTTCGCGCG-1,0.024235,0.020247,0.955518
AGGATAAAGTCGGGAT-1,0.072513,0.141974,0.785513
AGGATATAGGGATTTA-1,0.076489,0.008858,0.914652
AGGATATCCGACTGCA-1,0.073247,0.281534,0.645219
AGGATCACGCGATCTG-1,0.012092,0.980388,0.00752
AGGATTGCTTACGACA-1,0.03076,0.137153,0.832087
AGGCACGTGACTGTCC-1,0.006006,0.245754,0.74824
AGGCAGATGCGTAAAC-1,0.011954,0.158778,0.829268
AGGCAGGGAGCGTACT-1,0.000033,0.423745,0.576222
AGGCATTGTCGTAGGG-1,0.000034,0.040684,0.959282
AGGCCACATTGGTTAC-1,0.000038,0.222534,0.777429
AGGCCACCCGTTATGA-1,0.999735,0.000059,0.000206
AGGCCCATTGTACAGG-1,0.183637,0.137468,0.678895
AGGCCCTAGAACGCCA-1,0.070364,0.850227,0.07941
AGGCCTATCATACCAA-1,0.273858,0.136559,0.589583
AGGCCTGAGAATCTCG-1,0.000021,0.060995,0.938984
AGGCGGTTTGTCCCGC-1,0.000025,0.711568,0.288407
AGGCGTCTATGGACGG-1,0.000037,0.017218,0.982746
AGGCTATGGTTAGCTT-1,0.930683,0.068949,0.000369
AGGCTTAAGTTGCACA-1,0.645126,0.000049,0.354825
AGGCTTCCCGAAGAAG-1,0.011479,0.508634,0.479887
AGGCTTGCTAGACACC-1,0.807721,0.012001,0.180278
AGGGAAACGAGGTACT-1,0.000033,0.034433,0.965534
AGGGACCGGCTGCGTT-1,0.009714,0.012196,0.978089
AGGGACTCTACGCGAC-1,0.003736,0.137157,0.859107
AGGGAGACATACTTCG-1,0.034263,0.040121,0.925616
AGGGCAGCGGCGTGGT-1,0.000051,0.09673,0.903219
AGGGCGAGCAGCTGAT-1,0.090335,0.837057,0.072608
AGGGCGTGATCGGCTA-1,0.548182,0.159591,0.292226
AGGGCTGCAGTTACAG-1,0.641783,0.020792,0.337425
AGGGTCAGAGCACTCG-1,0.202361,0.151044,0.646595
AGGGTCAGTAACCCTA-1,0.000041,0.003345,0.996614
AGGGTCGATGCGAACT-1,0.102903,0.008923,0.888174
AGGGTGCCGTTCTTTA-1,0.143503,0.35176,0.504736
AGGGTGCTCTCGAGGG-1,0.177025,0.092241,0.730734
AGGGTGGATAGTGCAT-1,0.999729,0.00006,0.00021
AGGGTGTGCTACACGC-1,0.00008,0.00008,0.99984
AGGGTTCAGACGGTCC-1,0.219743,0.262868,0.517389
AGGGTTCCCTTTGGTT-1,0.151918,0.09277,0.755311
AGGGTTTAGTTCGGGA-1,0.999641,0.00008,0.000279
AGGTAACCTCCTATTC-1,0.771213,0.101286,0.127501
AGGTACGATATTGCCA-1,0.000035,0.062017,0.937948
AGGTAGATCGAGATAT-1,0.107664,0.259743,0.632592
AGGTAGGTACAAAGCT-1,0.885117,0.106309,0.008574
AGGTATAATTGATAGT-1,0.041086,0.00004,0.958874
AGGTATGCGGACATTA-1,0.000056,0.102356,0.897588
AGGTCAGGTGAGAGTG-1,0.095994,0.903816,0.00019
AGGTCGCGGAGTTACT-1,0.010018,0.025736,0.964247
AGGTGCACGTCCACAT-1,0.008728,0.217641,0.773631
AGGTGGTGACCTTCGC-1,0.002476,0.394312,0.603212
AGGTGTATCGCCATGA-1,0.995234,0.004563,0.000203
AGGTTACACCATGCCG-1,0.050146,0.00252,0.947334
AGGTTCTCCTTTCCGG-1,0.877218,0.012694,0.110088
AGGTTGAGGCACGCTT-1,0.137233,0.106504,0.756262
AGGTTTCACACACCTT-1,0.465116,0.000112,0.534772
AGTAACTATAGCAGCC-1,0.045349,0.158508,0.796143
AGTAAGGGACAGAATC-1,0.559692,0.000161,0.440147
AGTAATCTAAGGGTGG-1,0.476296,0.000042,0.523662
AGTAATGTCTTGCCGC-1,0.105979,0.333657,0.560364
AGTAATTTGCAAGCGT-1,0.996206,0.000055,0.003739
AGTACAGAAGCTTATA-1,0.166939,0.24361,0.589451
AGTACATCATTTATCA-1,0.027492,0.006483,0.966025
AGTACCTTCGAGTGCT-1,0.000066,0.009126,0.990808
AGTACGGCCCGTATCG-1,0.645797,0.264355,0.089848
AGTACGGGCACCTGGC-1,0.201184,0.00658,0.792236
AGTACGTGGCCTGTCT-1,0.00136,0.039506,0.959134
AGTACTCTTATGCCCA-1,0.019942,0.014378,0.96568
AGTAGAAGGCGCCTCA-1,0.088735,0.244189,0.667076
AGTAGCTAGACGCCGA-1,0.000037,0.01242,0.987543
AGTAGGAAGGAAGTTG-1,0.00314,0.029957,0.966903
AGTAGGTAACATACAT-1,0.092365,0.311468,0.596167
AGTATAATACTAGGCA-1,0.894277,0.100808,0.004915
AGTATACACAGCGACA-1,0.000019,0.337484,0.662497
AGTATGCTGGAGACCA-1,0.118343,0.617658,0.263999
AGTATTTGGCACGACC-1,0.045249,0.231914,0.722837
AGTCAAATGATGTGAT-1,0.425116,0.276248,0.298636
AGTCAACACCACCATC-1,0.44356,0.22481,0.331631
AGTCAAGATGACACTT-1,0.016566,0.057976,0.925458
AGTCACTAGCTCTCGA-1,0.019024,0.019985,0.960991
AGTCAGCCACCGCCTG-1,0.815018,0.016109,0.168874
AGTCCATTGGCTGATG-1,0.046124,0.000052,0.953824
AGTCCCGCCTTTAATT-1,0.000034,0.000034,0.999932
AGTCCCTCGCAGAAAG-1,0.000045,0.023899,0.976056
AGTCGACGGTCTCAAG-1,0.282906,0.001524,0.715571
AGTCGGCCCAAACGAC-1,0.896017,0.019417,0.084566
AGTCGGCTCAACTTTA-1,0.047313,0.864255,0.088433
AGTCGGTTGCGTGAGA-1,0.042494,0.011692,0.945814
AGTCGTATAAAGCAGA-1,0.012338,0.243453,0.744209
AGTCGTCGACCACCAA-1,0.021743,0.025362,0.952896
AGTCGTGGGCATTACG-1,0.089534,0.597633,0.312833
AGTCTAAAGTATACTC-1,0.010671,0.018382,0.970946
AGTCTCACAAGACTAC-1,0.035253,0.501095,0.463652
AGTCTGGACATCCTTG-1,0.86896,0.103435,0.027605
AGTCTTCTCCTCAAAT-1,0.354695,0.052486,0.592819
AGTCTTTAAAGTGTCC-1,0.032365,0.183515,0.78412
AGTGAACAAACTTCTC-1,0.00407,0.009929,0.986001
AGTGAAGATGGTGTCC-1,0.000066,0.064376,0.935558
AGTGACCTACTTTACG-1,0.153161,0.384252,0.462587
AGTGACTGTGACACAA-1,0.818503,0.000037,0.18146
AGTGAGACTTCCAGTA-1,0.315852,0.001517,0.682631
AGTGAGCCTCGCCGCC-1,0.008667,0.002584,0.98875
AGTGAGGGTTTCTGAC-1,0.00005,0.041473,0.958476
AGTGAGTCGAATTAAC-1,0.000028,0.120075,0.879898
AGTGATAACCTGCGCG-1,0.040951,0.025447,0.933602
AGTGATATGAGTAGTT-1,0.062956,0.300833,0.636211
AGTGATTCAAGCAGGA-1,0.210476,0.07052,0.719004
AGTGCACGCTTAAGAA-1,0.000024,0.046247,0.953729
AGTGCGTAGCTCGTAA-1,0.03954,0.429459,0.531001
AGTGCTAAACACAGCA-1,0.030948,0.073778,0.895274
AGTGCTTGCACGAATA-1,0.100347,0.008834,0.890819
AGTGGCCCGCAAATGG-1,0.202354,0.076566,0.72108
AGTGGCGGCAATTTGA-1,0.009954,0.005372,0.984674
AGTGGCGTCTGAAGGT-1,0.018548,0.141515,0.839937
AGTGGCTCCGTCGGCC-1,0.258917,0.657687,0.083395
AGTGGTGTTACCCGTG-1,0.068532,0.931129,0.000339
AGTGGTTGCGTATAGG-1,0.986382,0.013381,0.000237
AGTGTATTGCGCATTG-1,0.014963,0.011088,0.973949
AGTGTGCTAAGATCGC-1,0.816963,0.178112,0.004925
AGTGTGGTCTATTGTG-1,0.999573,0.000095,0.000332
AGTTAAACACTTGCGA-1,0.256373,0.335184,0.408443
AGTTAAGCGGTCCCGG-1,0.00659,0.015946,0.977465
AGTTAAGTCAACCGCT-1,0.034163,0.713238,0.252599
AGTTACCCTTAAGACT-1,0.875169,0.105499,0.019332
AGTTACCGCACATGGT-1,0.99951,0.000109,0.000381
AGTTACTCTATCGTGG-1,0.010161,0.015703,0.974136
AGTTATTCAGACTGTG-1,0.699525,0.000437,0.300038
AGTTCACCGGTTGGAC-1,0.999096,0.000201,0.000703
AGTTCCTACAGAATTA-1,0.719875,0.10607,0.174055
AGTTCCTATTTATGTT-1,0.318652,0.142579,0.538768
AGTTCTGCGTTGTATC-1,0.852739,0.117639,0.029622
AGTTGACATCGGCTGG-1,0.448423,0.203495,0.348082
AGTTGACGGTCCTTGC-1,0.036016,0.234017,0.729967
AGTTGCGGTCCTCAAC-1,0.891652,0.0683,0.040048
AGTTGCTGACTGATAT-1,0.86544,0.133612,0.000948
AGTTGGCAAGGCTAGA-1,0.000044,0.23306,0.766896
AGTTTATGTAAAGACA-1,0.000038,0.003441,0.996522
AGTTTCGCAGGTCGGA-1,0.000034,0.183811,0.816155
AGTTTGCACCTGCCTC-1,0.010811,0.230633,0.758556
AGTTTGGCACGGGTTG-1,0.133408,0.001733,0.864858
AGTTTGGCCAGACCTA-1,0.000019,0.658751,0.34123
ATAAACGGACCCGTAA-1,0.082333,0.222243,0.695424
ATAAACGTTGCACCAC-1,0.013578,0.05073,0.935692
ATAAAGGCTCGGTCGT-1,0.740192,0.000385,0.259423
ATAAAGGTCAAGTACG-1,0.031796,0.046469,0.921734
ATAAATATTAGCAGCT-1,0.447185,0.235495,0.31732
ATAACGCCGGAGGGTC-1,0.41191,0.00008,0.58801
ATAACGGAGTCCAACG-1,0.246826,0.218429,0.534745
ATAACGTTACCTCCAC-1,0.000057,0.285615,0.714328
ATAAGCAAACACCGAG-1,0.00004,0.00004,0.999919
ATAAGGTGGAGAACAT-1,0.014602,0.121218,0.86418
ATAAGTACCCGATTGT-1,0.000062,0.041511,0.958426
ATAAGTAGGATTCAGA-1,0.011184,0.000039,0.988777
ATAAGTAGGGCGACTC-1,0.005526,0.003492,0.990982
ATAAGTTACCGCGACG-1,0.118787,0.08503,0.796183
ATAATACCGTTAGCCG-1,0.945459,0.000127,0.054414
ATAATAGCTGTTGAAT-1,0.081725,0.101774,0.816501
ATAATAGTGTAGGGAC-1,0.779913,0.091838,0.128249
ATAATCTTGGAGAACC-1,0.011831,0.169219,0.81895
ATAATTAGCTAAGTAG-1,0.011774,0.146574,0.841652
ATACAGGCCCTCCAAT-1,0.05976,0.142187,0.798053
ATACCACGGGCAACTT-1,0.740536,0.173414,0.08605
ATACCAGGCTAATAGA-1,0.044602,0.133601,0.821798
ATACCCTCCCGGCCAA-1,0.939397,0.000152,0.060451
ATACCGTCATCCATAA-1,0.000041,0.002999,0.996959
ATACCTAACCAAGAAA-1,0.004391,0.27981,0.715799
ATACGAAGGCTTTCCA-1,0.006038,0.02063,0.973333
ATACGACAGATGGGTA-1,0.004694,0.014942,0.980365
ATACGAGGTTTGTAAG-1,0.755958,0.05234,0.191702
ATACGCCGGCGAAACC-1,0.564972,0.043658,0.391369
ATACGGAACGTCGTTT-1,0.277844,0.721927,0.000229
ATACGGGTTTCGATTG-1,0.141413,0.072162,0.786425
ATACGGTGAAGATGCA-1,0.923738,0.024695,0.051567
ATACGTACTTAGCCAC-1,0.027995,0.106885,0.86512
ATACGTCCACTCCTGT-1,0.049773,0.011578,0.938649
ATACGTTATGCACGGA-1,0.047945,0.248475,0.703581
ATACTACCCGTACCAC-1,0.041841,0.049989,0.90817
ATACTAGCATGACCCT-1,0.32758,0.089413,0.583007
ATACTGCCTTACACCG-1,0.00286,0.200379,0.796761
ATACTTGTTCTCGAGC-1,0.923581,0.075852,0.000567
ATAGACAACGGGACCT-1,0.042934,0.007954,0.949113
ATAGACGAAGAGAAAG-1,0.68974,0.178854,0.131406
ATAGAGTACTGGGACA-1,0.775218,0.142647,0.082135
ATAGAGTTATCAACTT-1,0.000024,0.026437,0.973539
ATAGCAACTAGGGAAG-1,0.003108,0.249327,0.747564
ATAGCCTCAGTACCCA-1,0.967262,0.032064,0.000675
ATAGCTGCTCTTGTTA-1,0.999179,0.000182,0.000638
ATAGGAATCTAAGCTT-1,0.01134,0.027439,0.961222
ATAGGCGGCTATAGAA-1,0.063081,0.739773,0.197146
ATAGGCTAGCTTCGCA-1,0.00227,0.000509,0.997221
ATAGGGATATCCTTGA-1,0.066755,0.061291,0.871954
ATAGTCTTTGACGTGC-1,0.005196,0.183095,0.811709
ATAGTGAAGCGTTCTC-1,0.394366,0.197746,0.407888
ATAGTTCCACCCACTC-1,0.177009,0.00409,0.818901
ATATAAAGCGCTCGTG-1,0.005361,0.179404,0.815234
ATATAAATGTAGCTGC-1,0.059759,0.055564,0.884677
ATATAACACGGGCGCA-1,0.005584,0.097608,0.896809
ATATACGCTCGTGACG-1,0.033032,0.340194,0.626774
ATATAGAGTATTGGTC-1,0.050909,0.614023,0.335068
ATATCAACCTACAGAG-1,0.065569,0.004527,0.929904
