Barcode,Topic 1to2,Topic 3to4,Topic 5,Topic 6to8,Topic 9to10
AAACAACGAATAGTTC-1,0.77678,0.14559,0.062747,0.000142,0.01474
AAACAAGTATCTCCCA-1,0.000017,0.005288,0.030269,0.747952,0.216474
AAACAATCTACTAGCA-1,0.196061,0.413096,0.239206,0.093606,0.058031
AAACACCAATAACTGC-1,0.036052,0.005609,0.573685,0.346289,0.038365
AAACAGAGCGACTCCT-1,0.162779,0.435964,0.039475,0.09151,0.270272
AAACAGCTTTCAGAAG-1,0.757309,0.211499,0.02223,0.000098,0.008863
AAACAGGGTCTATATT-1,0.021958,0.000038,0.665281,0.277791,0.034933
AAACAGTGTTCCTGGG-1,0.270939,0.093089,0.393458,0.111217,0.131297
AAACATTTCCCGGATT-1,0.000048,0.017671,0.000024,0.214462,0.767795
AAACCACTACACAGAT-1,0.001167,0.002271,0.399799,0.56614,0.030624
AAACCCGAACGAAATC-1,0.002507,0.085857,0.033488,0.713943,0.164205
AAACCGGAAATGTTAA-1,0.010058,0.039378,0.204262,0.545466,0.200835
AAACCGGGTAGGTACC-1,0.004599,0.113614,0.382008,0.277764,0.222015
AAACCGTTCGTCCAGG-1,0.050832,0.074238,0.379407,0.020814,0.474709
AAACCTAAGCAGCCGG-1,0.715823,0.059331,0.147319,0.040141,0.037386
AAACCTCATGAAGTTG-1,0.415588,0.459308,0.124796,0.000185,0.000123
AAACGAAGAACATACC-1,0.049949,0.372729,0.10494,0.378031,0.094353
AAACGACAGTCTTGCC-1,0.011122,0.00029,0.416675,0.475879,0.096033
AAACGAGACGGTTGAT-1,0.000049,0.158051,0.007835,0.397164,0.4369
AAACGCCCGAGATCGG-1,0.001688,0.079937,0.015877,0.603965,0.298534
AAACGCTGGGCACGAC-1,0.115184,0.000186,0.434157,0.102045,0.348428
AAACGGGCGTACGGGT-1,0.766519,0.002979,0.090716,0.012204,0.127581
AAACGGGTTGGTATCC-1,0.823327,0.011883,0.031867,0.118553,0.01437
AAACGGTTGCGAACTG-1,0.737465,0.067143,0.026257,0.080569,0.088565
AAACGTGTTCGCCCTA-1,0.01596,0.143875,0.125528,0.282349,0.432289
AAACTAACGTGGCGAC-1,0.027708,0.157151,0.244883,0.291965,0.278293
AAACTCGGTTCGCAAT-1,0.834174,0.040039,0.065144,0.029581,0.031062
AAACTCGTGATATAAG-1,0.055461,0.212231,0.020494,0.352704,0.359111
AAACTGCTGGCTCCAA-1,0.000032,0.013944,0.010156,0.778033,0.197835
AAACTTGCAAACGTAT-1,0.071087,0.209393,0.418114,0.08358,0.217827
AAAGAATGTGGACTAA-1,0.863852,0.086559,0.022323,0.015699,0.011566
AAAGACATGAAGTTTA-1,0.001228,0.099862,0.079734,0.538433,0.280744
AAAGACCCAAGTCGCG-1,0.495105,0.487103,0.00005,0.000149,0.017593
AAAGACTGGGCGCTTT-1,0.841114,0.157412,0.000076,0.000229,0.001169
AAAGCTTGCCTACATA-1,0.036206,0.023758,0.047968,0.52569,0.366378
AAAGGCTACGGACCAT-1,0.024065,0.19295,0.418458,0.314084,0.050443
AAAGGCTCTCGCGCCG-1,0.000084,0.192663,0.049696,0.028019,0.729538
AAAGGGATGTAGCAAG-1,0.309314,0.690074,0.000068,0.000204,0.00034
AAAGGGCAGCTTGAAT-1,0.870602,0.113017,0.000067,0.000201,0.016113
AAAGGTAAGCTGTACC-1,0.021392,0.399783,0.086661,0.3115,0.180663
AAAGGTCAACGACATG-1,0.023131,0.004682,0.023424,0.465612,0.483151
AAAGTAGCATTGCTCA-1,0.051565,0.114109,0.48664,0.08603,0.261655
AAAGTCACTGATGTAA-1,0.661524,0.260591,0.00004,0.00012,0.077724
AAAGTCGACCCTCAGT-1,0.81574,0.180652,0.000079,0.000237,0.003292
AAAGTGCCATCAATTA-1,0.018506,0.055936,0.243812,0.44974,0.232006
AAAGTGTGATTTATCT-1,0.00005,0.062662,0.007755,0.840213,0.08932
AAAGTTGACTCCCGTA-1,0.000019,0.017594,0.016777,0.878382,0.087228
AAATAACCATACGGGA-1,0.195454,0.562693,0.000056,0.241479,0.000318
AAATAAGGTAGTGCCC-1,0.011988,0.107051,0.140893,0.585811,0.154257
AAATACCTATAAGCAT-1,0.000017,0.028481,0.06902,0.701447,0.201035
AAATAGCTTAGACTTT-1,0.016081,0.250249,0.039407,0.489549,0.204715
AAATAGGGTGCTATTG-1,0.000044,0.014179,0.003706,0.517347,0.464723
AAATCACTCCTAAACG-1,0.000017,0.002846,0.118523,0.821494,0.05712
AAATCCGATACACGCC-1,0.654919,0.056399,0.040984,0.094439,0.15326
AAATCGTGTACCACAA-1,0.000045,0.007046,0.059474,0.669171,0.264264
AAATCTAGCCCTGCTA-1,0.00003,0.00003,0.001875,0.707204,0.290861
AAATGATTCGATCAGC-1,0.006445,0.3624,0.000037,0.208913,0.422205
AAATGCTCGTTACGTT-1,0.998896,0.000276,0.000138,0.000414,0.000276
AAATGGCATGTCTTGT-1,0.052891,0.594405,0.000058,0.219625,0.133021
AAATGGCCCGTGCCCT-1,0.034041,0.0001,0.615514,0.00015,0.350195
AAATGGTCAATGTGCC-1,0.006121,0.324407,0.141421,0.254942,0.273109
AAATGTATCTTATCCC-1,0.93481,0.000093,0.064865,0.000139,0.000093
AAATGTGGGTGCTCCT-1,0.729662,0.144085,0.000085,0.066975,0.059193
AAATTAACGGGTAGCT-1,0.005431,0.118949,0.150601,0.622242,0.102778
AAATTAATAAGCGCGA-1,0.906439,0.045055,0.048258,0.000149,0.000099
AAATTACACGACTCTG-1,0.224641,0.619053,0.000067,0.053649,0.102589
AAATTACCTATCGATG-1,0.106251,0.79813,0.000039,0.040437,0.055143
AAATTCCAGGTCCAAA-1,0.000021,0.045401,0.035897,0.734766,0.183916
AAATTGATAGTCCTTT-1,0.000034,0.000034,0.304563,0.517794,0.177575
AAATTGCGGCGGTTCT-1,0.850589,0.01527,0.012464,0.000247,0.12143
AAATTGGTGAGAAGCA-1,0.025483,0.109199,0.117509,0.439895,0.307913
AAATTTACCGAAATCC-1,0.056861,0.437536,0.184918,0.08209,0.238595
AAATTTGCGGGTGTGG-1,0.031658,0.055327,0.366387,0.040885,0.505742
AACAACTGGTAGTTGC-1,0.689338,0.301604,0.000057,0.000171,0.00883
AACAATACATTGTCGA-1,0.000011,0.000011,0.208228,0.789119,0.002632
AACAATTACTCTACGC-1,0.713809,0.234971,0.000048,0.000143,0.051029
AACACACGCTCGCCGC-1,0.014668,0.053743,0.020164,0.64708,0.264345
AACACGACTGTACTGA-1,0.02919,0.44333,0.128415,0.25926,0.139805
AACACGAGACGCGGCC-1,0.056141,0.00007,0.699063,0.022308,0.222417
AACACGCGGCCGCGAA-1,0.663405,0.246807,0.000078,0.081414,0.008297
AACAGCTGTGTGGCAA-1,0.000036,0.001292,0.467212,0.442296,0.089165
AACAGGAAATCGAATA-1,0.084535,0.453293,0.128896,0.312125,0.021151
AACAGGATGGGCCGCG-1,0.999293,0.000177,0.000088,0.000265,0.000177
AACAGGTAGTATGGAT-1,0.000028,0.02091,0.040119,0.783435,0.155508
AACATATCAACTGGTG-1,0.010606,0.388901,0.2257,0.364439,0.010354
AACATCGATACGTCTA-1,0.029811,0.243893,0.006288,0.423007,0.297
AACATTGGTCAGCCGT-1,0.795846,0.067019,0.022505,0.072184,0.042446
AACATTGTGACTCGAG-1,0.640806,0.300235,0.036823,0.000167,0.021969
AACCAAGACTTCTCTG-1,0.599743,0.399853,0.000067,0.000202,0.000135
AACCAGTATCACTCTT-1,0.031942,0.281186,0.201196,0.184213,0.301464
AACCATGGGATCGCTA-1,0.88761,0.045801,0.000121,0.000363,0.066105
AACCCAGAGACGGAGA-1,0.491774,0.416587,0.000131,0.016661,0.074847
AACCCATCCCATGATC-1,0.061907,0.000437,0.904978,0.000619,0.03206
AACCCGACAACCCGTG-1,0.938078,0.000085,0.061626,0.000127,0.000085
AACCCGAGCAGAATCG-1,0.000033,0.000205,0.012238,0.492274,0.49525
AACCCGATAGGGCTTC-1,0.008287,0.025557,0.154101,0.758597,0.053458
AACCCTACTGTCAATA-1,0.043243,0.029046,0.179606,0.740814,0.007291
AACCCTGGTGGAACCA-1,0.397651,0.494241,0.000078,0.034996,0.073034
AACCGAGCTTGGTCAT-1,0.14677,0.625012,0.000042,0.137297,0.090879
AACCGCTAAGGGATGC-1,0.000035,0.039545,0.080313,0.840311,0.039796
AACCGTTGTGTTTGCT-1,0.050802,0.490997,0.111914,0.228334,0.117953
AACCTAAAGCCGTCCG-1,0.000032,0.14003,0.199047,0.600567,0.060324
AACCTCGCTTTAGCCC-1,0.18867,0.235262,0.091102,0.207799,0.277167
AACCTGTCACGGAATT-1,0.064602,0.112842,0.041075,0.533308,0.248173
AACCTTTAAATACGGT-1,0.000046,0.008695,0.000026,0.298507,0.692727
AACCTTTACGACGTCT-1,0.102504,0.568343,0.008152,0.295692,0.025309
AACGACCTCCTAGCCG-1,0.646405,0.000402,0.190194,0.000603,0.162397
AACGATAATGCCGTAG-1,0.000038,0.066205,0.025837,0.387415,0.520504
AACGATAGAAGGGCCG-1,0.685915,0.313517,0.000095,0.000284,0.000189
AACGATATGTCAACTG-1,0.177495,0.654125,0.001496,0.122886,0.043998
AACGCATGATCTGGGT-1,0.164799,0.717825,0.000059,0.017879,0.099437
AACGCGAACGGCAACA-1,0.694042,0.305531,0.000071,0.000213,0.000142
AACGCGACCTTGGGCG-1,0.97815,0.000077,0.021582,0.000115,0.000077
AACGCGGTCTCCAGCC-1,0.516562,0.389376,0.000063,0.093874,0.000125
AACGCTGTTGCTGAAA-1,0.000031,0.007232,0.007524,0.637838,0.347375
AACGGACGTACGTATA-1,0.027016,0.045906,0.022439,0.399845,0.504795
AACGGCCATCTCCGGT-1,0.00005,0.021708,0.568853,0.056111,0.353278
AACGTACTGTGGGTAC-1,0.002929,0.147619,0.324509,0.026663,0.49828
AACGTAGTCTACCCAT-1,0.634706,0.182092,0.041527,0.140482,0.001193
AACGTCAGACTAGTGG-1,0.870286,0.129069,0.000108,0.000323,0.000215
AACGTCGCTGCACTTC-1,0.999546,0.000114,0.000057,0.00017,0.000114
AACGTGATGAAGGACA-1,0.00705,0.440315,0.116185,0.331954,0.104496
AACGTGCGAAAGTCTC-1,0.036366,0.033883,0.255634,0.622245,0.051871
AACGTTATCAGCACCT-1,0.985005,0.000142,0.014496,0.000214,0.000142
AACTACCCGTTTGTCA-1,0.000018,0.013252,0.015544,0.897951,0.073234
AACTAGCGTATCGCAC-1,0.644159,0.355352,0.000082,0.000245,0.000163
AACTAGGCTTGGGTGT-1,0.038184,0.018986,0.000029,0.082052,0.86075
AACTCAAGTTAATTGC-1,0.002045,0.206721,0.239317,0.286141,0.265776
AACTCCAGAGCGTGTT-1,0.000063,0.087505,0.000031,0.228992,0.683408
AACTCCTAATCCCATG-1,0.119648,0.545302,0.073414,0.218733,0.042904
AACTCGATAAACACGT-1,0.801021,0.014828,0.16178,0.000113,0.022258
AACTCGATGGCGCAGT-1,0.6865,0.28616,0.000117,0.000352,0.026871
AACTCTCAATAGAGCG-1,0.026921,0.287252,0.047919,0.499419,0.138489
AACTCTCAGTGTGCTC-1,0.139032,0.318212,0.302688,0.000159,0.239908
AACTGAGGTCAGCGTC-1,0.000058,0.178051,0.005541,0.523591,0.292759
AACTGAGTTATACTGA-1,0.019769,0.046233,0.251701,0.563986,0.11831
AACTGATATTAGGCCT-1,0.069997,0.492566,0.000553,0.318614,0.11827
AACTGGGTCCCGACGT-1,0.566747,0.432872,0.000064,0.000191,0.000127
AACTGGGTTCGAGCCG-1,0.017659,0.281809,0.151166,0.384114,0.165252
AACTGGTGTGGGCCTT-1,0.457535,0.54141,0.000079,0.000237,0.000739
AACTTCTGCGTCTATC-1,0.99866,0.000335,0.000168,0.000503,0.000335
AACTTGCCCGTATGCA-1,0.727726,0.212882,0.000071,0.033865,0.025456
AACTTGCGTTCTCGCG-1,0.954883,0.04455,0.000095,0.000284,0.000189
AACTTTACGGGAGCTT-1,0.608168,0.000088,0.391526,0.000131,0.000088
AACTTTAGCTGCTGAG-1,0.572778,0.425814,0.00011,0.00033,0.000969
AACTTTCTCGATCATG-1,0.01472,0.003755,0.217405,0.549498,0.214622
AAGAAATCACCAGATT-1,0.03155,0.004149,0.134191,0.639034,0.191075
AAGAAGGATCAGTTAG-1,0.891333,0.108148,0.000087,0.00026,0.000173
AAGACATACGTGGTTT-1,0.126778,0.056397,0.097183,0.017364,0.702278
AAGACCCAACTGAACA-1,0.159971,0.128856,0.212585,0.005198,0.49339
AAGACTAACCCGTTGT-1,0.782904,0.105098,0.018729,0.092766,0.000503
AAGACTCACGCCCACT-1,0.021401,0.152987,0.066324,0.423847,0.335442
AAGACTGCAAGCTACT-1,0.009416,0.057979,0.178881,0.714857,0.038867
AAGAGATGAATCGGTA-1,0.617707,0.3222,0.000055,0.022033,0.038005
AAGAGCTCTTTATCGG-1,0.000046,0.132372,0.299758,0.55794,0.009884
AAGAGGATGTACGCGA-1,0.073216,0.149295,0.111604,0.161392,0.504493
AAGAGGCATGGATCGC-1,0.000039,0.150518,0.070404,0.555492,0.223547
AAGAGGCCCTTTGGAA-1,0.000046,0.002431,0.000023,0.226329,0.771172
AAGATGGCACCGGACC-1,0.000618,0.128372,0.383389,0.109771,0.37785
AAGATTGGCGGAACGT-1,0.154471,0.515528,0.022146,0.263793,0.044061
AAGCACCCTGCGTATC-1,0.000081,0.191902,0.00004,0.027504,0.780474
AAGCATACTCTCCTGA-1,0.011837,0.009816,0.036188,0.248089,0.69407
AAGCCGAAGCGGTTTA-1,0.000019,0.000368,0.000295,0.984815,0.014504
AAGCCGCTTTACCTTG-1,0.018449,0.006321,0.183521,0.514137,0.277571
AAGCCGGAGAGCAGGA-1,0.006756,0.048088,0.212716,0.522794,0.209646
AAGCGCAGGGCTTTGA-1,0.704808,0.057923,0.063506,0.024627,0.149137
AAGCGGAGTGCGCGCA-1,0.009745,0.010743,0.381318,0.473155,0.125039
AAGCGGCGTCATGGGT-1,0.000053,0.344292,0.16017,0.351594,0.143891
AAGCGTCCCTCATCGA-1,0.000049,0.063988,0.290993,0.282948,0.362022
AAGCTAGATCGAGTAA-1,0.000027,0.000027,0.127046,0.793929,0.078971
AAGCTCGTGCCAAGTC-1,0.000034,0.029279,0.06543,0.868527,0.036729
AAGCTCTTTCATGGTG-1,0.000022,0.000022,0.040356,0.527946,0.431654
AAGGAGAACTTATAAG-1,0.64079,0.300967,0.000059,0.000177,0.058007
AAGGAGCGGTTGGTGC-1,0.569764,0.429586,0.000108,0.000325,0.000217
AAGGATCGATCGCTTG-1,0.014259,0.134474,0.031601,0.656656,0.16301
AAGGATGAGGGACCTC-1,0.037292,0.597169,0.093695,0.194363,0.077481
AAGGCAGGCTGTCTCC-1,0.008418,0.116657,0.027553,0.661631,0.18574
AAGGCGCGTAAAGCTT-1,0.633003,0.366605,0.000065,0.000196,0.000131
AAGGCTGTGCTCATCG-1,0.582831,0.416352,0.000136,0.000408,0.000272
AAGGGAACGACTGGCT-1,0.146255,0.051486,0.729568,0.0156,0.057092
AAGGGACAGATTCTGT-1,0.172352,0.572799,0.044378,0.178904,0.031568
AAGGGACTATGCATTC-1,0.008253,0.000024,0.714268,0.270209,0.007245
AAGGTATCCTAATATA-1,0.474918,0.52472,0.00006,0.000181,0.000121
AAGGTGATAAACCAGC-1,0.000021,0.015896,0.050495,0.898985,0.034604
AAGTAAGCTTCCAAAC-1,0.516635,0.257701,0.112631,0.073218,0.039816
AAGTAGAAGACCGGGT-1,0.065123,0.762961,0.000043,0.093115,0.078757
AAGTAGTGACGCGAGG-1,0.568422,0.390857,0.00006,0.000179,0.040482
AAGTCAATTGTCGTCA-1,0.000019,0.003075,0.033804,0.961598,0.001504
AAGTCTAGTAGCTGCC-1,0.064621,0.011595,0.306608,0.418222,0.198955
AAGTCTTCTGTGGCCT-1,0.977769,0.000114,0.021832,0.000171,0.000114
AAGTGACGACCGAATT-1,0.0321,0.120021,0.390657,0.23832,0.218903
AAGTGAGTCGGGTTTA-1,0.056563,0.181212,0.230839,0.193694,0.337692
AAGTGCAAAGGTAGAC-1,0.999806,0.000048,0.000024,0.000073,0.000048
AAGTGCCTTGACTGTA-1,0.000045,0.017369,0.000722,0.688281,0.293583
AAGTGCGTTAGAATCT-1,0.000091,0.003192,0.54216,0.137633,0.316924
AAGTGCTTCTCTATTG-1,0.924395,0.072849,0.000051,0.000153,0.002552
AAGTGTTTGGAGACGG-1,0.000056,0.055033,0.000028,0.202286,0.742596
AAGTTCACTCCAAGCT-1,0.000028,0.000028,0.048104,0.555897,0.395943
AAGTTCAGTCTGCGTA-1,0.051211,0.56346,0.051213,0.30178,0.032336
AAGTTCGGCCAACAGG-1,0.000762,0.116567,0.375213,0.125974,0.381484
AAGTTGTGATGTTATA-1,0.068066,0.070984,0.003154,0.004371,0.853425
AAGTTTACTAATGGCA-1,0.031898,0.622318,0.029479,0.221559,0.094746
AAGTTTATGGGCCCAA-1,0.815709,0.000158,0.133891,0.000195,0.050046
AATAACAACGCTCGGC-1,0.140906,0.189196,0.375893,0.22775,0.066255
AATAACACTAGAACAA-1,0.051999,0.153338,0.302902,0.00402,0.487741
AATAAGTCCTCGAGAC-1,0.324944,0.503736,0.00008,0.043361,0.127879
AATAATCTTCGTATCG-1,0.000019,0.000703,0.076957,0.65949,0.262831
AATACAATGTTTCAGG-1,0.994487,0.005075,0.000073,0.000219,0.000146
AATACCGGAGGGCTGT-1,0.944979,0.054743,0.000046,0.000139,0.000093
AATACCTGATGTGAAC-1,0.202267,0.144518,0.186032,0.304284,0.1629
AATAGAACAGAGTGGC-1,0.019839,0.297735,0.319807,0.028777,0.333841
AATAGAATCTGTTTCA-1,0.000046,0.042094,0.008239,0.633643,0.315979
AATAGCAAGCCTCCTG-1,0.089842,0.095213,0.24088,0.213041,0.361024
AATAGCTACCGCGTGC-1,0.014878,0.507606,0.000048,0.133973,0.343496
AATAGTCCGTCCCGAC-1,0.040633,0.199562,0.217795,0.148652,0.393359
AATAGTCGCGAGTCGG-1,0.973348,0.000116,0.000058,0.000174,0.026304
AATATCAAGGTCGGAT-1,0.61355,0.356398,0.000081,0.000243,0.029729
AATATCCTAGCAAACT-1,0.999707,0.000073,0.000037,0.00011,0.000073
AATATCGAATCAATGC-1,0.000032,0.070525,0.025175,0.706634,0.197634
AATATCGAGGGTTCTC-1,0.172381,0.587499,0.000044,0.103275,0.136801
AATATTGGAGTATTGA-1,0.809128,0.164007,0.000131,0.000393,0.02634
AATCAGACTGCAGGAC-1,0.806272,0.193088,0.000107,0.00032,0.000214
AATCAGGTTTCATTTA-1,0.99957,0.000108,0.000054,0.000161,0.000108
AATCATGTAAAGACTC-1,0.00004,0.003008,0.00002,0.519135,0.477796
AATCCAAGGGCCTGAG-1,0.599469,0.399781,0.000125,0.000375,0.00025
AATCCATGCAAGGGTG-1,0.874165,0.033767,0.074139,0.000308,0.017621
AATCGCCTCAGCGCCA-1,0.004859,0.028683,0.082061,0.856877,0.02752
AATCGCGCAGAGGACT-1,0.016117,0.157263,0.01972,0.553945,0.252954
AATCGGGACACTACGA-1,0.473809,0.429081,0.000092,0.054355,0.042663
AATCGGTATAGCCCTC-1,0.876662,0.09224,0.000061,0.030916,0.000122
AATCGTGAGCCGAGCA-1,0.541835,0.063379,0.136117,0.146628,0.112041
AATCTAGGTTTACTTG-1,0.024257,0.000092,0.57684,0.000139,0.398672
AATCTATGCCGGAGCC-1,0.018424,0.197686,0.020689,0.699462,0.063739
AATCTCTACTGTGGTT-1,0.963553,0.013218,0.006616,0.000125,0.016488
AATCTGCGTTGGGACG-1,0.069546,0.404207,0.046564,0.317591,0.162091
AATCTGGCTTTCTAGT-1,0.029208,0.000057,0.968451,0.000086,0.002198
AATCTGGGTAGACCCT-1,0.022995,0.09712,0.200803,0.4878,0.191282
AATGACAGCAATGTCT-1,0.038578,0.000152,0.385119,0.000187,0.575963
AATGACGTAGGATGTC-1,0.000061,0.154302,0.000031,0.504261,0.341345
AATGACTGTCAGCCGG-1,0.207007,0.618662,0.004486,0.134717,0.035128
AATGAGTTCGCATATG-1,0.861422,0.094866,0.000101,0.026679,0.016932
AATGATGATACGCTAT-1,0.19031,0.792479,0.000054,0.000162,0.016994
AATGATGCGACTCCTG-1,0.143361,0.658032,0.00438,0.169241,0.024986
AATGCAACCGGGTACC-1,0.61098,0.388455,0.000094,0.000283,0.000188
AATGCACCAAGCAATG-1,0.095908,0.722975,0.011308,0.080386,0.089423
AATGGCCGCCAATGCG-1,0.017245,0.035689,0.087073,0.576741,0.283253
AATGGTCCACCGTTCA-1,0.856976,0.142588,0.000073,0.000218,0.000145
AATGGTTCTCACAAGC-1,0.829455,0.169683,0.000144,0.000431,0.000287
AATGTGCCCGAGGTGT-1,0.000032,0.000032,0.781943,0.123269,0.094724
AATGTGCTAATCTGAG-1,0.899904,0.095568,0.004284,0.000146,0.000097
AATGTTGTCGTGAGAC-1,0.649818,0.013393,0.123419,0.004169,0.209201
AATTAAAGGTCGGCGT-1,0.005493,0.055036,0.254295,0.653642,0.031533
AATTAACGGATTTCCA-1,0.000093,0.263183,0.000046,0.000139,0.73654
AATTACTCGTACGCTC-1,0.917451,0.013019,0.009006,0.032424,0.028099
AATTAGCGCTGCAGCG-1,0.000041,0.000041,0.199837,0.592019,0.208061
AATTCATAAGGGATCT-1,0.214796,0.784847,0.000059,0.000178,0.000119
AATTCCAACTTGGTGA-1,0.718586,0.08426,0.14137,0.040686,0.015098
AATTCCAAGCATGTAC-1,0.752428,0.075063,0.053813,0.054158,0.064538
AATTCGATTCGAGGAT-1,0.672339,0.069435,0.005682,0.177122,0.075421
AATTCTAGAGTTAGGC-1,0.000066,0.002836,0.024162,0.598375,0.374561
AATTGAACGCTCTGGT-1,0.000037,0.033874,0.005809,0.648925,0.311354
AATTGCAGCAATCGAC-1,0.050192,0.15207,0.188006,0.006199,0.603532
AATTGTGGTTGCCAAA-1,0.015799,0.011251,0.073383,0.138576,0.76099
AATTTGGGACATAGTA-1,0.106551,0.544356,0.044659,0.116884,0.18755
AATTTGGTTCCAAAGA-1,0.031748,0.445137,0.032122,0.420739,0.070255
ACAAACCGACAAGGCG-1,0.005221,0.312165,0.148127,0.263912,0.270575
ACAAAGAAGGTAGGCC-1,0.918814,0.069413,0.003642,0.000142,0.007989
ACAAAGCATGACCTAG-1,0.059511,0.040926,0.02175,0.006416,0.871397
ACAAATCGCACCGAAT-1,0.000033,0.002426,0.044117,0.755134,0.19829
ACAAATGGTAGTGTTT-1,0.000024,0.00007,0.026524,0.961397,0.011985
ACAAATTCAGATCTGA-1,0.000044,0.216429,0.242074,0.49226,0.049192
ACAACAGCATGAGCTA-1,0.041376,0.16537,0.230221,0.53746,0.025572
ACAACGGTCCCTGCGA-1,0.824909,0.174471,0.000103,0.00031,0.000206
ACAAGCAGTGCCTAGC-1,0.914213,0.085325,0.000077,0.000231,0.000154
ACAAGCTATATGGAAG-1,0.947073,0.008229,0.014538,0.030082,0.000078
ACAAGGAAATCCGCCC-1,0.000051,0.023966,0.000026,0.500416,0.475541
ACAAGGACAAGAGGTT-1,0.626929,0.372592,0.00008,0.00024,0.00016
ACAAGGATGCTTTAGG-1,0.000082,0.23157,0.000041,0.017715,0.750592
ACAAGGCCTACCAGCC-1,0.00932,0.176395,0.072084,0.522085,0.220116
ACAAGGGCAGGCTCTG-1,0.000052,0.063646,0.060376,0.448603,0.427323
ACAATAGTCGTACGTT-1,0.028613,0.046787,0.428988,0.259557,0.236054
ACAATCCATTTAAACC-1,0.051572,0.448646,0.382877,0.014441,0.102465
ACAATCGATCTTTATA-1,0.004049,0.585573,0.032315,0.254424,0.123639
ACAATGAATACGGAGA-1,0.015181,0.033353,0.476484,0.239057,0.235926
ACAATGATTCTTCTAC-1,0.038572,0.07557,0.113232,0.656306,0.116319
ACAATTGTGTCTCTTT-1,0.00705,0.0112,0.029063,0.695448,0.257239
ACAATTTAGGAGGCTC-1,0.999567,0.000108,0.000054,0.000162,0.000108
ACAATTTGAGCAGTGG-1,0.212032,0.472105,0.002405,0.223738,0.08972
ACAATTTGGCCATATT-1,0.031561,0.053913,0.047386,0.6411,0.22604
ACACAAAGACGGGTGG-1,0.628324,0.371199,0.000079,0.000238,0.000159
ACACAAATATTCCTAG-1,0.036345,0.076975,0.158455,0.457185,0.271041
ACACACCAGGACCAGT-1,0.000039,0.060103,0.175563,0.718492,0.045803
ACACACTTTCTACACG-1,0.081644,0.503935,0.111664,0.233615,0.069143
ACACATGATCAAATCT-1,0.114504,0.016163,0.576301,0.001636,0.291395
ACACATTGACGCAACA-1,0.820878,0.022898,0.106356,0.000431,0.049437
ACACATTTCCGTAGAC-1,0.999525,0.000354,0.00002,0.00006,0.00004
ACACCACATAATTAGC-1,0.011106,0.118472,0.024774,0.641515,0.204133
ACACCCAGCATGCAGC-1,0.608129,0.391182,0.000115,0.000345,0.00023
ACACCCGAGAAATCCG-1,0.90541,0.093817,0.000129,0.000387,0.000258
ACACCCGTAAATCTGT-1,0.023262,0.052209,0.085193,0.489521,0.349815
ACACCGAGCGCTCTTT-1,0.954585,0.045028,0.000065,0.000194,0.000129
ACACCTTAAGTAGGGC-1,0.58564,0.408475,0.000119,0.005529,0.000238
ACACCTTACTACTTGC-1,0.034473,0.145765,0.007536,0.623328,0.188898
ACACGAGACTCCTTCT-1,0.043214,0.306725,0.002104,0.25328,0.394676
ACACGGCACTATGCAT-1,0.622592,0.321286,0.000072,0.000216,0.055835
ACACGGGAACTTAGGG-1,0.124541,0.657751,0.000042,0.09255,0.125116
ACACGTAGGCCACAAG-1,0.000048,0.003326,0.000024,0.416852,0.57975
ACACTCCAATGTCACT-1,0.948803,0.050595,0.0001,0.000301,0.000201
ACACTGATCAAGGTGT-1,0.000077,0.245933,0.082285,0.025318,0.646387
ACACTGGGACAGTCGT-1,0.000035,0.000035,0.076995,0.326122,0.596812
ACAGAACTGAGAACAA-1,0.04919,0.050027,0.555324,0.273064,0.072395
ACAGATTAGGTTAGTG-1,0.369544,0.62957,0.000148,0.000443,0.000296
ACAGCATAGAGCCAGT-1,0.654124,0.345085,0.000132,0.000395,0.000264
ACAGCGACATTCTCAT-1,0.000055,0.017926,0.000027,0.408545,0.573447
ACAGGCACGGATCCTT-1,0.78466,0.007664,0.016398,0.060784,0.130494
ACAGGCTTGCCCGACT-1,0.000037,0.005092,0.048666,0.657313,0.288892
ACAGGTGGAGGTGAGG-1,0.071113,0.12315,0.110885,0.000319,0.694533
ACAGGTGTGTTGTTGC-1,0.99963,0.000092,0.000046,0.000139,0.000092
ACAGTAATACAACTTG-1,0.037202,0.032108,0.437813,0.357748,0.135129
ACAGTATACCGTGGGA-1,0.005647,0.221041,0.201376,0.239564,0.332373
ACAGTGCAGCGCATTT-1,0.00002,0.00002,0.213284,0.752154,0.034523
ACATAATAAGGCGGTG-1,0.70324,0.296131,0.000105,0.000315,0.00021
ACATCAGCTGGGACGC-1,0.999454,0.000137,0.000068,0.000205,0.000137
ACATCCCGGCCATACG-1,0.000077,0.283524,0.094513,0.039276,0.582611
ACATCCTGGTAACTGT-1,0.014497,0.006261,0.007305,0.965693,0.006245
ACATCGATCGTTTACC-1,0.006575,0.008749,0.1896,0.793011,0.002065
ACATCGGTCAGCCGCG-1,0.008284,0.093347,0.156569,0.578942,0.162857
ACATCGTATGCAATGG-1,0.000021,0.000021,0.054258,0.945119,0.000582
ACATCGTTAACCTAGT-1,0.176337,0.525493,0.115811,0.182235,0.000124
ACATGGCGCCAAAGTA-1,0.031675,0.168587,0.042838,0.512071,0.244828
ACATGGCTCAATTTAG-1,0.921151,0.041013,0.000081,0.000243,0.037512
ACATTAGTTTATATCC-1,0.000073,0.000369,0.001826,0.177722,0.820011
ACATTTGAAACCTAAC-1,0.926992,0.001872,0.053442,0.017612,0.000081
ACCAAACACCCAGCGA-1,0.037175,0.268868,0.069677,0.416706,0.207573
ACCAAACTAGAAATCC-1,0.000071,0.4576,0.071189,0.313942,0.157198
ACCAACACCACACACT-1,0.060463,0.431054,0.052718,0.363994,0.091771
ACCAACCGCACTCCAC-1,0.271991,0.092805,0.177213,0.108041,0.349951
ACCAACGCTTATTTAT-1,0.005668,0.296237,0.119021,0.000147,0.578927
ACCAAGAACGCGTGTC-1,0.744446,0.186201,0.000113,0.000339,0.0689
ACCAAGTCATCGGCAG-1,0.691843,0.224222,0.000054,0.040674,0.043207
ACCAATATGCAAGTTA-1,0.000031,0.006759,0.125908,0.415607,0.451696
ACCACAACTCAGAACA-1,0.103931,0.478192,0.117321,0.159777,0.140779
ACCACAAGTTTCTATC-1,0.25502,0.533747,0.028365,0.051149,0.131718
ACCACCAATGTAACAA-1,0.000531,0.167383,0.018821,0.684996,0.128269
ACCACCCTCTCTTCTA-1,0.000026,0.013214,0.328342,0.583559,0.074859
ACCACGTGCAGCTATA-1,0.000044,0.091495,0.005967,0.332498,0.569996
ACCACTGTTCAAGAAG-1,0.691396,0.000036,0.25891,0.001227,0.048432
ACCAGACCATAACAAC-1,0.755715,0.190442,0.046101,0.000071,0.007672
ACCAGCCCGGTCTTTG-1,0.043398,0.401397,0.051878,0.377393,0.125935
ACCAGGAGTGTGATCT-1,0.468121,0.521255,0.000069,0.000206,0.010351
ACCAGTGCCCGGTCAA-1,0.038561,0.345462,0.102034,0.207492,0.306451
ACCAGTGCGGGAGACG-1,0.00002,0.000225,0.085076,0.889752,0.024927
ACCATATCCGCAATAA-1,0.05082,0.112188,0.125103,0.447642,0.264246
ACCATCCGCCAACTAG-1,0.165161,0.116068,0.549843,0.063884,0.105044
ACCATCGTATATGGTA-1,0.000133,0.086263,0.254221,0.121036,0.538346
ACCATTAAGGGTGTCA-1,0.827228,0.000086,0.108967,0.040674,0.023046
ACCCAACGCCCGTGGC-1,0.07829,0.480222,0.120015,0.249784,0.071689
ACCCACCTACATGCTC-1,0.744074,0.255534,0.000065,0.000196,0.000131
ACCCATCTTGAGGGTA-1,0.000043,0.048965,0.353444,0.585371,0.012178
ACCCATTTGTCCCTCT-1,0.000047,0.014665,0.091935,0.175241,0.718112
ACCCGAGCGAAATTAC-1,0.045461,0.043858,0.518522,0.032928,0.359231
ACCCGATTGGTTCCGA-1,0.983009,0.002426,0.014287,0.000167,0.000111
ACCCGGAAACTCCCAG-1,0.000061,0.012289,0.00003,0.030166,0.957454
ACCCGGAGCACCACAA-1,0.014552,0.025845,0.161981,0.562393,0.235228
ACCCGGATGACGCATC-1,0.00135,0.231196,0.070329,0.604414,0.092711
ACCCGGTTACACTTCC-1,0.000036,0.004278,0.482827,0.467388,0.045471
ACCCGTAGTCTAGTTG-1,0.053973,0.027266,0.000161,0.000482,0.918119
ACCCGTGTCATCAGTA-1,0.047126,0.309795,0.090033,0.052032,0.501014
ACCCTATAGGACTGAG-1,0.793324,0.169942,0.000086,0.000258,0.03639
ACCCTATGCCATATCG-1,0.000025,0.000025,0.241934,0.463764,0.294252
ACCCTCCCGTCAGGGC-1,0.550372,0.05631,0.116393,0.177453,0.099472
ACCCTCCCTTGCTATT-1,0.000036,0.004242,0.011921,0.758918,0.224883
ACCCTGGTAACGCCCT-1,0.000035,0.133081,0.127463,0.587481,0.15194
ACCCTTCATCTGCGAA-1,0.117768,0.399975,0.031155,0.416214,0.034889
ACCCTTGCCTGGGTCG-1,0.019306,0.019705,0.177022,0.70114,0.082826
ACCGAAAGGGCCCTGC-1,0.557096,0.439077,0.000056,0.000167,0.003605
ACCGACACATCTCCCA-1,0.420684,0.163161,0.110928,0.105087,0.200139
ACCGACTGAGTCCCAC-1,0.431806,0.522851,0.000059,0.011857,0.033425
ACCGAGTCTCCTTATT-1,0.8115,0.000102,0.188143,0.000153,0.000102
ACCGATAGGCATAACC-1,0.000022,0.000022,0.197661,0.283786,0.518508
ACCGATATTTAATCAT-1,0.000027,0.000027,0.095348,0.640462,0.264136
ACCGATGGTAGCATCG-1,0.000037,0.199092,0.004753,0.608805,0.187312
ACCGCAATAACTGCCT-1,0.000043,0.071333,0.010672,0.321185,0.596767
ACCGCGGTGGAAGTCG-1,0.00006,0.076698,0.001036,0.565329,0.356877
ACCGGGCCTTTGTTGA-1,0.000035,0.045997,0.017931,0.826441,0.109595
ACCGGTCAGGTACACC-1,0.009,0.000013,0.856429,0.105097,0.02946
ACCGGTCTGAGTACGG-1,0.000031,0.144242,0.101153,0.613848,0.140726
ACCGTGACCACGTGGG-1,0.020912,0.053273,0.454553,0.112065,0.359197
ACCGTTCCCGCTCTGA-1,0.000091,0.544888,0.039891,0.282976,0.132154
ACCTAAGTACCTTTCA-1,0.069596,0.112666,0.410549,0.020708,0.386482
ACCTAATCGACTTCCT-1,0.685681,0.313659,0.00011,0.00033,0.00022
ACCTACAGTATGTGGT-1,0.032705,0.092944,0.070425,0.548101,0.255824
ACCTACTATAAATCTA-1,0.764776,0.007708,0.156717,0.032826,0.037973
ACCTCCGCCCTCGCTG-1,0.000034,0.026634,0.019179,0.56614,0.388014
ACCTCCGTTATTCACC-1,0.053656,0.115305,0.045892,0.625478,0.15967
ACCTGCGTGTCATGTT-1,0.019332,0.000104,0.585835,0.052206,0.342524
ACGAAATGGGCGGCAC-1,0.85214,0.019809,0.000112,0.000337,0.127603
ACGACCCATGAGTTGC-1,0.027622,0.053132,0.253148,0.393539,0.272558
ACGACTCTAGGGCCGA-1,0.838256,0.057768,0.084293,0.000127,0.019556
ACGACTGGTCATACTC-1,0.034679,0.000049,0.752872,0.197329,0.015071
ACGAGAACCCATCACG-1,0.729881,0.235238,0.000095,0.000284,0.034502
ACGAGGATACCACTCT-1,0.054888,0.004603,0.46942,0.000171,0.470918
ACGAGGTTTACAACGT-1,0.051072,0.020838,0.813798,0.103354,0.010939
ACGAGTACGGATGCCC-1,0.076264,0.534336,0.146652,0.205372,0.037376
ACGAGTCGCCGGCGTT-1,0.556609,0.000717,0.43739,0.001756,0.003528
ACGATACATAGAACTA-1,0.393774,0.605911,0.000053,0.000158,0.000105
ACGATACCTATCCTGA-1,0.952501,0.047296,0.000034,0.000101,0.000068
ACGATCATACATAGAG-1,0.505834,0.493832,0.000056,0.000167,0.000111
ACGATCATCTTGTAAA-1,0.035936,0.128568,0.001232,0.615837,0.218427
ACGATGCATATGTTAT-1,0.000103,0.217774,0.204345,0.067989,0.509789
ACGATGGATCCGATGC-1,0.257081,0.715227,0.000117,0.020424,0.007151
ACGCAAACTAATAGAT-1,0.066096,0.164155,0.551188,0.184716,0.033845
ACGCAATCACTACAGC-1,0.004448,0.441708,0.004665,0.276451,0.272728
ACGCATAAATGACATG-1,0.018079,0.091144,0.160822,0.547545,0.18241
ACGCATACGTTTACTA-1,0.000048,0.102062,0.000024,0.124252,0.773613
ACGCATTCGTGAGTAC-1,0.000054,0.167196,0.0849,0.585806,0.162044
ACGCCAGATGATTTCT-1,0.320707,0.67895,0.000057,0.000171,0.000114
ACGCCAGTGCGTTTGC-1,0.935336,0.000127,0.041799,0.000191,0.022547
ACGCCGCTAGACGACC-1,0.000055,0.153359,0.010013,0.280388,0.556186
ACGCGAAGTCAGACGA-1,0.000075,0.109753,0.036209,0.310871,0.543092
ACGCGCTACACAGGGT-1,0.000049,0.052266,0.43841,0.494402,0.014873
ACGCGGGCCAAGGACA-1,0.004827,0.265006,0.250357,0.184416,0.295393
ACGCGTTTCTTAAGAG-1,0.972992,0.000126,0.021847,0.000189,0.004846
ACGCTACTGAATGGGC-1,0.313389,0.079528,0.183777,0.18648,0.236826
ACGCTAGTATCAGTGC-1,0.015283,0.036276,0.014247,0.541264,0.39293
ACGCTAGTGATACACT-1,0.096569,0.674568,0.054529,0.040225,0.134108
ACGCTGTGAGGCGTAG-1,0.91832,0.05311,0.02823,0.000204,0.000136
ACGCTTAGTGTCTCTC-1,0.000062,0.293859,0.194868,0.421796,0.089414
ACGGAACACGAGTGCC-1,0.999665,0.000084,0.000042,0.000125,0.000084
ACGGAATTTAGCAAAT-1,0.946354,0.053079,0.000094,0.000283,0.000189
ACGGACTCTCAAAGCG-1,0.085514,0.538034,0.113278,0.007141,0.256033
ACGGAGCGCAAATTAC-1,0.02897,0.27451,0.051426,0.575176,0.069918
ACGGATGGTGCGGATA-1,0.000026,0.000026,0.037715,0.683641,0.27859
ACGGCACTTGCTTGGG-1,0.014449,0.002792,0.050076,0.368079,0.564604
ACGGCCAACATGGACT-1,0.021929,0.071176,0.100031,0.005533,0.801331
ACGGCGACGATGGGAA-1,0.000025,0.017582,0.094858,0.815333,0.072203
ACGGCGGGTTGCCCTG-1,0.968119,0.031478,0.000067,0.000202,0.000134
ACGGGAGTGTCGGCCC-1,0.000069,0.000069,0.763111,0.076233,0.160518
ACGGGCGTATGCGACA-1,0.013068,0.254026,0.064418,0.462038,0.20645
ACGGGTCATGTGACTT-1,0.999397,0.000151,0.000075,0.000226,0.000151
ACGGTACAGTTCAATG-1,0.891724,0.010298,0.000041,0.065558,0.03238
ACGTACAGATTTCTCT-1,0.059641,0.480699,0.073432,0.299536,0.086691
ACGTACTTTGGCACGG-1,0.959944,0.000163,0.039487,0.000244,0.000163
ACGTAGATTGCTGATG-1,0.006119,0.09805,0.128165,0.719009,0.048657
ACGTAGGAGAGTCGCT-1,0.903098,0.08957,0.000082,0.000247,0.007003
ACGTATTACTCCGATC-1,0.008595,0.388828,0.000417,0.425035,0.177125
ACGTCCTAAACGAGAT-1,0.023453,0.589014,0.07809,0.191811,0.117633
ACGTCTCGTTCCGGGA-1,0.763655,0.00004,0.236207,0.000059,0.00004
ACGTGACAAAGTAAGT-1,0.543314,0.000091,0.446179,0.000137,0.010278
ACGTGCGCCTCGTGCA-1,0.479106,0.520425,0.000078,0.000234,0.000156
ACGTGGTCGAATGTGC-1,0.020929,0.419697,0.124453,0.000111,0.43481
ACGTTAATGTCGAAGA-1,0.000067,0.089116,0.022224,0.750153,0.138441
ACGTTAGATTTGCCCG-1,0.033305,0.096631,0.126332,0.278155,0.465577
ACGTTATTGGTCACTC-1,0.686307,0.000188,0.313035,0.000282,0.000188
ACGTTCCGCGCTCCGT-1,0.650296,0.349071,0.000106,0.000317,0.000211
ACGTTCGCAATCAATT-1,0.000026,0.090353,0.065139,0.734445,0.110036
ACGTTCGTTCAGGAAA-1,0.000051,0.064133,0.152347,0.657329,0.12614
ACGTTCTGTACAAGTC-1,0.651576,0.010687,0.22301,0.065262,0.049465
ACGTTTAGTTGTGATC-1,0.080153,0.484376,0.004151,0.247299,0.184021
ACTAAGGACGCACACC-1,0.028343,0.000048,0.002401,0.47019,0.499019
ACTAATACGTCAGGCG-1,0.035587,0.498212,0.116489,0.176966,0.172746
ACTACAAAGAGAGGTG-1,0.943911,0.00141,0.000065,0.000194,0.05442
ACTACCAGCTCTCTGG-1,0.503243,0.496074,0.000114,0.000341,0.000228
ACTACGCGTTAGAATT-1,0.207143,0.489942,0.010844,0.000253,0.291818
ACTAGTTGCGATCGTC-1,0.000048,0.06469,0.000024,0.528617,0.406621
ACTATATGCTGTGTTC-1,0.077487,0.255065,0.007135,0.368352,0.291961
ACTATCCAGGGCATGG-1,0.004755,0.194974,0.008354,0.574216,0.2177
ACTATCGCCGGCTAAA-1,0.266305,0.000023,0.714675,0.017979,0.001017
ACTATCTGCCCGCGTA-1,0.000032,0.016627,0.009128,0.729683,0.24453
ACTATTCGTCCGTGGT-1,0.410408,0.588916,0.000113,0.000338,0.000225
ACTATTTCCGGGCCCA-1,0.067686,0.000117,0.575159,0.000175,0.356863
ACTCAACGAATGTATT-1,0.688592,0.158238,0.010346,0.05954,0.083284
ACTCAAGTGCAAGGCT-1,0.004968,0.13632,0.000044,0.000133,0.858535
ACTCAATAAAGGCACG-1,0.224142,0.580116,0.000286,0.159126,0.03633
ACTCAGACCTGCTTCT-1,0.552986,0.436303,0.000094,0.000282,0.010334
ACTCCAATATCATCAT-1,0.122269,0.000049,0.45029,0.005259,0.422133
ACTCCCATTCCTAAAG-1,0.016073,0.000114,0.456971,0.024721,0.502121
ACTCCCGAATTCGTTT-1,0.00004,0.392298,0.060442,0.357402,0.189818
ACTCCCGTAGACTAGG-1,0.003488,0.00563,0.095737,0.751621,0.143525
ACTCCCTAATGCTAAA-1,0.017121,0.078724,0.000199,0.043332,0.860625
ACTCCCTAGAATAGTA-1,0.000026,0.000026,0.116764,0.873109,0.010074
ACTCCGGCCGACCACT-1,0.769272,0.029629,0.092973,0.014367,0.093759
ACTCGATGTATTTCAT-1,0.932774,0.000129,0.066773,0.000194,0.000129
ACTCGCCGTTCGATAA-1,0.030587,0.106282,0.107873,0.19447,0.560788
ACTCGCGATCTGACGC-1,0.013066,0.062254,0.088303,0.638523,0.197854
ACTCGTAACCCGTCCT-1,0.060423,0.000088,0.605024,0.188019,0.146445
ACTCGTCAGTAATCCC-1,0.015823,0.134719,0.128054,0.538557,0.182847
ACTCTAAACCTGGGAT-1,0.943973,0.000054,0.055839,0.000081,0.000054
ACTCTCTGACTTAGGT-1,0.000043,0.100951,0.021603,0.673958,0.203444
ACTCTCTTATACACGA-1,0.125372,0.60116,0.00007,0.219214,0.054184
ACTCTGACCTAATAGA-1,0.544615,0.075992,0.174732,0.057458,0.147203
ACTCTTCAGCTCCCGC-1,0.01211,0.008403,0.172586,0.675292,0.131609
ACTCTTGTATAGTAAC-1,0.014594,0.315068,0.031033,0.444759,0.194546
ACTGAAACGCCGTTAG-1,0.000029,0.000029,0.022246,0.428884,0.548812
ACTGAATGGCGAAAGT-1,0.000032,0.091625,0.026537,0.639269,0.242538
ACTGCCCGCCATTCTC-1,0.5116,0.016025,0.369389,0.023224,0.079763
ACTGCCGTCGTAACTC-1,0.19382,0.694999,0.000052,0.049129,0.061999
ACTGCGGACACACCGT-1,0.033152,0.089301,0.065527,0.610183,0.201838
ACTGCTCGGAAGGATG-1,0.042662,0.00876,0.556603,0.129378,0.262598
ACTGGCGAACCTGCGT-1,0.043319,0.003546,0.155432,0.416778,0.380925
ACTGGGATGCCAGTGC-1,0.723304,0.162339,0.03723,0.056673,0.020454
ACTGTACGATACACAT-1,0.070665,0.443403,0.034946,0.35186,0.099127
ACTGTAGCACTTTGGA-1,0.71431,0.284825,0.000144,0.000432,0.000288
ACTGTATACGCGAGCA-1,0.704892,0.204431,0.000103,0.000309,0.090265
ACTGTCCAGGATTATA-1,0.000717,0.280893,0.240002,0.175825,0.302562
ACTGTCTTCTTTAGAA-1,0.250457,0.457059,0.062129,0.138938,0.091417
ACTGTGCTAGTAGATC-1,0.970126,0.028406,0.000245,0.000734,0.000489
ACTGTTTAGTGTAGGC-1,0.378504,0.595913,0.000118,0.000354,0.025111
ACTTACCGGGCGCGCA-1,0.112264,0.4604,0.148804,0.096535,0.181998
ACTTACGCATCCACGC-1,0.000069,0.066612,0.000035,0.115699,0.817586
ACTTAGTACGACAAGA-1,0.821794,0.161865,0.000089,0.000267,0.015984
ACTTATACTTACCCGG-1,0.024881,0.187023,0.029602,0.592265,0.166229
ACTTATCTGATCTATA-1,0.668121,0.126605,0.000095,0.12192,0.083259
ACTTATTAGGATCGGT-1,0.014696,0.12536,0.219315,0.345452,0.295176
ACTTATTTATGTGCCA-1,0.000047,0.004307,0.007827,0.896084,0.091735
ACTTCAGGCTGATCCC-1,0.000063,0.033604,0.000427,0.414013,0.551893
ACTTCCATGCGGGACA-1,0.000114,0.32217,0.000057,0.000171,0.677488
ACTTCCTGTCGTGCGA-1,0.01741,0.000098,0.077438,0.743397,0.161656
ACTTCGCCATACGCAC-1,0.138474,0.556079,0.011607,0.155909,0.137932
ACTTCGCTAGCGAGTG-1,0.011405,0.001715,0.05348,0.806493,0.126907
ACTTGACTCCCTCTTT-1,0.000059,0.03897,0.038888,0.37506,0.547024
ACTTGCCATATTGTAC-1,0.526104,0.469348,0.000094,0.001492,0.002962
ACTTGGGACCCGGTGG-1,0.683,0.316629,0.000062,0.000185,0.000124
ACTTGTAGTCCCTTCA-1,0.388287,0.257831,0.243382,0.000183,0.110316
ACTTGTGGATGGAACG-1,0.000031,0.100195,0.000016,0.630015,0.269744
ACTTTACCCTCATGAA-1,0.000041,0.161767,0.174962,0.612626,0.050604
ACTTTCCTATAGCTTC-1,0.512927,0.37974,0.000054,0.000162,0.107116
ACTTTGACTGCATCCT-1,0.906623,0.050519,0.000039,0.000118,0.0427
ACTTTGTCGACGCACT-1,0.003132,0.00003,0.093185,0.432805,0.470849
AGAAATTATGACTCGC-1,0.000018,0.000018,0.066954,0.828481,0.104529
AGAACCCAGCGTGACA-1,0.004447,0.060353,0.060147,0.571751,0.303302
AGAACGTGGTACATTC-1,0.126561,0.603854,0.010696,0.141832,0.117058
AGAACTGTACTTTGTA-1,0.201269,0.12124,0.207932,0.277503,0.192056
AGAAGAGCGCCGTTCC-1,0.000603,0.100312,0.000301,0.898181,0.000603
AGAAGGTACACTTCAC-1,0.132872,0.000083,0.664572,0.000124,0.202349
AGAAGGTTGCCGAATT-1,0.042211,0.008677,0.176488,0.353699,0.418926
AGAAGGTTGTAGGTCG-1,0.59904,0.026815,0.175008,0.035575,0.163562
AGAAGTGATTCGTGAT-1,0.007453,0.020546,0.398551,0.182248,0.391201
AGAATAAATCTTCAGG-1,0.980144,0.000068,0.019618,0.000102,0.000068
AGAATGCGGGTTCGGA-1,0.000075,0.439436,0.015808,0.190081,0.354601
AGAATTATGGATTCGA-1,0.0025,0.458548,0.038484,0.266496,0.233971
AGAATTGTTTGACATA-1,0.804895,0.123435,0.000094,0.000282,0.071294
AGACAGCTCAGAATCC-1,0.999454,0.000137,0.000068,0.000205,0.000137
AGACAGGCATCTCAGC-1,0.016232,0.043847,0.228314,0.517358,0.194249
AGACATAGATCCTTCC-1,0.661733,0.337425,0.00014,0.000421,0.000281
AGACCAAACCACACCT-1,0.123117,0.024185,0.561786,0.007256,0.283656
AGACCATGGGATACAA-1,0.805367,0.194214,0.00007,0.00021,0.00014
AGACCCACCGCTGATC-1,0.000048,0.02322,0.019692,0.501414,0.455626
AGACCCGCCCTCCTCG-1,0.300865,0.665935,0.000052,0.032637,0.000511
AGACCGCTCCGCGGTT-1,0.000018,0.000018,0.034562,0.944422,0.020981
AGACCGGGAAACCCTG-1,0.204421,0.122515,0.36875,0.159745,0.14457
AGACGAAGTGCCGGTC-1,0.000046,0.007811,0.000023,0.72921,0.26291
AGACGACGATGCCGCT-1,0.013732,0.123706,0.294686,0.003286,0.564589
AGACGCCCACTTCGCC-1,0.013791,0.005942,0.061117,0.234682,0.684469
AGACGGGATTGGTATA-1,0.000063,0.286056,0.205532,0.420835,0.087514
AGACGGGCCGATTTAA-1,0.00536,0.513611,0.069461,0.072761,0.338806
AGACTAGCCTTCCAGA-1,0.508974,0.487273,0.000055,0.000164,0.003534
AGACTGTTACCGGGTC-1,0.097874,0.08524,0.410562,0.365734,0.04059
AGAGAAACACCAGAAA-1,0.999645,0.000089,0.000044,0.000133,0.000089
AGAGAACCGTCTAGGA-1,0.054073,0.574619,0.065167,0.224793,0.081348
AGAGAAGGAGTACAAT-1,0.030568,0.051468,0.250607,0.067579,0.599779
AGAGATCTCTAAAGCG-1,0.019779,0.242109,0.503515,0.23454,0.000056
AGAGCAGTTATGAGAC-1,0.812093,0.163234,0.017323,0.007128,0.000222
AGAGCCGCCGAGATTT-1,0.000038,0.000038,0.021697,0.59194,0.386287
AGAGCGCTTGTAACGG-1,0.023665,0.003761,0.130244,0.636757,0.205572
AGAGCGGGCTAATCAT-1,0.163357,0.570124,0.021143,0.223542,0.021834
AGAGCGTACAAGCTCG-1,0.85231,0.146733,0.00016,0.000479,0.000319
AGAGCTACGAAAGCAT-1,0.915147,0.027506,0.018545,0.00025,0.038551
AGAGGCTTCGGAAACC-1,0.000044,0.01608,0.000022,0.687911,0.295943
AGAGGGACAATTGTCC-1,0.008709,0.011611,0.236319,0.632518,0.110843
AGAGGTATCTCGGTCC-1,0.490994,0.508453,0.000092,0.000277,0.000184
AGAGTAAACTTCACTA-1,0.000036,0.01095,0.000018,0.780191,0.208804
AGAGTATAGTGTTACG-1,0.006957,0.017863,0.103523,0.717126,0.154531
AGAGTGAACAGACACC-1,0.021673,0.021839,0.073615,0.278668,0.604205
AGAGTTAGAGACCGAT-1,0.000055,0.190703,0.215254,0.466309,0.127679
AGAGTTGCAGGCCTCC-1,0.008754,0.011492,0.150938,0.680195,0.14862
AGATAACTTCAGGGCC-1,0.064579,0.289024,0.489017,0.157297,0.000083
AGATACCAATAGAACC-1,0.03924,0.069446,0.000836,0.003802,0.886676
AGATACCAGCACTTCA-1,0.009226,0.235392,0.116347,0.180604,0.458431
AGATACCGGTGTTCAC-1,0.000061,0.070892,0.430635,0.489014,0.009398
AGATACGACTTCATAT-1,0.779414,0.219115,0.000078,0.000234,0.001159
AGATACTCAAGATCGA-1,0.000043,0.064932,0.025628,0.67916,0.230237
AGATATAATACGACTA-1,0.71782,0.022976,0.092038,0.077404,0.089761
AGATCGTGCATAAGAT-1,0.18849,0.747915,0.015039,0.007911,0.040646
AGATCTCAGGTGTGAT-1,0.059499,0.57294,0.006067,0.260506,0.100988
AGATGACTCGCCCACG-1,0.624571,0.372188,0.000075,0.000224,0.002944
AGATGAGGGTTGCGAT-1,0.077145,0.413569,0.131757,0.206964,0.170564
AGATGATGGAGTCTGG-1,0.02346,0.341154,0.059292,0.374389,0.201705
AGATGCAAGACGTGCA-1,0.005762,0.013281,0.759058,0.072195,0.149704
AGATGCATCCTGTGTC-1,0.737024,0.104826,0.14117,0.00016,0.016821
AGATGCTATAACGAGC-1,0.895676,0.000104,0.069854,0.010655,0.02371
AGATTATAGGACGTTT-1,0.000062,0.130335,0.19386,0.536247,0.139496
AGATTCAAGCGGGTCG-1,0.000033,0.015168,0.16591,0.647853,0.171036
AGATTCACAACCGATA-1,0.057481,0.008889,0.857351,0.006123,0.070155
AGCAAAGGCCGCTAGT-1,0.00004,0.146538,0.026135,0.26066,0.566626
AGCAACATATCTTATT-1,0.000025,0.022764,0.066222,0.853573,0.057417
AGCAACCGAAAGTAAT-1,0.052295,0.050057,0.650299,0.24009,0.00726
AGCACCAGTACTCACG-1,0.42742,0.571699,0.000046,0.000137,0.000698
AGCACTACCGGCCTGT-1,0.52751,0.44541,0.000094,0.000281,0.026705
AGCACTACCTCACCAG-1,0.000051,0.036781,0.066539,0.384246,0.512384
AGCACTTAAGGACGCC-1,0.703932,0.295607,0.000077,0.000231,0.000154
AGCAGAAGGAGAAAGA-1,0.721704,0.06307,0.087689,0.00755,0.119986
AGCAGCCAGATGAATA-1,0.04754,0.168289,0.155315,0.026469,0.602387
AGCAGTCGAAGCATGC-1,0.306674,0.195036,0.16918,0.177427,0.151682
AGCATATCAATATGCT-1,0.000048,0.05197,0.015606,0.649787,0.282589
AGCATCATTTCGAAAG-1,0.07573,0.092764,0.681101,0.077075,0.073331
AGCATCGTCGATAATT-1,0.399404,0.600075,0.000087,0.00026,0.000174
AGCATTACGAGGCAAG-1,0.563063,0.25463,0.098848,0.000182,0.083277
AGCCAAGCTTTGTGTC-1,0.858839,0.045439,0.00006,0.00955,0.086113
AGCCACAGGTTACCCG-1,0.062969,0.158773,0.000059,0.000178,0.77802
AGCCACTCCCGTGCTT-1,0.525963,0.473651,0.000064,0.000193,0.000129
AGCCATATAGTATGTG-1,0.99961,0.000097,0.000049,0.000146,0.000097
AGCCCATACATGTAAG-1,0.062349,0.089836,0.31781,0.264298,0.265708
AGCCCGCAACAAGCAG-1,0.979298,0.020483,0.000036,0.000109,0.000073
AGCCCGCACTACAATG-1,0.964649,0.035121,0.000038,0.000115,0.000077
AGCCCGGTAGCCTGTA-1,0.045398,0.287955,0.144079,0.112049,0.410519
AGCCCTAAGCGAAGTT-1,0.072619,0.522945,0.079423,0.206157,0.118856
AGCCCTGTCGCACCGT-1,0.002738,0.090542,0.034152,0.679248,0.19332
AGCCCTTCTAATCCGA-1,0.076045,0.511688,0.002346,0.232514,0.177407
