Barcode,Topic 1,Topic 2,Topic 3to4,Topic 5to8,Topic 9to10
AAACAAGTATCTCCCA-1,0.00001,0.009302,0.099093,0.702615,0.188979
AAACAATCTACTAGCA-1,0.000031,0.833888,0.006224,0.000123,0.159733
AAACACCAATAACTGC-1,0.000026,0.743112,0.007457,0.000103,0.249302
AAACAGAGCGACTCCT-1,0.000016,0.000016,0.057415,0.931748,0.010806
AAACAGCTTTCAGAAG-1,0.00002,0.710659,0.111542,0.000079,0.1777
AAACAGGGTCTATATT-1,0.000036,0.749957,0.194423,0.055512,0.000072
AAACATTTCCCGGATT-1,0.000013,0.006066,0.134254,0.631558,0.228108
AAACCCGAACGAAATC-1,0.000011,0.000011,0.006751,0.85771,0.135518
AAACCGGAAATGTTAA-1,0.000054,0.000054,0.576787,0.135372,0.287734
AAACCGGGTAGGTACC-1,0.000013,0.068153,0.245052,0.072578,0.614204
AAACCGTTCGTCCAGG-1,0.00003,0.83874,0.119109,0.02709,0.015031
AAACCTAAGCAGCCGG-1,0.000027,0.089281,0.298582,0.399769,0.21234
AAACCTCATGAAGTTG-1,0.000008,0.000008,0.006891,0.389343,0.60375
AAACGAAGAACATACC-1,0.000055,0.797033,0.202581,0.00022,0.00011
AAACGAGACGGTTGAT-1,0.000016,0.026352,0.006309,0.966563,0.000761
AAACGCTGGGCACGAC-1,0.000056,0.000056,0.133122,0.784031,0.082734
AAACGGGCGTACGGGT-1,0.000016,0.172389,0.136475,0.508904,0.182216
AAACGGGTTGGTATCC-1,0.00003,0.878103,0.000061,0.108483,0.013323
AAACGGTTGCGAACTG-1,0.000035,0.919907,0.079197,0.00079,0.000071
AAACGTGTTCGCCCTA-1,0.000058,0.049096,0.659005,0.222801,0.069041
AAACTAACGTGGCGAC-1,0.000019,0.611386,0.353336,0.035222,0.000037
AAACTCGGTTCGCAAT-1,0.000016,0.283465,0.061348,0.298554,0.356617
AAACTCGTGATATAAG-1,0.000025,0.000025,0.131035,0.868865,0.00005
AAACTGCTGGCTCCAA-1,0.000026,0.376478,0.072563,0.402486,0.148448
AAACTTGCAAACGTAT-1,0.000023,0.889348,0.013293,0.018062,0.079274
AAAGAATGTGGACTAA-1,0.000007,0.000007,0.000013,0.832309,0.167664
AAAGACTGGGCGCTTT-1,0.000022,0.018942,0.024528,0.00009,0.956417
AAAGCTTGCCTACATA-1,0.000045,0.000045,0.300956,0.675389,0.023564
AAAGGCTACGGACCAT-1,0.000042,0.931852,0.028574,0.039448,0.000083
AAAGGCTCTCGCGCCG-1,0.000029,0.622259,0.003474,0.245995,0.128244
AAAGGGATGTAGCAAG-1,0.000032,0.000032,0.088485,0.567071,0.344379
AAAGGGCAGCTTGAAT-1,0.000012,0.043203,0.105049,0.414984,0.436752
AAAGGTAAGCTGTACC-1,0.000039,0.12793,0.587712,0.284242,0.000077
AAAGTAGCATTGCTCA-1,0.000028,0.952168,0.015397,0.032351,0.000055
AAAGTCGACCCTCAGT-1,0.000012,0.048495,0.009728,0.188166,0.753599
AAAGTGCCATCAATTA-1,0.000026,0.000026,0.474214,0.293686,0.232047
AAAGTGTGATTTATCT-1,0.000022,0.000022,0.046816,0.808568,0.144572
AAAGTTGACTCCCGTA-1,0.000015,0.012275,0.044374,0.805739,0.137596
AAATAACCATACGGGA-1,0.000018,0.000018,0.110155,0.863151,0.026658
AAATAAGGTAGTGCCC-1,0.000012,0.001881,0.001554,0.964361,0.032192
AAATACCTATAAGCAT-1,0.000014,0.166424,0.039222,0.428867,0.365472
AAATAGCTTAGACTTT-1,0.000024,0.000024,0.042731,0.946177,0.011043
AAATAGGGTGCTATTG-1,0.000016,0.203774,0.071979,0.298329,0.425901
AAATCCGATACACGCC-1,0.000016,0.004132,0.076044,0.689655,0.230153
AAATCGCGGAAGGAGT-1,0.00005,0.991457,0.008193,0.0002,0.0001
AAATCGTGTACCACAA-1,0.000036,0.223474,0.109815,0.304581,0.362093
AAATCTAGCCCTGCTA-1,0.000013,0.003388,0.008367,0.970908,0.017324
AAATGATTCGATCAGC-1,0.000025,0.060212,0.257606,0.682108,0.000049
AAATGCTCGTTACGTT-1,0.00002,0.001254,0.063442,0.269917,0.665366
AAATGGCATGTCTTGT-1,0.000032,0.000032,0.593162,0.386046,0.020727
AAATGGCCCGTGCCCT-1,0.000018,0.998547,0.001324,0.000074,0.000037
AAATGGTCAATGTGCC-1,0.000018,0.000018,0.035961,0.489534,0.474468
AAATGTATCTTATCCC-1,0.000025,0.995669,0.00005,0.000099,0.004157
AAATTAACGGGTAGCT-1,0.000017,0.000017,0.084294,0.644567,0.271104
AAATTAATAAGCGCGA-1,0.000032,0.579636,0.104667,0.003083,0.312583
AAATTACACGACTCTG-1,0.000017,0.000017,0.1153,0.853245,0.031422
AAATTACCTATCGATG-1,0.00003,0.00003,0.440673,0.459748,0.099518
AAATTCCAGGTCCAAA-1,0.000032,0.000032,0.546015,0.399356,0.054564
AAATTGATAGTCCTTT-1,0.000029,0.989597,0.000058,0.010258,0.000058
AAATTGCGGCGGTTCT-1,0.000054,0.872069,0.127556,0.000214,0.000107
AAATTGGTGAGAAGCA-1,0.000034,0.040222,0.70989,0.249785,0.000069
AAATTTACCGAAATCC-1,0.000047,0.744381,0.25529,0.000188,0.000094
AAATTTGCGGGTGTGG-1,0.00001,0.187114,0.143079,0.286364,0.383434
AACAACTGGTAGTTGC-1,0.000014,0.049395,0.000649,0.697053,0.252888
AACAATACATTGTCGA-1,0.000023,0.898192,0.022295,0.000817,0.078673
AACAATTACTCTACGC-1,0.000019,0.00379,0.17069,0.132616,0.692886
AACACACGCTCGCCGC-1,0.000008,0.010539,0.003789,0.927561,0.058104
AACACGACTGTACTGA-1,0.000074,0.208006,0.676839,0.014259,0.100823
AACACGAGACGCGGCC-1,0.000021,0.75563,0.095128,0.01424,0.134982
AACACGCGGCCGCGAA-1,0.000037,0.758642,0.16645,0.00015,0.074721
AACAGCTGTGTGGCAA-1,0.000049,0.898302,0.095722,0.000196,0.005731
AACAGGAAATCGAATA-1,0.000024,0.002675,0.361647,0.521869,0.113785
AACAGGATGGGCCGCG-1,0.000014,0.000014,0.009207,0.333418,0.657346
AACAGGTAGTATGGAT-1,0.00002,0.010912,0.005298,0.886995,0.096776
AACATAGCGTGTATCG-1,0.000008,0.002799,0.069095,0.758446,0.169651
AACATATCAACTGGTG-1,0.000017,0.000017,0.004757,0.985455,0.009754
AACATCGATACGTCTA-1,0.000059,0.000059,0.793501,0.206262,0.000119
AACATTGGTCAGCCGT-1,0.000037,0.99967,0.000073,0.000147,0.000073
AACATTGTGACTCGAG-1,0.000046,0.919435,0.048488,0.031938,0.000093
AACCAAGACTTCTCTG-1,0.00001,0.009846,0.026979,0.408176,0.554989
AACCAGTATCACTCTT-1,0.000062,0.784331,0.16551,0.036373,0.013725
AACCATGGGATCGCTA-1,0.000034,0.02292,0.423448,0.399327,0.154271
AACCCAGAGACGGAGA-1,0.000017,0.007923,0.214092,0.237437,0.54053
AACCCATCCCATGATC-1,0.000023,0.957085,0.001506,0.00009,0.041296
AACCCGAGCAGAATCG-1,0.000008,0.000008,0.02866,0.772908,0.198416
AACCCTACTGTCAATA-1,0.000041,0.034502,0.349866,0.513795,0.101796
AACCCTGGTGGAACCA-1,0.000055,0.364387,0.635229,0.000219,0.00011
AACCGAGCTTGGTCAT-1,0.000018,0.005269,0.003983,0.928569,0.062161
AACCGCTAAGGGATGC-1,0.000026,0.107802,0.043873,0.688181,0.160118
AACCGTTGTGTTTGCT-1,0.000073,0.001054,0.965541,0.033186,0.000146
AACCTCGCTTTAGCCC-1,0.00002,0.078226,0.145873,0.388263,0.387618
AACCTGTCACGGAATT-1,0.000043,0.056063,0.571629,0.226612,0.145652
AACCTTTAAATACGGT-1,0.00003,0.796255,0.104248,0.017439,0.082029
AACCTTTACGACGTCT-1,0.000013,0.000013,0.003184,0.996765,0.000026
AACGAAAGTCGTCCCA-1,0.000028,0.942144,0.009855,0.000114,0.047859
AACGACCTCCTAGCCG-1,0.000133,0.003255,0.15037,0.676913,0.169328
AACGATAATGCCGTAG-1,0.000023,0.56427,0.059315,0.265145,0.111247
AACGATAGAAGGGCCG-1,0.000049,0.012321,0.849765,0.130036,0.007829
AACGATATGTCAACTG-1,0.00002,0.007208,0.26374,0.681584,0.047448
AACGCATGATCTGGGT-1,0.000031,0.000031,0.11701,0.882867,0.000062
AACGCGAACGGCAACA-1,0.000028,0.857237,0.132702,0.00011,0.009923
AACGCGACCTTGGGCG-1,0.000026,0.932541,0.013054,0.000102,0.054277
AACGCGGTCTCCAGCC-1,0.000066,0.035094,0.338007,0.232151,0.394682
AACGCTGTTGCTGAAA-1,0.000026,0.003413,0.163797,0.670579,0.162186
AACGGACGTACGTATA-1,0.000035,0.022512,0.077271,0.842192,0.05799
AACGGCCATCTCCGGT-1,0.000012,0.18282,0.000023,0.171059,0.646086
AACGTACTGTGGGTAC-1,0.000016,0.304425,0.000033,0.202835,0.492691
AACGTCAGACTAGTGG-1,0.000019,0.000019,0.126285,0.404481,0.469196
AACGTCGCTGCACTTC-1,0.000036,0.011141,0.192307,0.796444,0.000072
AACGTGATGAAGGACA-1,0.000057,0.034172,0.959864,0.000227,0.00568
AACGTGCGAAAGTCTC-1,0.000025,0.010352,0.011482,0.682646,0.295495
AACGTTATCAGCACCT-1,0.000029,0.323502,0.135884,0.106608,0.433977
AACGTTCTACCATTGT-1,0.00003,0.00003,0.026724,0.937892,0.035323
AACTACCCGTTTGTCA-1,0.000012,0.019516,0.000023,0.961878,0.018571
AACTAGCGTATCGCAC-1,0.000055,0.906583,0.063031,0.000219,0.030112
AACTAGGCTTGGGTGT-1,0.000028,0.745145,0.14438,0.000113,0.110334
AACTCAAGTTAATTGC-1,0.000017,0.001339,0.018127,0.559156,0.421362
AACTCCAGAGCGTGTT-1,0.000017,0.086407,0.006439,0.869409,0.037728
AACTCCTAATCCCATG-1,0.000056,0.000056,0.848269,0.143799,0.007819
AACTCGATAAACACGT-1,0.000018,0.999839,0.000036,0.000072,0.000036
AACTCGATGGCGCAGT-1,0.000019,0.01336,0.028063,0.735974,0.222584
AACTCTCAATAGAGCG-1,0.000026,0.009896,0.074796,0.91523,0.000052
AACTCTCAGTGTGCTC-1,0.000042,0.833579,0.10427,0.001588,0.060521
AACTGAGGTCAGCGTC-1,0.000031,0.343444,0.656341,0.000123,0.000061
AACTGAGTTATACTGA-1,0.000048,0.000048,0.350207,0.6496,0.000096
AACTGATATTAGGCCT-1,0.000038,0.000038,0.129782,0.870068,0.000075
AACTGGGTCCCGACGT-1,0.000046,0.001272,0.309532,0.683926,0.005224
AACTGGTGTGGGCCTT-1,0.00004,0.974811,0.024907,0.000161,0.000081
AACTTCTGCGTCTATC-1,0.000013,0.011548,0.131256,0.380362,0.476821
AACTTGCCCGTATGCA-1,0.00001,0.007725,0.008766,0.525257,0.458242
AACTTGCGTTCTCGCG-1,0.000007,0.058199,0.000014,0.637227,0.304553
AACTTTACGGGAGCTT-1,0.000052,0.834028,0.141358,0.024459,0.000103
AACTTTAGCTGCTGAG-1,0.000028,0.931957,0.045626,0.006946,0.015443
AACTTTCTCGATCATG-1,0.000037,0.000037,0.48361,0.198288,0.318029
AAGAAATCACCAGATT-1,0.000075,0.013737,0.732381,0.253658,0.00015
AAGAAGGATCAGTTAG-1,0.000061,0.080951,0.506675,0.182663,0.22965
AAGACATACGTGGTTT-1,0.000014,0.000014,0.070649,0.8215,0.107822
AAGACCCAACTGAACA-1,0.00002,0.840639,0.000041,0.058507,0.100793
AAGACTAACCCGTTGT-1,0.000019,0.602035,0.000612,0.000077,0.397256
AAGACTGCAAGCTACT-1,0.000016,0.009728,0.105238,0.610909,0.274109
AAGAGATGAATCGGTA-1,0.000009,0.009778,0.015343,0.575356,0.399514
AAGAGCTCTTTATCGG-1,0.000025,0.179144,0.092779,0.703101,0.024951
AAGAGGATGTACGCGA-1,0.000018,0.058761,0.138093,0.111315,0.691813
AAGAGGCATGGATCGC-1,0.000016,0.03677,0.131682,0.765864,0.065668
AAGAGGCCCTTTGGAA-1,0.000014,0.000062,0.099276,0.369893,0.530755
AAGATGGCACCGGACC-1,0.000039,0.872084,0.041021,0.000158,0.086698
AAGATTGGCGGAACGT-1,0.00002,0.032609,0.248558,0.515586,0.203227
AAGCACCCTGCGTATC-1,0.000034,0.631795,0.041831,0.180318,0.146023
AAGCATACTCTCCTGA-1,0.000009,0.125855,0.000018,0.587477,0.286641
AAGCCGAAGCGGTTTA-1,0.000015,0.009016,0.064694,0.803501,0.122773
AAGCCGCTTTACCTTG-1,0.000079,0.000079,0.971212,0.028472,0.000158
AAGCCGGAGAGCAGGA-1,0.00002,0.00002,0.144572,0.780074,0.075314
AAGCGCAGGGCTTTGA-1,0.000023,0.589303,0.095785,0.12118,0.19371
AAGCGGAGTGCGCGCA-1,0.00002,0.04207,0.265853,0.635874,0.056182
AAGCGGCGTCATGGGT-1,0.0001,0.044867,0.951325,0.003509,0.000199
AAGCGTCCCTCATCGA-1,0.000035,0.874084,0.005791,0.000142,0.119948
AAGCTAGATCGAGTAA-1,0.000032,0.452816,0.126156,0.26677,0.154226
AAGCTCGTGCCAAGTC-1,0.000018,0.024361,0.050505,0.74705,0.178067
AAGCTCTTTCATGGTG-1,0.000047,0.086994,0.425189,0.224708,0.263062
AAGGAGAACTTATAAG-1,0.000049,0.960302,0.011574,0.027978,0.000097
AAGGAGCGGTTGGTGC-1,0.000033,0.000033,0.156783,0.547255,0.295896
AAGGATCGATCGCTTG-1,0.000026,0.005602,0.063202,0.902954,0.028216
AAGGATGAGGGACCTC-1,0.000021,0.000021,0.068669,0.765352,0.165936
AAGGCAGGCTGTCTCC-1,0.000033,0.000033,0.229467,0.495333,0.275132
AAGGCGCGTAAAGCTT-1,0.000015,0.003232,0.172508,0.318046,0.506199
AAGGCTGTGCTCATCG-1,0.000015,0.000015,0.00003,0.62031,0.37963
AAGGGACAGATTCTGT-1,0.000011,0.000011,0.031116,0.953502,0.01536
AAGGGACTATGCATTC-1,0.000061,0.943739,0.055832,0.000245,0.000123
AAGGGTTAGCCATGCG-1,0.000037,0.000037,0.135951,0.8257,0.038275
AAGGTATCCTAATATA-1,0.000024,0.01277,0.136175,0.814892,0.036139
AAGGTGATAAACCAGC-1,0.000038,0.006317,0.264682,0.041248,0.687715
AAGTAGAAGACCGGGT-1,0.000038,0.001286,0.459146,0.33289,0.20664
AAGTAGTGACGCGAGG-1,0.000017,0.044448,0.053633,0.016719,0.885184
AAGTCAATTGTCGTCA-1,0.000023,0.022125,0.343758,0.497991,0.136103
AAGTCTAGTAGCTGCC-1,0.00005,0.00005,0.381113,0.618686,0.0001
AAGTCTTCTGTGGCCT-1,0.000033,0.97136,0.000065,0.028477,0.000065
AAGTGACGACCGAATT-1,0.000008,0.013541,0.096498,0.077678,0.812274
AAGTGAGTCGGGTTTA-1,0.000043,0.88885,0.02742,0.026194,0.057492
AAGTGCAAAGGTAGAC-1,0.000023,0.595642,0.039895,0.033957,0.330484
AAGTGCCTTGACTGTA-1,0.000018,0.028575,0.424127,0.41039,0.13689
AAGTGCGTTAGAATCT-1,0.000027,0.81715,0.007521,0.000106,0.175196
AAGTGTTTGGAGACGG-1,0.000032,0.414754,0.113686,0.357383,0.114145
AAGTTCACTCCAAGCT-1,0.000038,0.041535,0.291977,0.52269,0.143759
AAGTTCAGTCTGCGTA-1,0.000014,0.010872,0.003984,0.984249,0.000881
AAGTTCGGCCAACAGG-1,0.000011,0.248646,0.000518,0.142369,0.608456
AAGTTGTGATGTTATA-1,0.000012,0.000012,0.037434,0.944339,0.018203
AAGTTTACTAATGGCA-1,0.000052,0.906816,0.09282,0.000208,0.000104
AAGTTTATGGGCCCAA-1,0.000044,0.648729,0.258417,0.020438,0.072373
AATAACAACGCTCGGC-1,0.000011,0.005106,0.058399,0.41186,0.524624
AATAACACTAGAACAA-1,0.000038,0.708181,0.128419,0.000153,0.163208
AATAACGTCGCGCCCA-1,0.000017,0.000017,0.003124,0.984205,0.012637
AATAAGTCCTCGAGAC-1,0.000034,0.979558,0.007649,0.012692,0.000067
AATAATCTTCGTATCG-1,0.000052,0.000052,0.670553,0.323823,0.00552
AATACAATGTTTCAGG-1,0.000019,0.019035,0.065435,0.452936,0.462574
AATACCTGATGTGAAC-1,0.000015,0.000015,0.038221,0.820169,0.141581
AATAGAACAGAGTGGC-1,0.00003,0.923535,0.012297,0.024414,0.039724
AATAGAATCTGTTTCA-1,0.000014,0.04999,0.002031,0.758825,0.18914
AATAGCAAGCCTCCTG-1,0.000037,0.512219,0.487525,0.000146,0.000073
AATAGCTACCGCGTGC-1,0.000016,0.000016,0.123875,0.872789,0.003304
AATAGTCCGTCCCGAC-1,0.000022,0.839789,0.000043,0.000086,0.16006
AATAGTCGCGAGTCGG-1,0.000029,0.916099,0.028414,0.052487,0.002971
AATATCAAGGTCGGAT-1,0.000087,0.536805,0.268501,0.194432,0.000175
AATATCCTAGCAAACT-1,0.000022,0.66838,0.00244,0.000088,0.329071
AATATCGAATCAATGC-1,0.000013,0.076245,0.029089,0.824681,0.069973
AATATCGAGGGTTCTC-1,0.000039,0.000039,0.624434,0.042429,0.33306
AATATTGGAGTATTGA-1,0.000029,0.103966,0.214177,0.252089,0.429738
AATCAGACTGCAGGAC-1,0.00005,0.920543,0.079105,0.000201,0.0001
AATCATGTAAAGACTC-1,0.000009,0.000009,0.056274,0.746896,0.196811
AATCCAAGGGCCTGAG-1,0.000051,0.249983,0.308781,0.33965,0.101534
AATCCATGCAAGGGTG-1,0.000024,0.778553,0.003719,0.000097,0.217608
AATCGCCTCAGCGCCA-1,0.000015,0.000015,0.018636,0.790911,0.190422
AATCGCGCAGAGGACT-1,0.000021,0.000021,0.053542,0.89549,0.050926
AATCGGGACACTACGA-1,0.000049,0.752512,0.183156,0.000195,0.064089
AATCGGTATAGCCCTC-1,0.000018,0.000018,0.0429,0.799973,0.157092
AATCGTGAGCCGAGCA-1,0.000033,0.036026,0.190444,0.574572,0.198924
AATCTAGGTTTACTTG-1,0.000044,0.828511,0.0901,0.000178,0.081167
AATCTATGCCGGAGCC-1,0.00003,0.00003,0.086308,0.913571,0.000061
AATCTCTACTGTGGTT-1,0.000036,0.758414,0.147501,0.049794,0.044255
AATCTGCGTTGGGACG-1,0.000034,0.051022,0.224335,0.719112,0.005497
AATCTGGCTTTCTAGT-1,0.000037,0.847629,0.060455,0.000149,0.09173
AATGACAGCAATGTCT-1,0.000021,0.679773,0.004363,0.015875,0.299967
AATGACGTAGGATGTC-1,0.000051,0.044408,0.387869,0.453797,0.113876
AATGACTGTCAGCCGG-1,0.000018,0.000018,0.010769,0.555322,0.433873
AATGAGTTCGCATATG-1,0.000048,0.085951,0.223463,0.390615,0.299922
AATGATGATACGCTAT-1,0.000038,0.015748,0.518353,0.301345,0.164516
AATGATGCGACTCCTG-1,0.000039,0.024123,0.281143,0.680725,0.01397
AATGCAACCGGGTACC-1,0.000023,0.00585,0.131764,0.422093,0.44027
AATGCACCAAGCAATG-1,0.00003,0.00003,0.367363,0.632517,0.00006
AATGGTCCACCGTTCA-1,0.000012,0.009501,0.000024,0.189156,0.801306
AATGGTTCTCACAAGC-1,0.000029,0.063964,0.294166,0.190185,0.451656
AATGTGCCCGAGGTGT-1,0.000028,0.975065,0.000056,0.024794,0.000056
AATGTTAAGACCCTGA-1,0.000011,0.026199,0.12951,0.660588,0.183693
AATGTTGTCGTGAGAC-1,0.00002,0.005909,0.074709,0.730109,0.189253
AATTAAAGGTCGGCGT-1,0.000045,0.023659,0.105337,0.357235,0.513725
AATTAACGGATTTCCA-1,0.000039,0.869999,0.109505,0.02038,0.000077
AATTACTCGTACGCTC-1,0.000089,0.74492,0.081884,0.000356,0.172751
AATTAGCGCTGCAGCG-1,0.00005,0.695213,0.218564,0.013026,0.073146
AATTATACCCAGCAAG-1,0.000029,0.040375,0.619398,0.333715,0.006483
AATTCATAAGGGATCT-1,0.000015,0.000015,0.041608,0.93629,0.022072
AATTCCAACTTGGTGA-1,0.00005,0.98581,0.007704,0.000202,0.006235
AATTCCAAGCATGTAC-1,0.00002,0.847288,0.00004,0.00008,0.152572
AATTCGATTCGAGGAT-1,0.000036,0.410201,0.197272,0.084239,0.308252
AATTCTAGAGTTAGGC-1,0.000036,0.848992,0.035076,0.115824,0.000072
AATTGAACGCTCTGGT-1,0.00002,0.04048,0.09451,0.66194,0.203049
AATTGCAGCAATCGAC-1,0.000032,0.000032,0.523824,0.174512,0.3016
AATTGTGGTTGCCAAA-1,0.000049,0.000049,0.561014,0.281869,0.15702
AATTTGGGACATAGTA-1,0.000055,0.000055,0.474846,0.524932,0.000111
AATTTGGTTCCAAAGA-1,0.000053,0.080099,0.728636,0.000214,0.190998
ACAAAGAAGGTAGGCC-1,0.00002,0.784216,0.05086,0.000078,0.164826
ACAAAGCATGACCTAG-1,0.00001,0.013563,0.139604,0.737756,0.109066
ACAAATCGCACCGAAT-1,0.000009,0.028776,0.007916,0.693935,0.269364
ACAAATGGTAGTGTTT-1,0.000019,0.007788,0.082218,0.757591,0.152383
ACAAATTCAGATCTGA-1,0.000043,0.48746,0.431903,0.060373,0.020222
ACAACAGCATGAGCTA-1,0.000033,0.072844,0.273254,0.633249,0.02062
ACAACGGTCCCTGCGA-1,0.000008,0.000008,0.000611,0.589618,0.409754
ACAAGCAGTGCCTAGC-1,0.000007,0.000007,0.001484,0.652398,0.346103
ACAAGCTATATGGAAG-1,0.000045,0.915485,0.070508,0.013871,0.00009
ACAAGGAAATCCGCCC-1,0.000013,0.10206,0.013521,0.456637,0.427769
ACAAGGACAAGAGGTT-1,0.000031,0.000031,0.147466,0.592397,0.260075
ACAAGGATGCTTTAGG-1,0.000018,0.014866,0.149326,0.574374,0.261416
ACAAGGGCAGGCTCTG-1,0.00003,0.022584,0.402922,0.354986,0.219479
ACAATAGTCGTACGTT-1,0.000022,0.197938,0.297415,0.000087,0.504538
ACAATCCATTTAAACC-1,0.000006,0.000006,0.207224,0.210038,0.582726
ACAATGAATACGGAGA-1,0.000052,0.793078,0.188184,0.000209,0.018476
ACAATGATTCTTCTAC-1,0.000029,0.59433,0.404389,0.001196,0.000057
ACAATTGTGTCTCTTT-1,0.000022,0.05892,0.000548,0.847672,0.092838
ACAATTTAGGAGGCTC-1,0.000033,0.815907,0.067099,0.041527,0.075433
ACAATTTGAGCAGTGG-1,0.000023,0.000023,0.039545,0.879474,0.080934
ACAATTTGGCCATATT-1,0.000017,0.000017,0.011281,0.971578,0.017107
ACACAAAGACGGGTGG-1,0.000017,0.000017,0.495073,0.100353,0.40454
ACACAAATATTCCTAG-1,0.000083,0.116923,0.790172,0.092657,0.000165
ACACACCAGGACCAGT-1,0.000017,0.060837,0.122074,0.505417,0.311654
ACACACTTTCTACACG-1,0.000027,0.000027,0.234166,0.755424,0.010356
ACACATGATCAAATCT-1,0.000026,0.979035,0.000051,0.000103,0.020785
ACACATTGACGCAACA-1,0.000026,0.999766,0.000052,0.000104,0.000052
ACACCACATAATTAGC-1,0.000026,0.000026,0.151358,0.832119,0.016472
ACACCCAGCATGCAGC-1,0.000014,0.000014,0.00625,0.713803,0.279918
ACACCCGAGAAATCCG-1,0.000049,0.019541,0.813409,0.015158,0.151843
ACACCGAGCGCTCTTT-1,0.000035,0.7871,0.159932,0.000139,0.052794
ACACCTTAAGTAGGGC-1,0.000012,0.047289,0.000024,0.58123,0.371445
ACACCTTACTACTTGC-1,0.000019,0.000019,0.137095,0.789032,0.073835
ACACGAGACTCCTTCT-1,0.000035,0.030056,0.182192,0.605477,0.18224
ACACGGCACTATGCAT-1,0.000037,0.927554,0.057015,0.000146,0.015248
ACACGGGAACTTAGGG-1,0.000011,0.000011,0.015299,0.837557,0.147123
ACACGTAGGCCACAAG-1,0.00001,0.00001,0.026706,0.899019,0.074254
ACACTCCAATGTCACT-1,0.000008,0.13883,0.004103,0.275552,0.581506
ACACTGATCAAGGTGT-1,0.000029,0.737951,0.000989,0.10015,0.160881
ACACTGGGACAGTCGT-1,0.000021,0.026837,0.232683,0.665596,0.074862
ACAGAACTGAGAACAA-1,0.00002,0.945744,0.000335,0.000079,0.053823
ACAGATTAGGTTAGTG-1,0.000061,0.987571,0.000123,0.012123,0.000123
ACAGCATAGAGCCAGT-1,0.000064,0.144207,0.821726,0.033874,0.000129
ACAGCGACATTCTCAT-1,0.000043,0.000043,0.249611,0.018472,0.731831
ACAGCGCACCCGCAGC-1,0.000055,0.051251,0.877838,0.070747,0.000109
ACAGGAGGCGCAGCCG-1,0.000037,0.881096,0.000767,0.000147,0.117953
ACAGGCACGGATCCTT-1,0.00005,0.029602,0.28812,0.585321,0.096907
ACAGGCTTGCCCGACT-1,0.000018,0.09663,0.067869,0.629846,0.205636
ACAGGTGGAGGTGAGG-1,0.000035,0.830158,0.038723,0.00014,0.130945
ACAGGTGTGTTGTTGC-1,0.000063,0.762842,0.225686,0.000252,0.011157
ACAGTAATACAACTTG-1,0.000047,0.720622,0.040793,0.000189,0.238349
ACAGTATACCGTGGGA-1,0.000073,0.000073,0.75882,0.240888,0.000146
ACATAATAAGGCGGTG-1,0.000025,0.000025,0.179091,0.328774,0.492084
ACATACAATCAAGCGG-1,0.00002,0.013296,0.292737,0.57833,0.115617
ACATCAGCTGGGACGC-1,0.000013,0.299072,0.002123,0.214532,0.484259
ACATCCCGGCCATACG-1,0.000039,0.839501,0.10451,0.000156,0.055793
ACATCCTGGTAACTGT-1,0.000029,0.022348,0.273472,0.509437,0.194714
ACATCGATCGTTTACC-1,0.000019,0.03533,0.011655,0.560301,0.392696
ACATCGGTCAGCCGCG-1,0.000014,0.000014,0.000028,0.413929,0.586014
ACATCGTATGCAATGG-1,0.00002,0.00002,0.183431,0.494261,0.322268
ACATCGTTAACCTAGT-1,0.000089,0.085799,0.876985,0.036949,0.000178
ACATCTCAACGCGTAA-1,0.000049,0.919053,0.06758,0.013221,0.000098
ACATGGCGCCAAAGTA-1,0.000016,0.000016,0.041789,0.859192,0.098987
ACATGGCTCAATTTAG-1,0.000047,0.957629,0.000094,0.042136,0.000094
ACATTAGTTTATATCC-1,0.000029,0.817524,0.031962,0.000116,0.150369
ACATTTGAAACCTAAC-1,0.00004,0.00004,0.287484,0.672375,0.04006
ACCAAACACCCAGCGA-1,0.000047,0.051295,0.884108,0.054451,0.010098
ACCAAACTAGAAATCC-1,0.000041,0.531939,0.13385,0.334087,0.000082
ACCAACACCACACACT-1,0.000012,0.000012,0.005704,0.986169,0.008103
ACCAACCGCACTCCAC-1,0.000027,0.025503,0.296444,0.267603,0.410423
ACCAACGCTTATTTAT-1,0.000042,0.647122,0.263589,0.024657,0.064589
ACCAAGAACGCGTGTC-1,0.00005,0.033885,0.669547,0.0002,0.296318
ACCAAGTCATCGGCAG-1,0.000038,0.005116,0.165242,0.778064,0.051541
ACCAATATGCAAGTTA-1,0.000033,0.560635,0.153462,0.232364,0.053506
ACCACAACTCAGAACA-1,0.000029,0.932719,0.046092,0.021103,0.000057
ACCACAAGTTTCTATC-1,0.000008,0.000008,0.000017,0.697292,0.302674
ACCACCAATGTAACAA-1,0.000036,0.000036,0.514346,0.419939,0.065644
ACCACCCTCTCTTCTA-1,0.000026,0.000026,0.215556,0.645114,0.139278
ACCACGTGCAGCTATA-1,0.000025,0.051369,0.195617,0.31628,0.436709
ACCACTGTTCAAGAAG-1,0.000048,0.936445,0.000095,0.000191,0.063221
ACCAGACCATAACAAC-1,0.000027,0.890245,0.077477,0.000108,0.032142
ACCAGCCCGGTCTTTG-1,0.000054,0.850028,0.127244,0.022567,0.000107
ACCAGGAGTGTGATCT-1,0.000043,0.746384,0.056151,0.000173,0.197248
ACCAGTGCCCGGTCAA-1,0.000064,0.1104,0.685607,0.203802,0.000128
ACCAGTGCGGGAGACG-1,0.000024,0.000024,0.000049,0.996732,0.003171
ACCATATCCGCAATAA-1,0.000027,0.077576,0.11977,0.447543,0.355085
ACCATCCGCCAACTAG-1,0.000017,0.818138,0.011556,0.00007,0.17022
ACCATCGTATATGGTA-1,0.000027,0.026801,0.101051,0.344223,0.527898
ACCATTAAGGGTGTCA-1,0.00004,0.964085,0.000079,0.035716,0.000079
ACCCAACGCCCGTGGC-1,0.000012,0.056825,0.032611,0.869328,0.041224
ACCCACCTACATGCTC-1,0.000025,0.01449,0.235935,0.295773,0.453776
ACCCATCTTGAGGGTA-1,0.000025,0.048033,0.25195,0.04527,0.65472
ACCCATTTGTCCCTCT-1,0.000021,0.000021,0.026139,0.915988,0.057831
ACCCGAGCGAAATTAC-1,0.00004,0.898865,0.005595,0.000158,0.095342
ACCCGGAAACTCCCAG-1,0.000021,0.697889,0.000042,0.000083,0.301965
ACCCGGAGCACCACAA-1,0.000016,0.000016,0.042835,0.889787,0.067346
ACCCGGATGACGCATC-1,0.000022,0.000022,0.040324,0.852162,0.107471
ACCCGGTTACACTTCC-1,0.000012,0.051117,0.000023,0.024782,0.924066
ACCCGTAGTCTAGTTG-1,0.000065,0.000065,0.183953,0.643467,0.17245
ACCCGTGTCATCAGTA-1,0.000032,0.963067,0.002251,0.012441,0.022208
ACCCTATAGGACTGAG-1,0.000014,0.073493,0.122108,0.368802,0.435583
ACCCTATGCCATATCG-1,0.000036,0.924734,0.017666,0.021476,0.036088
ACCCTCCCGTCAGGGC-1,0.000039,0.045035,0.414173,0.124248,0.416505
ACCCTCCCTTGCTATT-1,0.000031,0.097031,0.026678,0.819018,0.057242
ACCCTGGTAACGCCCT-1,0.000029,0.000029,0.105034,0.89485,0.000058
ACCCTTCATCTGCGAA-1,0.000064,0.000064,0.707567,0.292178,0.000127
ACCCTTGCCTGGGTCG-1,0.000081,0.011489,0.969878,0.01839,0.000162
ACCCTTTAGTTCTCCA-1,0.000057,0.878608,0.12099,0.00023,0.000115
ACCGAAAGGGCCCTGC-1,0.000041,0.651746,0.255128,0.03478,0.058305
ACCGAAGAGTCTGGTT-1,0.000022,0.72879,0.001262,0.000087,0.269839
ACCGACACATCTCCCA-1,0.000029,0.769981,0.001434,0.000115,0.228441
ACCGACTGAGTCCCAC-1,0.000008,0.02058,0.000015,0.903531,0.075866
ACCGAGTCTCCTTATT-1,0.000013,0.030437,0.112847,0.412684,0.444018
ACCGATAGGCATAACC-1,0.000015,0.000015,0.191861,0.555645,0.252464
ACCGATATTTAATCAT-1,0.000038,0.000038,0.187422,0.812424,0.000077
ACCGATGGTAGCATCG-1,0.000019,0.046445,0.148525,0.702253,0.102758
ACCGCAATAACTGCCT-1,0.000017,0.269919,0.050002,0.268903,0.411159
ACCGCGGTGGAAGTCG-1,0.000014,0.000014,0.038332,0.701504,0.260137
ACCGGGCCTTTGTTGA-1,0.00003,0.092686,0.07757,0.681689,0.148024
ACCGGTCAGGTACACC-1,0.000029,0.889737,0.011203,0.000118,0.098913
ACCGTGACCACGTGGG-1,0.000034,0.734692,0.064287,0.000134,0.200852
ACCGTTCCCGCTCTGA-1,0.000088,0.861919,0.07995,0.057869,0.000175
ACCTAAGTACCTTTCA-1,0.000034,0.813607,0.114029,0.001502,0.070828
ACCTAATCGACTTCCT-1,0.000024,0.001165,0.124127,0.1173,0.757384
ACCTACAGTATGTGGT-1,0.000023,0.005204,0.004274,0.874874,0.115624
ACCTACTATAAATCTA-1,0.00003,0.897354,0.004658,0.000119,0.09784
ACCTCAGCGAGGCGCA-1,0.000037,0.000037,0.373419,0.462108,0.164399
ACCTCCGCCCTCGCTG-1,0.000046,0.023324,0.355345,0.60444,0.016845
ACCTCCGTTATTCACC-1,0.00001,0.00001,0.00002,0.99994,0.00002
ACCTGCGTGTCATGTT-1,0.000026,0.748967,0.142198,0.000103,0.108705
ACGAAATGGGCGGCAC-1,0.000028,0.000209,0.211896,0.288509,0.499357
ACGACCCATGAGTTGC-1,0.00003,0.00003,0.36291,0.619626,0.017404
ACGACTCTAGGGCCGA-1,0.000026,0.106837,0.415859,0.067931,0.409347
ACGACTGGTCATACTC-1,0.000042,0.905649,0.000084,0.000168,0.094058
ACGAGAACCCATCACG-1,0.000024,0.13184,0.120947,0.278116,0.469073
ACGAGATATTTGCTTA-1,0.000037,0.062841,0.773932,0.137202,0.025989
ACGAGGATACCACTCT-1,0.000022,0.477736,0.063362,0.002457,0.456424
ACGAGGTTTACAACGT-1,0.000016,0.925156,0.001724,0.000063,0.073041
ACGAGTACGGATGCCC-1,0.00004,0.00004,0.122374,0.877466,0.00008
ACGAGTCGCCGGCGTT-1,0.000045,0.902821,0.088096,0.008947,0.000091
ACGATACATAGAACTA-1,0.000044,0.000044,0.602905,0.36813,0.028878
ACGATACCTATCCTGA-1,0.000036,0.899548,0.057581,0.042764,0.000072
ACGATCATACATAGAG-1,0.000041,0.001137,0.341898,0.473411,0.183513
ACGATCATCTTGTAAA-1,0.000049,0.000049,0.294313,0.677764,0.027825
ACGATGCATATGTTAT-1,0.000016,0.053767,0.015109,0.642733,0.288375
ACGATGGATCCGATGC-1,0.00005,0.09483,0.786215,0.000198,0.118707
ACGCAAACTAATAGAT-1,0.000029,0.889268,0.000058,0.000116,0.110529
ACGCAATCACTACAGC-1,0.000015,0.000015,0.00533,0.991291,0.003348
ACGCATACGTTTACTA-1,0.000024,0.004215,0.122842,0.483755,0.389165
ACGCATTCGTGAGTAC-1,0.000051,0.011087,0.142309,0.437227,0.409327
ACGCCAGATGATTTCT-1,0.000028,0.000028,0.149865,0.823987,0.026092
ACGCCAGTGCGTTTGC-1,0.000014,0.036194,0.026594,0.789585,0.147614
ACGCCCAGCTGTCGAT-1,0.000037,0.415151,0.119876,0.462128,0.002809
ACGCCGCTAGACGACC-1,0.000023,0.022097,0.060792,0.507952,0.409135
ACGCCTGACACGCGCT-1,0.000027,0.664486,0.034018,0.176799,0.12467
ACGCGAAGTCAGACGA-1,0.000023,0.67577,0.043754,0.000092,0.28036
ACGCGCTACACAGGGT-1,0.000008,0.048813,0.02492,0.431531,0.494728
ACGCGGGCCAAGGACA-1,0.000015,0.000015,0.010384,0.643353,0.346233
ACGCGTTTCTTAAGAG-1,0.000028,0.916408,0.02248,0.032682,0.028401
ACGCTACTGAATGGGC-1,0.000104,0.000104,0.659915,0.300448,0.03943
ACGCTAGTGATACACT-1,0.000015,0.000015,0.000313,0.999627,0.00003
ACGCTGTGAGGCGTAG-1,0.000025,0.665575,0.122293,0.023636,0.188471
ACGGAACACGAGTGCC-1,0.000029,0.000029,0.219243,0.741483,0.039217
ACGGAATTTAGCAAAT-1,0.000013,0.000013,0.000025,0.436072,0.563878
ACGGACTCTCAAAGCG-1,0.000012,0.074382,0.262511,0.447232,0.215863
ACGGAGCGCAAATTAC-1,0.000013,0.000013,0.013324,0.986623,0.000026
ACGGATGGTGCGGATA-1,0.000046,0.185384,0.339242,0.279942,0.195387
ACGGCACTTGCTTGGG-1,0.00005,0.767834,0.210276,0.002548,0.019292
ACGGCCAACATGGACT-1,0.000019,0.770477,0.000038,0.197171,0.032294
ACGGCGACGATGGGAA-1,0.000033,0.058213,0.22819,0.454032,0.259533
ACGGCGGGTTGCCCTG-1,0.000055,0.708618,0.201858,0.000221,0.089248
ACGGGAGTGTCGGCCC-1,0.000018,0.911677,0.009212,0.076683,0.002411
ACGGGCGTATGCGACA-1,0.000017,0.000017,0.000035,0.999895,0.000035
ACGGGTCATGTGACTT-1,0.000034,0.658903,0.215403,0.000135,0.125526
ACGGTACAGTTCAATG-1,0.000008,0.000008,0.163943,0.784818,0.051222
ACGTACAGATTTCTCT-1,0.000091,0.057947,0.928113,0.013666,0.000182
ACGTAGATTGCTGATG-1,0.000027,0.025697,0.181039,0.419553,0.373683
ACGTAGGAGAGTCGCT-1,0.000036,0.48898,0.273181,0.105145,0.132658
ACGTATTACTCCGATC-1,0.000063,0.000063,0.376023,0.596354,0.027498
ACGTCTCGTTCCGGGA-1,0.000021,0.877927,0.0524,0.000084,0.069569
ACGTGACAAAGTAAGT-1,0.000025,0.973097,0.00005,0.015711,0.011117
ACGTGCGCCTCGTGCA-1,0.000014,0.030412,0.014554,0.869544,0.085476
ACGTTAATGTCGAAGA-1,0.000024,0.088023,0.145889,0.597796,0.168268
ACGTTAGATTTGCCCG-1,0.00001,0.044445,0.003209,0.607247,0.345089
ACGTTATTGGTCACTC-1,0.00003,0.329445,0.111961,0.217208,0.341355
ACGTTCCGCGCTCCGT-1,0.000052,0.924805,0.067791,0.007249,0.000104
ACGTTCGCAATCAATT-1,0.000034,0.117902,0.124259,0.757735,0.000069
ACGTTCGTTCAGGAAA-1,0.000051,0.953544,0.00282,0.000204,0.043381
ACGTTCTGTACAAGTC-1,0.000018,0.104842,0.123607,0.616019,0.155515
ACGTTTAGTTGTGATC-1,0.000034,0.000034,0.326158,0.662188,0.011586
ACGTTTCGGTGCACTT-1,0.000195,0.000195,0.576291,0.406362,0.016958
ACTAAGGACGCACACC-1,0.00002,0.314263,0.542123,0.142973,0.000621
ACTAATACGTCAGGCG-1,0.000094,0.33809,0.661253,0.000375,0.000188
ACTACCAGCTCTCTGG-1,0.00003,0.008364,0.200085,0.52485,0.266672
ACTACGCGTTAGAATT-1,0.000042,0.923929,0.045807,0.030136,0.000085
ACTAGTTGCGATCGTC-1,0.000034,0.008462,0.160201,0.729971,0.101331
ACTATATGCTGTGTTC-1,0.000071,0.000071,0.776572,0.000285,0.223
ACTATCCAGGGCATGG-1,0.00001,0.00001,0.01771,0.961008,0.021261
ACTATCGCCGGCTAAA-1,0.000026,0.962711,0.000053,0.037157,0.000053
ACTATCTGCCCGCGTA-1,0.000013,0.000013,0.008666,0.745796,0.245513
ACTATTCGTCCGTGGT-1,0.000025,0.000025,0.155824,0.827181,0.016944
ACTATTTCCGGGCCCA-1,0.000027,0.891006,0.001985,0.000108,0.106875
ACTCAACGAATGTATT-1,0.000041,0.961265,0.013903,0.02471,0.000081
ACTCAAGTGCAAGGCT-1,0.00003,0.118356,0.034132,0.640874,0.206608
ACTCAATAAAGGCACG-1,0.000041,0.000041,0.241245,0.684413,0.07426
ACTCAGACCTGCTTCT-1,0.00003,0.347439,0.095115,0.261297,0.296119
ACTCCAATATCATCAT-1,0.000023,0.786902,0.000046,0.06461,0.148419
ACTCCCATTCCTAAAG-1,0.000026,0.914846,0.03253,0.052544,0.000053
ACTCCCGAATTCGTTT-1,0.000029,0.000029,0.03425,0.964667,0.001025
ACTCCCGTAGACTAGG-1,0.000048,0.010768,0.278122,0.710966,0.000095
ACTCCCTAATGCTAAA-1,0.000023,0.794065,0.001382,0.000091,0.204438
ACTCCCTAGAATAGTA-1,0.000033,0.508539,0.306811,0.010471,0.174146
ACTCCGGCCGACCACT-1,0.000021,0.098081,0.286012,0.552146,0.063741
ACTCGATGTATTTCAT-1,0.000024,0.633066,0.025083,0.130943,0.210885
ACTCGCCGTTCGATAA-1,0.000012,0.034815,0.015422,0.850504,0.099248
ACTCGCGATCTGACGC-1,0.000038,0.000038,0.231596,0.768252,0.000076
ACTCGTAACCCGTCCT-1,0.00002,0.835965,0.00004,0.00008,0.163896
ACTCGTCAGTAATCCC-1,0.000045,0.038295,0.270629,0.468393,0.222639
ACTCTAAACCTGGGAT-1,0.000029,0.970562,0.000058,0.029292,0.000058
ACTCTCTGACTTAGGT-1,0.00004,0.077221,0.236451,0.47339,0.212899
ACTCTCTTATACACGA-1,0.000113,0.149349,0.790414,0.059898,0.000226
ACTCTGACCTAATAGA-1,0.000031,0.000031,0.369791,0.49326,0.136888
ACTCTTCAGCTCCCGC-1,0.000019,0.000019,0.016757,0.872962,0.110244
ACTCTTGTATAGTAAC-1,0.000009,0.080175,0.000796,0.80903,0.10999
ACTGAAACGCCGTTAG-1,0.000025,0.02792,0.146138,0.812944,0.012974
ACTGAATGGCGAAAGT-1,0.000021,0.05869,0.217832,0.52769,0.195766
ACTGATTTAGTGATTC-1,0.000051,0.875076,0.070344,0.054427,0.000102
ACTGCCGTCGTAACTC-1,0.000025,0.000025,0.392619,0.393024,0.214308
ACTGCGGACACACCGT-1,0.000062,0.000062,0.297088,0.702663,0.000125
ACTGCTCGGAAGGATG-1,0.000042,0.979256,0.000084,0.000168,0.02045
ACTGGCGAACCTGCGT-1,0.000046,0.856804,0.142875,0.000183,0.000092
ACTGTACGATACACAT-1,0.000033,0.000033,0.333535,0.662828,0.003572
ACTGTAGCACTTTGGA-1,0.000014,0.000014,0.017032,0.64206,0.34088
ACTGTATACGCGAGCA-1,0.000018,0.000018,0.071976,0.82893,0.099058
ACTGTCCAGGATTATA-1,0.000018,0.006468,0.133534,0.3934,0.46658
ACTGTCTTCTTTAGAA-1,0.000037,0.2021,0.213613,0.233356,0.350894
ACTGTGCTAGTAGATC-1,0.000021,0.044173,0.002127,0.774935,0.178744
ACTGTTTAGTGTAGGC-1,0.000066,0.848831,0.150707,0.000264,0.000132
ACTTACCGGGCGCGCA-1,0.000023,0.007862,0.817218,0.017013,0.157885
ACTTACGCATCCACGC-1,0.00003,0.744291,0.010576,0.220061,0.025043
ACTTAGTACGACAAGA-1,0.000014,0.000014,0.107921,0.642436,0.249616
ACTTATACTTACCCGG-1,0.000016,0.060837,0.100879,0.769335,0.068932
ACTTATTAGGATCGGT-1,0.000023,0.059271,0.047716,0.520348,0.372641
ACTTATTTATGTGCCA-1,0.000019,0.039635,0.003083,0.73891,0.218353
ACTTCAGGCTGATCCC-1,0.000057,0.123199,0.3213,0.287454,0.26799
ACTTCCAGTGGAAGCT-1,0.000028,0.797765,0.014454,0.074648,0.113104
ACTTCCATGCGGGACA-1,0.000019,0.182031,0.011457,0.650306,0.156188
ACTTCGCCATACGCAC-1,0.000022,0.105907,0.009123,0.799599,0.085348
ACTTCGCTAGCGAGTG-1,0.000041,0.001589,0.652311,0.288633,0.057426
ACTTGACTCCCTCTTT-1,0.000047,0.051461,0.177825,0.543598,0.227069
ACTTGCCATATTGTAC-1,0.000072,0.846417,0.15308,0.000287,0.000144
ACTTGGGACCCGGTGG-1,0.000007,0.024932,0.000937,0.818365,0.155759
ACTTGTAGTCCCTTCA-1,0.000026,0.756035,0.069312,0.000104,0.174523
ACTTGTGGATGGAACG-1,0.00004,0.275984,0.466877,0.257021,0.000079
ACTTTACCCTCATGAA-1,0.000047,0.021447,0.624153,0.343981,0.010371
ACTTTCCTATAGCTTC-1,0.000023,0.000023,0.120549,0.382344,0.497061
ACTTTGACTGCATCCT-1,0.000027,0.906212,0.04645,0.005845,0.041467
ACTTTGTCGACGCACT-1,0.000062,0.000062,0.33755,0.662204,0.000123
AGAAATTATGACTCGC-1,0.00001,0.00001,0.093362,0.812828,0.09379
AGAACCCAGCGTGACA-1,0.000027,0.000027,0.183999,0.815892,0.000055
AGAACGTGGTACATTC-1,0.000032,0.014574,0.44866,0.330068,0.206666
AGAACTGTACTTTGTA-1,0.000044,0.02803,0.650578,0.30473,0.016618
AGAAGAGCGCCGTTCC-1,0.000413,0.043045,0.143636,0.812079,0.000827
AGAAGGTACACTTCAC-1,0.000042,0.932503,0.017446,0.000167,0.049842
AGAAGGTTGCCGAATT-1,0.000008,0.000008,0.000016,0.685772,0.314195
AGAAGGTTGTAGGTCG-1,0.000032,0.162928,0.327361,0.190431,0.319247
AGAAGTGATTCGTGAT-1,0.000029,0.778783,0.050887,0.047734,0.122567
AGAATAAATCTTCAGG-1,0.000025,0.905573,0.004102,0.076247,0.014053
AGAATACAGGCTATCC-1,0.000039,0.002478,0.371028,0.450574,0.17588
AGAATGCGGGTTCGGA-1,0.000064,0.010291,0.642424,0.000257,0.346964
AGAATTATGGATTCGA-1,0.000011,0.031991,0.14,0.812904,0.015093
AGAATTGTTTGACATA-1,0.000027,0.043781,0.182034,0.000108,0.77405
AGACAGCTCAGAATCC-1,0.000054,0.101141,0.40777,0.040855,0.45018
AGACAGGCATCTCAGC-1,0.000032,0.000032,0.013397,0.589227,0.397312
AGACATAGATCCTTCC-1,0.000054,0.97608,0.000107,0.004538,0.019221
AGACCAAACCACACCT-1,0.000027,0.88398,0.000053,0.000106,0.115833
AGACCATGGGATACAA-1,0.000006,0.000006,0.000012,0.753273,0.246703
AGACCCACCGCTGATC-1,0.000019,0.415882,0.034505,0.303041,0.246553
AGACCCGCCCTCCTCG-1,0.000023,0.003166,0.073994,0.291537,0.63128
AGACCGCTCCGCGGTT-1,0.000012,0.002083,0.003333,0.921153,0.073419
AGACCGGGAAACCCTG-1,0.000007,0.055302,0.018233,0.432962,0.493496
AGACGAAGTGCCGGTC-1,0.000033,0.023813,0.17737,0.746786,0.051998
AGACGACGATGCCGCT-1,0.000032,0.939921,0.006941,0.035541,0.017565
AGACGCCCACTTCGCC-1,0.000012,0.000012,0.003027,0.967314,0.029635
AGACGGGCCGATTTAA-1,0.000038,0.363418,0.356019,0.280421,0.000104
AGACTAGCCTTCCAGA-1,0.000012,0.002494,0.000025,0.699836,0.297632
AGACTGTTACCGGGTC-1,0.000018,0.925012,0.000036,0.000073,0.074861
AGAGAACCGTCTAGGA-1,0.000011,0.010135,0.009289,0.976021,0.004544
AGAGAAGGAGTACAAT-1,0.000049,0.888684,0.026461,0.000196,0.08461
AGAGATCTCTAAAGCG-1,0.000013,0.174311,0.042821,0.020496,0.762359
AGAGCAGTTATGAGAC-1,0.000024,0.005255,0.061061,0.394147,0.539512
AGAGCCGCCGAGATTT-1,0.000018,0.038408,0.091102,0.702212,0.16826
AGAGCGCTTGTAACGG-1,0.000061,0.000061,0.720129,0.000246,0.279503
AGAGCGGGCTAATCAT-1,0.000017,0.000017,0.171888,0.625196,0.202882
AGAGCGTACAAGCTCG-1,0.000025,0.000025,0.183374,0.235151,0.581426
AGAGCTACGAAAGCAT-1,0.000025,0.886272,0.073863,0.000101,0.03974
AGAGGCTTCGGAAACC-1,0.00004,0.00004,0.327798,0.218075,0.454047
AGAGGGACAATTGTCC-1,0.000044,0.951155,0.01491,0.033803,0.000089
AGAGGTATCTCGGTCC-1,0.000036,0.998654,0.000073,0.000146,0.001092
AGAGTAAACTTCACTA-1,0.000028,0.013162,0.029401,0.871099,0.08631
AGAGTATAGTGTTACG-1,0.000023,0.000023,0.169282,0.818798,0.011873
AGAGTCTTAATGAAAG-1,0.000032,0.000032,0.469397,0.429561,0.100978
AGAGTTAGAGACCGAT-1,0.000047,0.870397,0.121558,0.007903,0.000095
AGAGTTGCAGGCCTCC-1,0.000039,0.483861,0.377633,0.093921,0.044546
AGATAACTTCAGGGCC-1,0.000013,0.000013,0.000025,0.690876,0.309073
AGATACCAATAGAACC-1,0.000015,0.000015,0.041037,0.865083,0.09385
AGATACCAGCACTTCA-1,0.000099,0.000099,0.999212,0.000394,0.000197
AGATACCGGTGTTCAC-1,0.000013,0.001162,0.088278,0.554147,0.3564
AGATACGACTTCATAT-1,0.000037,0.000037,0.378663,0.520951,0.100311
AGATACTCAAGATCGA-1,0.00001,0.074092,0.00002,0.813665,0.112212
AGATATAATACGACTA-1,0.000024,0.774294,0.05884,0.014205,0.152637
AGATCGTGCATAAGAT-1,0.00002,0.00002,0.152862,0.838147,0.00895
AGATCTCAGGTGTGAT-1,0.000011,0.052317,0.009855,0.848044,0.089773
AGATGACTCGCCCACG-1,0.000035,0.000035,0.018167,0.887587,0.094177
AGATGAGGGTTGCGAT-1,0.000049,0.000049,0.489085,0.510719,0.000098
AGATGATGGAGTCTGG-1,0.000023,0.000023,0.083639,0.881013,0.0353
AGATGCAAGACGTGCA-1,0.000026,0.951109,0.000052,0.000104,0.04871
AGATGCATCCTGTGTC-1,0.000043,0.980674,0.000085,0.000171,0.019027
AGATGCTATAACGAGC-1,0.000022,0.935544,0.000043,0.008717,0.055674
AGATTATAGGACGTTT-1,0.000018,0.094938,0.000036,0.610773,0.294235
AGATTCACAACCGATA-1,0.000026,0.827866,0.010002,0.000104,0.162001
AGCAAAGGCCGCTAGT-1,0.000014,0.413367,0.000683,0.419703,0.166232
AGCAACATATCTTATT-1,0.000014,0.000014,0.013436,0.892574,0.093962
AGCAACCGAAAGTAAT-1,0.000028,0.907245,0.000056,0.000112,0.092559
AGCACCAGTACTCACG-1,0.000027,0.075994,0.176471,0.490119,0.257389
AGCACTACCGGCCTGT-1,0.000016,0.080381,0.103642,0.13237,0.683592
AGCACTACCTCACCAG-1,0.000021,0.062976,0.034335,0.612811,0.289857
AGCACTTAAGGACGCC-1,0.000036,0.000036,0.276889,0.165181,0.557858
AGCAGAAGGAGAAAGA-1,0.00002,0.815108,0.117104,0.000084,0.067684
AGCAGCCAGATGAATA-1,0.000029,0.640535,0.10913,0.000115,0.250191
AGCAGTCGAAGCATGC-1,0.000017,0.01787,0.069077,0.714005,0.199031
AGCATATCAATATGCT-1,0.000038,0.027654,0.101371,0.694645,0.176292
AGCATCATTTCGAAAG-1,0.000036,0.875471,0.001826,0.000143,0.122524
AGCATCGTCGATAATT-1,0.000016,0.000016,0.030813,0.571682,0.397472
AGCATTACGAGGCAAG-1,0.000007,0.000007,0.000013,0.992727,0.007247
AGCCAAGCTTTGTGTC-1,0.000038,0.918073,0.013678,0.02408,0.044131
AGCCACAGGTTACCCG-1,0.00001,0.11265,0.062338,0.66425,0.160752
AGCCACTCCCGTGCTT-1,0.000049,0.011212,0.249867,0.738776,0.000097
AGCCATATAGTATGTG-1,0.000019,0.657149,0.024413,0.185371,0.133048
AGCCCATACATGTAAG-1,0.00002,0.114026,0.242352,0.04468,0.598922
AGCCCGCAACAAGCAG-1,0.000013,0.869389,0.00015,0.001883,0.128564
AGCCCGCACTACAATG-1,0.000034,0.000034,0.30652,0.260184,0.433228
AGCCCGGTAGCCTGTA-1,0.00003,0.955145,0.00006,0.00012,0.044645
AGCCCTAAGCGAAGTT-1,0.000019,0.000019,0.051907,0.933824,0.014231
AGCCCTGTCGCACCGT-1,0.000014,0.000014,0.004643,0.910282,0.085048
AGCCCTTCTAATCCGA-1,0.000017,0.000017,0.060127,0.89469,0.045149
AGCCCTTGGACATCCC-1,0.000034,0.000034,0.138018,0.792921,0.068994
AGCCGCAAATTCAAAT-1,0.000032,0.961016,0.008406,0.030483,0.000063
AGCCGCTTGATTAGCG-1,0.000022,0.875353,0.02425,0.000088,0.100288
AGCCGTGGCTAAATGT-1,0.000027,0.907603,0.048281,0.044034,0.000054
AGCCTAATACCCACGT-1,0.000028,0.981187,0.000056,0.018672,0.000056
AGCCTTAAAGCGGAAG-1,0.000013,0.002558,0.086502,0.409741,0.501186
AGCGACAGGAACGGTC-1,0.000029,0.696323,0.050591,0.000115,0.252943
AGCGACATCCCATTCA-1,0.00002,0.00002,0.065077,0.627139,0.307744
AGCGACCAACGATATT-1,0.000024,0.028303,0.013717,0.711391,0.246565
AGCGATGCGCCTAATA-1,0.00002,0.00002,0.107845,0.874715,0.017401
AGCGCATAATGAATCG-1,0.00002,0.931645,0.009412,0.003632,0.05529
AGCGCGGGTGCCAATG-1,0.000016,0.08104,0.037856,0.809732,0.071357
AGCGCTAGAGCGATGT-1,0.000061,0.000061,0.389185,0.61057,0.000123
AGCGCTTATGGGCAAG-1,0.00013,0.202866,0.741851,0.054894,0.000259
AGCGGACACTTCGTAG-1,0.000039,0.979536,0.002736,0.01761,0.000078
AGCGGCGGTTAGCGGT-1,0.000049,0.760256,0.165017,0.000196,0.074483
AGCGGGAAGGGTCCAT-1,0.000011,0.000011,0.007584,0.681553,0.310842
AGCGGGTCTGACACTC-1,0.000038,0.624015,0.319296,0.000151,0.0565
AGCGGTTGCCGCTCTG-1,0.000043,0.000043,0.493894,0.485552,0.020469
AGCGTACGAGAGCTAG-1,0.000045,0.954939,0.007259,0.027778,0.009979
AGCGTAGCGCTAGACC-1,0.000038,0.971138,0.000076,0.000152,0.028596
AGCGTCTGAACCCGCA-1,0.00003,0.988059,0.00006,0.011792,0.00006
AGCGTGGTATTCTACT-1,0.000014,0.156239,0.016735,0.569286,0.257726
AGCTAACAAGCAATGT-1,0.000032,0.893169,0.093466,0.000129,0.013203
AGCTAAGTACGCAGGC-1,0.000038,0.062117,0.303295,0.549532,0.085018
AGCTACGAATGGTGGT-1,0.000055,0.000055,0.491095,0.508683,0.000111
