Barcode,Topic 1,Topic 2,Topic 3,Topic 4,Topic 5,Topic 6,Topic 7,Topic 8,Topic 9,Topic 10
AAACAAGTATCTCCCA-1,0.00001,0.009302,0.048062,0.051031,0.028094,0.573621,0.011982,0.088918,0.016645,0.172334
AAACAATCTACTAGCA-1,0.000031,0.833888,0.002263,0.003962,0.000031,0.000031,0.000031,0.000031,0.000031,0.159702
AAACACCAATAACTGC-1,0.000026,0.743112,0.007431,0.000026,0.000026,0.000026,0.000026,0.000026,0.000026,0.249276
AAACAGAGCGACTCCT-1,0.000016,0.000016,0.005918,0.051497,0.660673,0.009917,0.080903,0.180254,0.010789,0.000016
AAACAGCTTTCAGAAG-1,0.00002,0.710659,0.111523,0.00002,0.00002,0.00002,0.00002,0.00002,0.00002,0.17768
AAACAGGGTCTATATT-1,0.000036,0.749957,0.194387,0.000036,0.000036,0.000036,0.055403,0.000036,0.000036,0.000036
AAACATTTCCCGGATT-1,0.000013,0.006066,0.094987,0.039267,0.06075,0.211118,0.167983,0.191707,0.069386,0.158722
AAACCCGAACGAAATC-1,0.000011,0.000011,0.006091,0.000659,0.039596,0.312736,0.127808,0.37757,0.135507,0.000011
AAACCGGAAATGTTAA-1,0.000054,0.000054,0.576734,0.000054,0.106581,0.000054,0.028684,0.000054,0.251729,0.036005
AAACCGGGTAGGTACC-1,0.000013,0.068153,0.245039,0.000013,0.058158,0.007776,0.000087,0.006557,0.61419,0.000013
AAACCGTTCGTCCAGG-1,0.00003,0.83874,0.119079,0.00003,0.00003,0.00003,0.027001,0.00003,0.015001,0.00003
AAACCTAAGCAGCCGG-1,0.000027,0.089281,0.298494,0.000089,0.018004,0.000027,0.378065,0.003673,0.06343,0.14891
AAACCTCATGAAGTTG-1,0.000008,0.000008,0.002429,0.004462,0.123487,0.208357,0.048524,0.008975,0.499609,0.104141
AAACGAAGAACATACC-1,0.000055,0.797033,0.202526,0.000055,0.000055,0.000055,0.000055,0.000055,0.000055,0.000055
AAACGAGACGGTTGAT-1,0.000016,0.026352,0.006293,0.000016,0.090854,0.502588,0.260268,0.112853,0.000745,0.000016
AAACGCTGGGCACGAC-1,0.000056,0.000056,0.126199,0.006923,0.44195,0.052067,0.135499,0.154515,0.00759,0.075145
AAACGGGCGTACGGGT-1,0.000016,0.172389,0.117179,0.019296,0.007348,0.048784,0.267009,0.185763,0.014706,0.16751
AAACGGGTTGGTATCC-1,0.00003,0.878103,0.00003,0.00003,0.020875,0.066982,0.00003,0.020595,0.013293,0.00003
AAACGGTTGCGAACTG-1,0.000035,0.919907,0.079162,0.000035,0.000035,0.000035,0.000684,0.000035,0.000035,0.000035
AAACGTGTTCGCCCTA-1,0.000058,0.049096,0.302841,0.356163,0.094965,0.050427,0.00691,0.070499,0.068983,0.000058
AAACTAACGTGGCGAC-1,0.000019,0.611386,0.341106,0.01223,0.025269,0.002261,0.000019,0.007674,0.000019,0.000019
AAACTCGGTTCGCAAT-1,0.000016,0.283465,0.001089,0.060258,0.000719,0.099503,0.11891,0.079422,0.352211,0.004406
AAACTCGTGATATAAG-1,0.000025,0.000025,0.110086,0.020949,0.343941,0.000709,0.234431,0.289784,0.000025,0.000025
AAACTGCTGGCTCCAA-1,0.000026,0.376478,0.072537,0.000026,0.000026,0.000061,0.402373,0.000026,0.148422,0.000026
AAACTTGCAAACGTAT-1,0.000023,0.889348,0.01327,0.000023,0.000203,0.001272,0.016564,0.000023,0.053963,0.025311
AAAGAATGTGGACTAA-1,0.000007,0.000007,0.000007,0.000007,0.053612,0.632296,0.000007,0.146394,0.167658,0.000007
AAAGACTGGGCGCTTT-1,0.000022,0.018942,0.024506,0.000022,0.000022,0.000022,0.000022,0.000022,0.924776,0.031642
AAAGCTTGCCTACATA-1,0.000045,0.000045,0.091588,0.209368,0.064166,0.000045,0.547406,0.063771,0.000045,0.023519
AAAGGCTACGGACCAT-1,0.000042,0.931852,0.028533,0.000042,0.000042,0.000042,0.039323,0.000042,0.000042,0.000042
AAAGGCTCTCGCGCCG-1,0.000029,0.622259,0.003445,0.000029,0.001269,0.117734,0.090195,0.036798,0.128214,0.000029
AAAGGGATGTAGCAAG-1,0.000032,0.000032,0.051744,0.036741,0.185274,0.019828,0.292602,0.069367,0.006674,0.337705
AAAGGGCAGCTTGAAT-1,0.000012,0.043203,0.101568,0.003481,0.118657,0.156807,0.095785,0.043736,0.242423,0.194329
AAAGGTAAGCTGTACC-1,0.000039,0.12793,0.513947,0.073765,0.036675,0.000039,0.000609,0.24692,0.000039,0.000039
AAAGTAGCATTGCTCA-1,0.000028,0.952168,0.011662,0.003735,0.009928,0.000028,0.011894,0.010502,0.000028,0.000028
AAAGTCGACCCTCAGT-1,0.000012,0.048495,0.009715,0.000012,0.088492,0.049148,0.040037,0.010489,0.742115,0.011484
AAAGTGCCATCAATTA-1,0.000026,0.000026,0.256804,0.217411,0.011681,0.000027,0.223823,0.058155,0.000026,0.232021
AAAGTGTGATTTATCT-1,0.000022,0.000022,0.046794,0.000022,0.189587,0.222183,0.344437,0.052361,0.14455,0.000022
AAAGTTGACTCCCGTA-1,0.000015,0.012275,0.044359,0.000015,0.205434,0.273738,0.082945,0.243623,0.137581,0.000015
AAATAACCATACGGGA-1,0.000018,0.000018,0.017683,0.092472,0.416537,0.002079,0.185871,0.258664,0.000088,0.02657
AAATAAGGTAGTGCCC-1,0.000012,0.001881,0.001542,0.000012,0.392354,0.158342,0.0668,0.346865,0.032181,0.000012
AAATACCTATAAGCAT-1,0.000014,0.166424,0.039208,0.000014,0.07173,0.288272,0.040435,0.028431,0.185015,0.180457
AAATAGCTTAGACTTT-1,0.000024,0.000024,0.021689,0.021043,0.000024,0.022369,0.363941,0.559844,0.011019,0.000024
AAATAGGGTGCTATTG-1,0.000016,0.203774,0.071647,0.000332,0.108923,0.167526,0.010948,0.010931,0.171924,0.253977
AAATCCGATACACGCC-1,0.000016,0.004132,0.064172,0.011873,0.020658,0.018491,0.504395,0.14611,0.084523,0.14563
AAATCGCGGAAGGAGT-1,0.00005,0.991457,0.008143,0.00005,0.00005,0.00005,0.00005,0.00005,0.00005,0.00005
AAATCGTGTACCACAA-1,0.000036,0.223474,0.109779,0.000036,0.007533,0.010212,0.26622,0.020616,0.355234,0.006859
AAATCTAGCCCTGCTA-1,0.000013,0.003388,0.002712,0.005655,0.037308,0.446294,0.289355,0.197952,0.01731,0.000013
AAATGATTCGATCAGC-1,0.000025,0.060212,0.08083,0.176777,0.221804,0.023632,0.0613,0.375372,0.000025,0.000025
AAATGCTCGTTACGTT-1,0.00002,0.001254,0.063422,0.00002,0.051135,0.132432,0.016078,0.070273,0.644847,0.020519
AAATGGCATGTCTTGT-1,0.000032,0.000032,0.050447,0.542715,0.117453,0.017768,0.192273,0.058552,0.020695,0.000032
AAATGGCCCGTGCCCT-1,0.000018,0.998547,0.000018,0.001306,0.000018,0.000018,0.000018,0.000018,0.000018,0.000018
AAATGGTCAATGTGCC-1,0.000018,0.000018,0.034896,0.001064,0.00048,0.167905,0.165338,0.155811,0.278288,0.19618
AAATGTATCTTATCCC-1,0.000025,0.995669,0.000025,0.000025,0.000025,0.000025,0.000025,0.000025,0.004132,0.000025
AAATTAACGGGTAGCT-1,0.000017,0.000017,0.068626,0.015668,0.000651,0.489457,0.100671,0.053789,0.134639,0.136466
AAATTAATAAGCGCGA-1,0.000032,0.579636,0.104635,0.000032,0.000032,0.002988,0.000032,0.000032,0.230393,0.08219
AAATTACACGACTCTG-1,0.000017,0.000017,0.010756,0.104543,0.780036,0.006669,0.010552,0.055987,0.000017,0.031406
AAATTACCTATCGATG-1,0.00003,0.00003,0.210843,0.229831,0.008566,0.002388,0.230544,0.218249,0.00003,0.099488
AAATTCCAGGTCCAAA-1,0.000032,0.000032,0.49324,0.052776,0.141415,0.006523,0.13563,0.115788,0.053052,0.001513
AAATTGATAGTCCTTT-1,0.000029,0.989597,0.000029,0.000029,0.000029,0.000029,0.010172,0.000029,0.000029,0.000029
AAATTGCGGCGGTTCT-1,0.000054,0.872069,0.127503,0.000054,0.000054,0.000054,0.000054,0.000054,0.000054,0.000054
AAATTGGTGAGAAGCA-1,0.000034,0.040222,0.219813,0.490077,0.084008,0.067318,0.000034,0.098425,0.000034,0.000034
AAATTTACCGAAATCC-1,0.000047,0.744381,0.207848,0.047442,0.000047,0.000047,0.000047,0.000047,0.000047,0.000047
AAATTTGCGGGTGTGG-1,0.00001,0.187114,0.000457,0.142623,0.005365,0.242565,0.013795,0.024638,0.375993,0.00744
AACAACTGGTAGTTGC-1,0.000014,0.049395,0.000634,0.000014,0.35636,0.15268,0.176517,0.011496,0.252874,0.000014
AACAATACATTGTCGA-1,0.000023,0.898192,0.000023,0.022272,0.000023,0.000748,0.000023,0.000023,0.07865,0.000023
AACAATTACTCTACGC-1,0.000019,0.00379,0.170069,0.000621,0.027756,0.024282,0.04408,0.036498,0.626174,0.066712
AACACACGCTCGCCGC-1,0.000008,0.010539,0.000008,0.003781,0.310998,0.528095,0.022189,0.066278,0.051397,0.006706
AACACGACTGTACTGA-1,0.000074,0.208006,0.620313,0.056526,0.002856,0.000074,0.000074,0.011256,0.000074,0.100749
AACACGAGACGCGGCC-1,0.000021,0.75563,0.094712,0.000415,0.004649,0.000853,0.006735,0.002003,0.018441,0.116541
AACACGCGGCCGCGAA-1,0.000037,0.758642,0.166413,0.000037,0.000037,0.000037,0.000037,0.000037,0.000037,0.074684
AACAGCTGTGTGGCAA-1,0.000049,0.898302,0.095673,0.000049,0.000049,0.000049,0.000049,0.000049,0.005682,0.000049
AACAGGAAATCGAATA-1,0.000024,0.002675,0.190751,0.170896,0.451639,0.000833,0.023493,0.045905,0.000024,0.113761
AACAGGATGGGCCGCG-1,0.000014,0.000014,0.009193,0.000014,0.181363,0.058281,0.090957,0.002816,0.358214,0.299133
AACAGGTAGTATGGAT-1,0.00002,0.010912,0.002483,0.002815,0.004242,0.10949,0.205275,0.567987,0.096755,0.00002
AACATAGCGTGTATCG-1,0.000008,0.002799,0.046865,0.02223,0.046321,0.272847,0.173076,0.266203,0.069657,0.099994
AACATATCAACTGGTG-1,0.000017,0.000017,0.00474,0.000017,0.146056,0.155994,0.12544,0.557964,0.009737,0.000017
AACATCGATACGTCTA-1,0.000059,0.000059,0.332939,0.460562,0.091339,0.000059,0.110839,0.004024,0.000059,0.000059
AACATTGGTCAGCCGT-1,0.000037,0.99967,0.000037,0.000037,0.000037,0.000037,0.000037,0.000037,0.000037,0.000037
AACATTGTGACTCGAG-1,0.000046,0.919435,0.048442,0.000046,0.000046,0.000046,0.031799,0.000046,0.000047,0.000046
AACCAAGACTTCTCTG-1,0.00001,0.009846,0.026966,0.000013,0.077825,0.226133,0.088432,0.015785,0.548299,0.006689
AACCAGTATCACTCTT-1,0.000062,0.784331,0.165448,0.000062,0.035922,0.000062,0.000062,0.000327,0.000062,0.013663
AACCATGGGATCGCTA-1,0.000034,0.02292,0.401921,0.021527,0.016245,0.000034,0.383014,0.000034,0.145001,0.00927
AACCCAGAGACGGAGA-1,0.000017,0.007923,0.000958,0.213134,0.170009,0.054957,0.000017,0.012455,0.368074,0.172456
AACCCATCCCATGATC-1,0.000023,0.957085,0.001484,0.000023,0.000023,0.000023,0.000023,0.000023,0.029881,0.011415
AACCCGAGCAGAATCG-1,0.000008,0.000008,0.000008,0.028652,0.010631,0.320411,0.075748,0.366118,0.198408,0.000008
AACCCTACTGTCAATA-1,0.000041,0.034502,0.326968,0.022899,0.000041,0.018105,0.393248,0.102401,0.006559,0.095237
AACCCTGGTGGAACCA-1,0.000055,0.364387,0.609071,0.026159,0.000055,0.000055,0.000055,0.000055,0.000055,0.000055
AACCGAGCTTGGTCAT-1,0.000018,0.005269,0.003966,0.000018,0.172058,0.33645,0.167884,0.252177,0.062143,0.000018
AACCGCTAAGGGATGC-1,0.000026,0.107802,0.038262,0.005611,0.054335,0.160526,0.329956,0.143365,0.122544,0.037574
AACCGTTGTGTTTGCT-1,0.000073,0.001054,0.803956,0.161585,0.000073,0.000073,0.032967,0.000073,0.000073,0.000073
AACCTCGCTTTAGCCC-1,0.00002,0.078226,0.145853,0.00002,0.025437,0.063381,0.221818,0.077628,0.16906,0.218557
AACCTGTCACGGAATT-1,0.000043,0.056063,0.274518,0.297111,0.000043,0.000043,0.101886,0.12464,0.000043,0.145609
AACCTTTAAATACGGT-1,0.00003,0.796255,0.083596,0.020652,0.012168,0.00003,0.005211,0.00003,0.074898,0.007131
AACCTTTACGACGTCT-1,0.000013,0.000013,0.000013,0.003171,0.641525,0.072256,0.004508,0.278476,0.000013,0.000013
AACGAAAGTCGTCCCA-1,0.000028,0.942144,0.009827,0.000028,0.000028,0.000028,0.000028,0.000028,0.000028,0.04783
AACGACCTCCTAGCCG-1,0.000133,0.003255,0.075891,0.07448,0.000133,0.142548,0.522184,0.012047,0.169195,0.000133
AACGATAATGCCGTAG-1,0.000023,0.56427,0.048014,0.011301,0.023618,0.061163,0.107546,0.072818,0.095629,0.015618
AACGATAGAAGGGCCG-1,0.000049,0.012321,0.465445,0.38432,0.045419,0.000049,0.055102,0.029467,0.000049,0.00778
AACGATATGTCAACTG-1,0.00002,0.007208,0.004449,0.259291,0.020007,0.234443,0.202101,0.225033,0.047428,0.00002
AACGCATGATCTGGGT-1,0.000031,0.000031,0.090689,0.026321,0.28745,0.000031,0.185548,0.409838,0.000031,0.000031
AACGCGAACGGCAACA-1,0.000028,0.857237,0.132674,0.000028,0.000028,0.000028,0.000028,0.000028,0.000028,0.009895
AACGCGACCTTGGGCG-1,0.000026,0.932541,0.013028,0.000026,0.000026,0.000026,0.000026,0.000026,0.023751,0.030527
AACGCGGTCTCCAGCC-1,0.000066,0.035094,0.33794,0.000066,0.108889,0.000066,0.123082,0.000113,0.394615,0.000066
AACGCTGTTGCTGAAA-1,0.000026,0.003413,0.154626,0.009171,0.200286,0.118773,0.251577,0.099943,0.107421,0.054765
AACGGACGTACGTATA-1,0.000035,0.022512,0.072907,0.004364,0.038696,0.003897,0.792221,0.007379,0.057954,0.000035
AACGGCCATCTCCGGT-1,0.000012,0.18282,0.000012,0.000012,0.067834,0.10271,0.000012,0.000503,0.620429,0.025657
AACGTACTGTGGGTAC-1,0.000016,0.304425,0.000016,0.000016,0.059329,0.119938,0.002721,0.020848,0.373207,0.119484
AACGTCAGACTAGTGG-1,0.000019,0.000019,0.091834,0.034451,0.309427,0.000594,0.090622,0.003838,0.111509,0.357687
AACGTCGCTGCACTTC-1,0.000036,0.011141,0.185943,0.006364,0.000036,0.000036,0.521046,0.275325,0.000036,0.000036
AACGTGATGAAGGACA-1,0.000057,0.034172,0.766955,0.192909,0.000057,0.000057,0.000057,0.000057,0.000057,0.005624
AACGTGCGAAAGTCTC-1,0.000025,0.010352,0.011457,0.000025,0.089831,0.024521,0.563089,0.005206,0.290233,0.005262
AACGTTATCAGCACCT-1,0.000029,0.323502,0.135854,0.000029,0.004057,0.013183,0.08715,0.002218,0.380424,0.053553
AACGTTCTACCATTGT-1,0.00003,0.00003,0.022327,0.004398,0.647361,0.059084,0.105915,0.125531,0.006532,0.028791
AACTACCCGTTTGTCA-1,0.000012,0.019516,0.000012,0.000012,0.028997,0.419099,0.092503,0.421279,0.018559,0.000012
AACTAGCGTATCGCAC-1,0.000055,0.906583,0.026953,0.036078,0.000055,0.000055,0.000055,0.000055,0.000055,0.030057
AACTAGGCTTGGGTGT-1,0.000028,0.745145,0.144352,0.000028,0.000028,0.000028,0.000028,0.000028,0.000028,0.110306
AACTCAAGTTAATTGC-1,0.000017,0.001339,0.01811,0.000017,0.027715,0.201002,0.305068,0.025371,0.383705,0.037657
AACTCCAGAGCGTGTT-1,0.000017,0.086407,0.004846,0.001594,0.25623,0.21116,0.272787,0.129231,0.03771,0.000017
AACTCCTAATCCCATG-1,0.000056,0.000056,0.643478,0.204791,0.000056,0.000056,0.07309,0.070597,0.000056,0.007763
AACTCGATAAACACGT-1,0.000018,0.999839,0.000018,0.000018,0.000018,0.000018,0.000018,0.000018,0.000018,0.000018
AACTCGATGGCGCAGT-1,0.000019,0.01336,0.028044,0.000019,0.029762,0.319234,0.203164,0.183814,0.222565,0.000019
AACTCTCAATAGAGCG-1,0.000026,0.009896,0.037903,0.036893,0.000026,0.009073,0.589805,0.316326,0.000026,0.000026
AACTCTCAGTGTGCTC-1,0.000042,0.833579,0.104228,0.000042,0.000042,0.000042,0.001462,0.000042,0.002747,0.057774
AACTGAGGTCAGCGTC-1,0.000031,0.343444,0.656311,0.000031,0.000031,0.000031,0.000031,0.000031,0.000031,0.000031
AACTGAGTTATACTGA-1,0.000048,0.000048,0.3102,0.040007,0.04884,0.000048,0.594319,0.006393,0.000048,0.000048
AACTGATATTAGGCCT-1,0.000038,0.000038,0.05824,0.071542,0.400511,0.003162,0.360188,0.106207,0.000038,0.000038
AACTGGGTCCCGACGT-1,0.000046,0.001272,0.289322,0.02021,0.265233,0.001937,0.383784,0.032972,0.005177,0.000046
AACTGGTGTGGGCCTT-1,0.00004,0.974811,0.00004,0.024867,0.00004,0.00004,0.00004,0.00004,0.00004,0.00004
AACTTCTGCGTCTATC-1,0.000013,0.011548,0.131242,0.000013,0.138328,0.229693,0.004582,0.007758,0.461674,0.015147
AACTTGCCCGTATGCA-1,0.00001,0.007725,0.008756,0.00001,0.238855,0.269261,0.005865,0.011276,0.433226,0.025016
AACTTGCGTTCTCGCG-1,0.000007,0.058199,0.000007,0.000007,0.02185,0.496147,0.012622,0.106608,0.304544,0.000009
AACTTTACGGGAGCTT-1,0.000052,0.834028,0.13906,0.002298,0.000052,0.000052,0.024304,0.000052,0.000052,0.000052
AACTTTAGCTGCTGAG-1,0.000028,0.931957,0.000028,0.045598,0.006863,0.000028,0.000028,0.000028,0.000028,0.015415
AACTTTCTCGATCATG-1,0.000037,0.000037,0.19542,0.28819,0.131466,0.000037,0.046647,0.020139,0.000037,0.317992
AAGAAATCACCAGATT-1,0.000075,0.013737,0.56197,0.170411,0.061877,0.000075,0.188507,0.003199,0.000075,0.000075
AAGAAGGATCAGTTAG-1,0.000061,0.080951,0.506614,0.000061,0.000061,0.000061,0.182479,0.000061,0.229588,0.000061
AAGACATACGTGGTTT-1,0.000014,0.000014,0.070635,0.000014,0.059749,0.229473,0.169716,0.362563,0.089222,0.0186
AAGACCCAACTGAACA-1,0.00002,0.840639,0.00002,0.00002,0.001036,0.03945,0.014906,0.003115,0.100773,0.00002
AAGACTAACCCGTTGT-1,0.000019,0.602035,0.000593,0.000019,0.000019,0.000019,0.000019,0.000019,0.000019,0.397237
AAGACTGCAAGCTACT-1,0.000016,0.009728,0.076897,0.028341,0.009111,0.39258,0.147749,0.061469,0.080608,0.193501
AAGAGATGAATCGGTA-1,0.000009,0.009778,0.015334,0.000009,0.244757,0.320009,0.005972,0.004617,0.398446,0.001069
AAGAGCTCTTTATCGG-1,0.000025,0.179144,0.087924,0.004855,0.041543,0.262785,0.243807,0.154967,0.022863,0.002088
AAGAGGATGTACGCGA-1,0.000018,0.058761,0.137153,0.00094,0.000018,0.000018,0.109247,0.002033,0.415728,0.276085
AAGAGGCATGGATCGC-1,0.000016,0.03677,0.000016,0.131666,0.022184,0.493873,0.123071,0.126737,0.065652,0.000016
AAGAGGCCCTTTGGAA-1,0.000014,0.000062,0.079621,0.019656,0.093606,0.090752,0.01414,0.171395,0.478871,0.051884
AAGATGGCACCGGACC-1,0.000039,0.872084,0.040981,0.000039,0.000039,0.000039,0.000039,0.000039,0.000039,0.086659
AAGATTGGCGGAACGT-1,0.00002,0.032609,0.013654,0.234904,0.044027,0.049658,0.003506,0.418395,0.00002,0.203207
AAGCACCCTGCGTATC-1,0.000034,0.631795,0.041797,0.000034,0.000034,0.014693,0.150381,0.015209,0.067958,0.078065
AAGCATACTCTCCTGA-1,0.000009,0.125855,0.000009,0.000009,0.021567,0.506999,0.002416,0.056494,0.279657,0.006984
AAGCCGAAGCGGTTTA-1,0.000015,0.009016,0.027494,0.0372,0.013331,0.333817,0.080935,0.375418,0.118281,0.004492
AAGCCGCTTTACCTTG-1,0.000079,0.000079,0.838106,0.133106,0.000079,0.000079,0.028234,0.000079,0.000079,0.000079
AAGCCGGAGAGCAGGA-1,0.00002,0.00002,0.00002,0.144552,0.222647,0.104575,0.379278,0.073574,0.075294,0.00002
AAGCGCAGGGCTTTGA-1,0.000023,0.589303,0.095762,0.000023,0.004457,0.026289,0.085055,0.005378,0.17154,0.02217
AAGCGGAGTGCGCGCA-1,0.00002,0.04207,0.265469,0.000384,0.464544,0.152323,0.00002,0.018986,0.044645,0.011537
AAGCGGCGTCATGGGT-1,0.0001,0.044867,0.951225,0.0001,0.0001,0.0001,0.001003,0.002306,0.0001,0.0001
AAGCGTCCCTCATCGA-1,0.000035,0.874084,0.005756,0.000035,0.000035,0.000035,0.000035,0.000035,0.000035,0.119912
AAGCTAGATCGAGTAA-1,0.000032,0.452816,0.126124,0.000032,0.000032,0.042272,0.208279,0.016186,0.138654,0.015572
AAGCTCGTGCCAAGTC-1,0.000018,0.024361,0.043293,0.007211,0.012147,0.451599,0.167116,0.116187,0.177211,0.000856
AAGCTCTTTCATGGTG-1,0.000047,0.086994,0.425142,0.000047,0.000047,0.000047,0.224568,0.000047,0.140918,0.122144
AAGGAGAACTTATAAG-1,0.000049,0.960302,0.011526,0.000049,0.005413,0.000049,0.000049,0.022468,0.000049,0.000049
AAGGAGCGGTTGGTGC-1,0.000033,0.000033,0.156751,0.000033,0.098202,0.007485,0.433053,0.008515,0.295864,0.000033
AAGGATCGATCGCTTG-1,0.000026,0.005602,0.046856,0.016346,0.029913,0.074692,0.349178,0.449171,0.026845,0.001371
AAGGATGAGGGACCTC-1,0.000021,0.000021,0.021395,0.047274,0.099105,0.238892,0.006096,0.421259,0.016474,0.149462
AAGGCAGGCTGTCTCC-1,0.000033,0.000033,0.20614,0.023327,0.017917,0.009212,0.302453,0.165751,0.001894,0.273238
AAGGCGCGTAAAGCTT-1,0.000015,0.003232,0.071645,0.100863,0.240317,0.003692,0.066755,0.007281,0.337994,0.168205
AAGGCTGTGCTCATCG-1,0.000015,0.000015,0.000015,0.000015,0.289615,0.290453,0.014709,0.025532,0.360748,0.018881
AAGGGACAGATTCTGT-1,0.000011,0.000011,0.000011,0.031104,0.025149,0.363361,0.010877,0.554114,0.015348,0.000011
AAGGGACTATGCATTC-1,0.000061,0.943739,0.055771,0.000061,0.000061,0.000061,0.000061,0.000061,0.000061,0.000061
AAGGGTTAGCCATGCG-1,0.000037,0.000037,0.070903,0.065048,0.276107,0.085176,0.191254,0.273163,0.015069,0.023206
AAGGTATCCTAATATA-1,0.000024,0.01277,0.037902,0.098273,0.084569,0.191468,0.054401,0.484454,0.036116,0.000024
AAGGTGATAAACCAGC-1,0.000038,0.006317,0.264644,0.000038,0.030779,0.000038,0.000038,0.010392,0.687677,0.000038
AAGTAGAAGACCGGGT-1,0.000038,0.001286,0.213325,0.245822,0.02792,0.050662,0.233062,0.021246,0.196479,0.010161
AAGTAGTGACGCGAGG-1,0.000017,0.044448,0.053616,0.000017,0.016669,0.000017,0.000017,0.000017,0.772921,0.112262
AAGTCAATTGTCGTCA-1,0.000023,0.022125,0.017353,0.326405,0.001148,0.105612,0.253254,0.137977,0.13608,0.000023
AAGTCTAGTAGCTGCC-1,0.00005,0.00005,0.336698,0.044415,0.302626,0.00005,0.290068,0.025942,0.00005,0.00005
AAGTCTTCTGTGGCCT-1,0.000033,0.97136,0.000033,0.000033,0.000033,0.000033,0.028379,0.000033,0.000033,0.000033
AAGTGACGACCGAATT-1,0.000008,0.013541,0.001376,0.095122,0.027771,0.04725,0.000008,0.002649,0.789232,0.023042
AAGTGAGTCGGGTTTA-1,0.000043,0.88885,0.027377,0.000043,0.000043,0.000043,0.013052,0.013055,0.057449,0.000043
AAGTGCAAAGGTAGAC-1,0.000023,0.595642,0.039872,0.000023,0.024296,0.000023,0.009615,0.000023,0.252319,0.078164
AAGTGCCTTGACTGTA-1,0.000018,0.028575,0.000018,0.424109,0.000018,0.167305,0.052237,0.19083,0.123165,0.013725
AAGTGCGTTAGAATCT-1,0.000027,0.81715,0.002996,0.004526,0.000027,0.000027,0.000027,0.000027,0.05933,0.115866
AAGTGTTTGGAGACGG-1,0.000032,0.414754,0.113655,0.000032,0.013493,0.070719,0.175704,0.097466,0.114113,0.000032
AAGTTCACTCCAAGCT-1,0.000038,0.041535,0.274847,0.01713,0.000038,0.007907,0.495921,0.018824,0.143721,0.000038
AAGTTCAGTCTGCGTA-1,0.000014,0.010872,0.001812,0.002172,0.738732,0.023349,0.00265,0.219518,0.000867,0.000014
AAGTTCGGCCAACAGG-1,0.000011,0.248646,0.000506,0.000011,0.078545,0.057722,0.002188,0.003914,0.514756,0.0937
AAGTTGTGATGTTATA-1,0.000012,0.000012,0.037422,0.000012,0.009454,0.489846,0.031587,0.413453,0.017836,0.000367
AAGTTTACTAATGGCA-1,0.000052,0.906816,0.018946,0.073874,0.000052,0.000052,0.000052,0.000052,0.000052,0.000052
AAGTTTATGGGCCCAA-1,0.000044,0.648729,0.258373,0.000044,0.000044,0.000044,0.020307,0.000044,0.072329,0.000044
AATAACAACGCTCGGC-1,0.000011,0.005106,0.055516,0.002884,0.02448,0.179141,0.147604,0.060636,0.371002,0.153621
AATAACACTAGAACAA-1,0.000038,0.708181,0.128381,0.000038,0.000038,0.000038,0.000038,0.000038,0.040544,0.122665
AATAACGTCGCGCCCA-1,0.000017,0.000017,0.000178,0.002947,0.238918,0.10686,0.054188,0.58424,0.01262,0.000017
AATAAGTCCTCGAGAC-1,0.000034,0.979558,0.003083,0.004566,0.000034,0.000034,0.000034,0.012592,0.000034,0.000034
AATAATCTTCGTATCG-1,0.000052,0.000052,0.659038,0.011515,0.000052,0.000052,0.301624,0.022095,0.000052,0.005468
AATACAATGTTTCAGG-1,0.000019,0.019035,0.064359,0.001076,0.049635,0.140027,0.226457,0.036817,0.451125,0.01145
AATACCTGATGTGAAC-1,0.000015,0.000015,0.038202,0.00002,0.008347,0.254034,0.209545,0.348242,0.086716,0.054864
AATAGAACAGAGTGGC-1,0.00003,0.923535,0.012267,0.00003,0.00003,0.00003,0.024325,0.00003,0.00003,0.039695
AATAGAATCTGTTTCA-1,0.000014,0.04999,0.002017,0.000014,0.387901,0.305419,0.016609,0.048896,0.018243,0.170897
AATAGCAAGCCTCCTG-1,0.000037,0.512219,0.487488,0.000037,0.000037,0.000037,0.000037,0.000037,0.000037,0.000037
AATAGCTACCGCGTGC-1,0.000016,0.000016,0.000818,0.123057,0.542445,0.017823,0.019045,0.293476,0.000016,0.003288
AATAGTCCGTCCCGAC-1,0.000022,0.839789,0.000022,0.000022,0.000022,0.000022,0.000022,0.000022,0.000022,0.160039
AATAGTCGCGAGTCGG-1,0.000029,0.916099,0.022743,0.005671,0.000029,0.000029,0.052401,0.000029,0.002942,0.000029
AATATCAAGGTCGGAT-1,0.000087,0.536805,0.268414,0.000087,0.000087,0.056383,0.132295,0.005667,0.000087,0.000087
AATATCCTAGCAAACT-1,0.000022,0.66838,0.002418,0.000022,0.000022,0.000022,0.000022,0.000022,0.000022,0.329049
AATATCGAATCAATGC-1,0.000013,0.076245,0.001206,0.027883,0.160496,0.459441,0.06716,0.137584,0.067587,0.002386
AATATCGAGGGTTCTC-1,0.000039,0.000039,0.182992,0.441442,0.000039,0.000039,0.001273,0.041078,0.000039,0.333022
AATATTGGAGTATTGA-1,0.000029,0.103966,0.079667,0.13451,0.000029,0.031642,0.22039,0.000029,0.42971,0.000029
AATCAGACTGCAGGAC-1,0.00005,0.920543,0.079055,0.00005,0.00005,0.00005,0.00005,0.00005,0.00005,0.00005
AATCATGTAAAGACTC-1,0.000009,0.000009,0.038265,0.018009,0.081462,0.3907,0.098678,0.176056,0.130658,0.066153
AATCCAAGGGCCTGAG-1,0.000051,0.249983,0.190977,0.117804,0.221541,0.087436,0.000052,0.030622,0.088226,0.013308
AATCCATGCAAGGGTG-1,0.000024,0.778553,0.002107,0.001612,0.000024,0.000024,0.000024,0.000024,0.000024,0.217584
AATCGCCTCAGCGCCA-1,0.000015,0.000015,0.01862,0.000015,0.111572,0.438935,0.102237,0.138168,0.182667,0.007755
AATCGCGCAGAGGACT-1,0.000021,0.000021,0.050933,0.002609,0.006872,0.074276,0.179207,0.635136,0.04917,0.001756
AATCGGGACACTACGA-1,0.000049,0.752512,0.116841,0.066315,0.000049,0.000049,0.000049,0.000049,0.000049,0.06404
AATCGGTATAGCCCTC-1,0.000018,0.000018,0.021363,0.021537,0.001606,0.053352,0.019991,0.725024,0.002787,0.154305
AATCGTGAGCCGAGCA-1,0.000033,0.036026,0.187948,0.002496,0.043694,0.007888,0.517553,0.005436,0.077302,0.121622
AATCTAGGTTTACTTG-1,0.000044,0.828511,0.090055,0.000044,0.000044,0.000044,0.000044,0.000044,0.000044,0.081122
AATCTATGCCGGAGCC-1,0.00003,0.00003,0.083242,0.003066,0.327137,0.003062,0.147826,0.435546,0.00003,0.00003
AATCTCTACTGTGGTT-1,0.000036,0.758414,0.077823,0.069678,0.000036,0.00398,0.045441,0.000337,0.033987,0.010268
AATCTGCGTTGGGACG-1,0.000034,0.051022,0.202101,0.022234,0.00022,0.007141,0.324019,0.387732,0.000034,0.005463
AATCTGGCTTTCTAGT-1,0.000037,0.847629,0.060417,0.000037,0.000037,0.000037,0.000037,0.000037,0.000037,0.091692
AATGACAGCAATGTCT-1,0.000021,0.679773,0.000021,0.004342,0.000021,0.015811,0.000021,0.000021,0.298787,0.001181
AATGACGTAGGATGTC-1,0.000051,0.044408,0.387818,0.000051,0.008302,0.000051,0.445394,0.000051,0.02482,0.089056
AATGACTGTCAGCCGG-1,0.000018,0.000018,0.010751,0.000018,0.551292,0.003848,0.000163,0.000018,0.432185,0.001688
AATGAGTTCGCATATG-1,0.000048,0.085951,0.223415,0.000048,0.036094,0.201584,0.134299,0.018639,0.28197,0.017952
AATGATGATACGCTAT-1,0.000038,0.015748,0.249642,0.268712,0.010174,0.000038,0.056343,0.234789,0.000038,0.164478
AATGATGCGACTCCTG-1,0.000039,0.024123,0.141042,0.140101,0.136671,0.008228,0.193781,0.342046,0.000039,0.013931
AATGCAACCGGGTACC-1,0.000023,0.00585,0.125191,0.006573,0.223264,0.110525,0.035296,0.053009,0.191202,0.249068
AATGCACCAAGCAATG-1,0.00003,0.00003,0.245424,0.12194,0.071844,0.00003,0.258401,0.302243,0.00003,0.00003
AATGGTCCACCGTTCA-1,0.000012,0.009501,0.000012,0.000012,0.118016,0.071116,0.000012,0.000012,0.80025,0.001056
AATGGTTCTCACAAGC-1,0.000029,0.063964,0.285282,0.008883,0.005542,0.000029,0.184586,0.000029,0.17921,0.272445
AATGTGCCCGAGGTGT-1,0.000028,0.975065,0.000028,0.000028,0.000028,0.000028,0.024709,0.000028,0.000028,0.000028
AATGTTAAGACCCTGA-1,0.000011,0.026199,0.029068,0.100441,0.187966,0.250196,0.087483,0.134943,0.172236,0.011457
AATGTTGTCGTGAGAC-1,0.00002,0.005909,0.067285,0.007424,0.026771,0.153631,0.19542,0.354288,0.054358,0.134895
AATTAAAGGTCGGCGT-1,0.000045,0.023659,0.105292,0.000045,0.07027,0.006271,0.28065,0.000045,0.51368,0.000045
AATTAACGGATTTCCA-1,0.000039,0.869999,0.109466,0.000039,0.000039,0.000039,0.020264,0.000039,0.000039,0.000039
AATTACTCGTACGCTC-1,0.000089,0.74492,0.081795,0.000089,0.000089,0.000089,0.000089,0.000089,0.172662,0.000089
AATTAGCGCTGCAGCG-1,0.00005,0.695213,0.197618,0.020946,0.00005,0.00005,0.012877,0.00005,0.046323,0.026823
AATTATACCCAGCAAG-1,0.000029,0.040375,0.619369,0.000029,0.002847,0.016551,0.172959,0.141358,0.006454,0.000029
AATTCATAAGGGATCT-1,0.000015,0.000015,0.035226,0.006382,0.156802,0.222271,0.011719,0.545498,0.022057,0.000015
AATTCCAACTTGGTGA-1,0.00005,0.98581,0.007653,0.00005,0.00005,0.00005,0.00005,0.00005,0.006184,0.00005
AATTCCAAGCATGTAC-1,0.00002,0.847288,0.00002,0.00002,0.00002,0.00002,0.00002,0.00002,0.00002,0.152552
AATTCGATTCGAGGAT-1,0.000036,0.410201,0.197236,0.000036,0.000036,0.000036,0.084133,0.000036,0.057504,0.250749
AATTCTAGAGTTAGGC-1,0.000036,0.848992,0.034797,0.000279,0.013372,0.007708,0.079191,0.015553,0.000036,0.000036
AATTGAACGCTCTGGT-1,0.00002,0.04048,0.09449,0.00002,0.328946,0.034596,0.258731,0.039667,0.187829,0.01522
AATTGCAGCAATCGAC-1,0.000032,0.000032,0.515241,0.008583,0.000032,0.020441,0.114723,0.039315,0.102355,0.199244
AATTGTGGTTGCCAAA-1,0.000049,0.000049,0.437993,0.123021,0.000104,0.000049,0.18875,0.092966,0.000049,0.156971
AATTTGGGACATAGTA-1,0.000055,0.000055,0.311692,0.163154,0.104927,0.000055,0.303315,0.116634,0.000055,0.000055
AATTTGGTTCCAAAGA-1,0.000053,0.080099,0.587808,0.140828,0.000053,0.000053,0.000053,0.000053,0.000053,0.190944
ACAAAGAAGGTAGGCC-1,0.00002,0.784216,0.050841,0.00002,0.00002,0.00002,0.00002,0.00002,0.123693,0.041133
ACAAAGCATGACCTAG-1,0.00001,0.013563,0.007401,0.132203,0.004914,0.427352,0.125784,0.179706,0.065783,0.043284
ACAAATCGCACCGAAT-1,0.000009,0.028776,0.006958,0.000958,0.240932,0.418848,0.01521,0.018946,0.238037,0.031327
ACAAATGGTAGTGTTT-1,0.000019,0.007788,0.081566,0.000653,0.311888,0.168593,0.251258,0.025853,0.11295,0.039433
ACAAATTCAGATCTGA-1,0.000043,0.48746,0.393254,0.038649,0.032257,0.000043,0.000043,0.02803,0.000043,0.020179
ACAACAGCATGAGCTA-1,0.000033,0.072844,0.212034,0.06122,0.025491,0.094327,0.390736,0.122695,0.017121,0.003499
ACAACGGTCCCTGCGA-1,0.000008,0.000008,0.000008,0.000602,0.358934,0.204901,0.000234,0.025549,0.337968,0.071785
ACAAGCAGTGCCTAGC-1,0.000007,0.000007,0.000007,0.001477,0.030428,0.580027,0.009636,0.032307,0.346095,0.000007
ACAAGCTATATGGAAG-1,0.000045,0.915485,0.070463,0.000045,0.000045,0.012357,0.001424,0.000045,0.000045,0.000045
ACAAGGAAATCCGCCC-1,0.000013,0.10206,0.006364,0.007157,0.160804,0.174478,0.061091,0.060264,0.395807,0.031962
ACAAGGACAAGAGGTT-1,0.000031,0.000031,0.147434,0.000031,0.023065,0.000031,0.569269,0.000031,0.218178,0.041897
ACAAGGATGCTTTAGG-1,0.000018,0.014866,0.143541,0.005785,0.325458,0.189708,0.043316,0.015891,0.196109,0.065307
ACAAGGGCAGGCTCTG-1,0.00003,0.022584,0.402892,0.00003,0.035033,0.015965,0.211062,0.092926,0.216346,0.003133
ACAATAGTCGTACGTT-1,0.000022,0.197938,0.297393,0.000022,0.000022,0.000022,0.000022,0.000022,0.504093,0.000444
ACAATCCATTTAAACC-1,0.000006,0.000006,0.000006,0.207219,0.001697,0.20103,0.000204,0.007106,0.578015,0.004711
ACAATGAATACGGAGA-1,0.000052,0.793078,0.188132,0.000052,0.000052,0.000052,0.000052,0.000052,0.018424,0.000052
ACAATGATTCTTCTAC-1,0.000029,0.59433,0.394217,0.010172,0.000029,0.000029,0.000029,0.00111,0.000029,0.000029
ACAATTGTGTCTCTTT-1,0.000022,0.05892,0.000313,0.000235,0.152782,0.260655,0.351767,0.082467,0.092816,0.000022
ACAATTTAGGAGGCTC-1,0.000033,0.815907,0.067066,0.000033,0.000033,0.001489,0.034336,0.005669,0.024434,0.050999
ACAATTTGAGCAGTGG-1,0.000023,0.000023,0.019533,0.020012,0.035394,0.107049,0.122914,0.614118,0.011508,0.069426
ACAATTTGGCCATATT-1,0.000017,0.000017,0.009733,0.001548,0.211753,0.230749,0.041939,0.487137,0.009589,0.007518
ACACAAAGACGGGTGG-1,0.000017,0.000017,0.008517,0.486555,0.019966,0.056587,0.022645,0.001154,0.270718,0.133822
ACACAAATATTCCTAG-1,0.000083,0.116923,0.79009,0.000083,0.04898,0.000083,0.000083,0.043511,0.000083,0.000083
ACACACCAGGACCAGT-1,0.000017,0.060837,0.002161,0.119913,0.009605,0.118339,0.291829,0.085644,0.178359,0.133295
ACACACTTTCTACACG-1,0.000027,0.000027,0.034153,0.200013,0.415727,0.030102,0.219421,0.090174,0.010329,0.000027
ACACATGATCAAATCT-1,0.000026,0.979035,0.000026,0.000026,0.000026,0.000026,0.000026,0.000026,0.020759,0.000026
ACACATTGACGCAACA-1,0.000026,0.999766,0.000026,0.000026,0.000026,0.000026,0.000026,0.000026,0.000026,0.000026
ACACCACATAATTAGC-1,0.000026,0.000026,0.148994,0.002364,0.309677,0.104057,0.110385,0.307999,0.016446,0.000026
ACACCCAGCATGCAGC-1,0.000014,0.000014,0.000014,0.006236,0.444704,0.190081,0.04394,0.035078,0.204262,0.075657
ACACCCGAGAAATCCG-1,0.000049,0.019541,0.81336,0.000049,0.015012,0.000049,0.000049,0.000049,0.045641,0.106202
ACACCGAGCGCTCTTT-1,0.000035,0.7871,0.159898,0.000035,0.000035,0.000035,0.000035,0.000035,0.000035,0.05276
ACACCTTAAGTAGGGC-1,0.000012,0.047289,0.000012,0.000012,0.449705,0.131501,0.000012,0.000012,0.274938,0.096508
ACACCTTACTACTTGC-1,0.000019,0.000019,0.021315,0.11578,0.007201,0.299279,0.127884,0.354667,0.068347,0.005488
ACACGAGACTCCTTCT-1,0.000035,0.030056,0.019692,0.1625,0.000268,0.118447,0.378996,0.107766,0.144361,0.037879
ACACGGCACTATGCAT-1,0.000037,0.927554,0.007685,0.04933,0.000037,0.000037,0.000037,0.000037,0.000037,0.015211
ACACGGGAACTTAGGG-1,0.000011,0.000011,0.003804,0.011495,0.049577,0.627263,0.014573,0.146144,0.028398,0.118725
ACACGTAGGCCACAAG-1,0.00001,0.00001,0.008611,0.018096,0.062488,0.420775,0.026262,0.389494,0.013854,0.0604
ACACTCCAATGTCACT-1,0.000008,0.13883,0.003824,0.000279,0.099054,0.164005,0.003602,0.008891,0.489364,0.092142
ACACTGATCAAGGTGT-1,0.000029,0.737951,0.00096,0.000029,0.001225,0.035489,0.034592,0.028845,0.157355,0.003527
ACACTGGGACAGTCGT-1,0.000021,0.026837,0.038528,0.194156,0.001448,0.163968,0.275078,0.225102,0.049994,0.024868
ACAGAACTGAGAACAA-1,0.00002,0.945744,0.000316,0.00002,0.00002,0.00002,0.00002,0.00002,0.00002,0.053803
ACAGATTAGGTTAGTG-1,0.000061,0.987571,0.000061,0.000061,0.000061,0.000061,0.000061,0.011939,0.000061,0.000061
ACAGCATAGAGCCAGT-1,0.000064,0.144207,0.821661,0.000064,0.03368,0.000064,0.000064,0.000064,0.000064,0.000064
ACAGCGACATTCTCAT-1,0.000043,0.000043,0.249568,0.000043,0.005932,0.000043,0.012455,0.000043,0.731789,0.000043
ACAGCGCACCCGCAGC-1,0.000055,0.051251,0.53455,0.343287,0.045212,0.000055,0.017599,0.007882,0.000055,0.000055
ACAGGAGGCGCAGCCG-1,0.000037,0.881096,0.00073,0.000037,0.000037,0.000037,0.000037,0.000037,0.000037,0.117916
ACAGGCACGGATCCTT-1,0.00005,0.029602,0.28807,0.00005,0.00005,0.00005,0.57369,0.011531,0.096857,0.00005
ACAGGCTTGCCCGACT-1,0.000018,0.09663,0.051016,0.016854,0.229207,0.135707,0.127146,0.137786,0.16038,0.045256
ACAGGTGGAGGTGAGG-1,0.000035,0.830158,0.038687,0.000035,0.000035,0.000035,0.000035,0.000035,0.019007,0.111937
ACAGGTGTGTTGTTGC-1,0.000063,0.762842,0.225622,0.000063,0.000063,0.000063,0.000063,0.000063,0.011094,0.000063
ACAGTAATACAACTTG-1,0.000047,0.720622,0.040746,0.000047,0.000047,0.000047,0.000047,0.000047,0.238302,0.000047
ACAGTATACCGTGGGA-1,0.000073,0.000073,0.711696,0.047124,0.148325,0.000073,0.092417,0.000073,0.000073,0.000073
ACATAATAAGGCGGTG-1,0.000025,0.000025,0.023562,0.155529,0.194668,0.011288,0.049669,0.073149,0.000518,0.491566
ACATACAATCAAGCGG-1,0.00002,0.013296,0.00002,0.292717,0.00002,0.182536,0.23185,0.163924,0.115597,0.00002
ACATCAGCTGGGACGC-1,0.000013,0.299072,0.00211,0.000013,0.017966,0.178946,0.000873,0.016747,0.4431,0.041159
ACATCCCGGCCATACG-1,0.000039,0.839501,0.104471,0.000039,0.000039,0.000039,0.000039,0.000039,0.055754,0.000039
ACATCCTGGTAACTGT-1,0.000029,0.022348,0.034248,0.239224,0.000305,0.182176,0.141035,0.185922,0.13159,0.063124
ACATCGATCGTTTACC-1,0.000019,0.03533,0.001396,0.010259,0.200132,0.247986,0.083214,0.028969,0.345449,0.047247
ACATCGGTCAGCCGCG-1,0.000014,0.000014,0.000014,0.000014,0.110924,0.302877,0.000043,0.000085,0.433163,0.152851
ACATCGTATGCAATGG-1,0.00002,0.00002,0.183411,0.00002,0.146416,0.110009,0.148243,0.089593,0.213551,0.108717
ACATCGTTAACCTAGT-1,0.000089,0.085799,0.782859,0.094126,0.000089,0.000089,0.000089,0.036683,0.000089,0.000089
ACATCTCAACGCGTAA-1,0.000049,0.919053,0.054994,0.012586,0.000049,0.000049,0.000049,0.013074,0.000049,0.000049
ACATGGCGCCAAAGTA-1,0.000016,0.000016,0.028198,0.013591,0.042234,0.320146,0.126288,0.370524,0.058516,0.040471
ACATGGCTCAATTTAG-1,0.000047,0.957629,0.000047,0.000047,0.006863,0.000047,0.000047,0.03518,0.000047,0.000047
ACATTAGTTTATATCC-1,0.000029,0.817524,0.02177,0.010193,0.000029,0.000029,0.000029,0.000029,0.000029,0.15034
ACATTTGAAACCTAAC-1,0.00004,0.00004,0.284911,0.002573,0.00004,0.00004,0.65228,0.020015,0.011322,0.028738
ACCAAACACCCAGCGA-1,0.000047,0.051295,0.649198,0.23491,0.054312,0.000047,0.000047,0.000047,0.000047,0.010052
ACCAAACTAGAAATCC-1,0.000041,0.531939,0.058601,0.07525,0.168352,0.052084,0.000041,0.113611,0.000041,0.000041
ACCAACACCACACACT-1,0.000012,0.000012,0.000168,0.005536,0.556325,0.0739,0.006449,0.349496,0.00809,0.000012
ACCAACCGCACTCCAC-1,0.000027,0.025503,0.205685,0.090759,0.000944,0.000027,0.235805,0.030827,0.000027,0.410396
ACCAACGCTTATTTAT-1,0.000042,0.647122,0.263547,0.000042,0.000042,0.000042,0.024531,0.000042,0.014733,0.049857
ACCAAGAACGCGTGTC-1,0.00005,0.033885,0.561294,0.108253,0.00005,0.00005,0.00005,0.00005,0.00005,0.296268
ACCAAGTCATCGGCAG-1,0.000038,0.005116,0.153805,0.011437,0.000045,0.001522,0.496816,0.279681,0.000038,0.051503
ACCAATATGCAAGTTA-1,0.000033,0.560635,0.153429,0.000033,0.000033,0.000033,0.228768,0.00353,0.036851,0.016656
ACCACAACTCAGAACA-1,0.000029,0.932719,0.003138,0.042954,0.000029,0.000029,0.000029,0.021017,0.000029,0.000029
ACCACAAGTTTCTATC-1,0.000008,0.000008,0.000008,0.000008,0.067584,0.625537,0.000008,0.004163,0.30078,0.001895
ACCACCAATGTAACAA-1,0.000036,0.000036,0.451894,0.062452,0.000036,0.000941,0.230508,0.188454,0.000036,0.065608
ACCACCCTCTCTTCTA-1,0.000026,0.000026,0.064394,0.151163,0.364429,0.027118,0.130112,0.123455,0.000641,0.138636
ACCACGTGCAGCTATA-1,0.000025,0.051369,0.195545,0.000072,0.034444,0.121868,0.089568,0.070399,0.256341,0.180367
ACCACTGTTCAAGAAG-1,0.000048,0.936445,0.000048,0.000048,0.000048,0.000048,0.000048,0.000048,0.063174,0.000048
ACCAGACCATAACAAC-1,0.000027,0.890245,0.07745,0.000027,0.000027,0.000027,0.000027,0.000027,0.00147,0.030672
ACCAGCCCGGTCTTTG-1,0.000054,0.850028,0.109461,0.017783,0.000054,0.000054,0.000054,0.022407,0.000054,0.000054
ACCAGGAGTGTGATCT-1,0.000043,0.746384,0.045553,0.010598,0.000043,0.000043,0.000043,0.000043,0.000043,0.197205
ACCAGTGCCCGGTCAA-1,0.000064,0.1104,0.682189,0.003418,0.000064,0.000064,0.014248,0.189426,0.000064,0.000064
ACCAGTGCGGGAGACG-1,0.000024,0.000024,0.000025,0.000024,0.041707,0.154856,0.390214,0.409956,0.003147,0.000024
ACCATATCCGCAATAA-1,0.000027,0.077576,0.104259,0.015511,0.04711,0.114399,0.251228,0.034806,0.355059,0.000027
ACCATCCGCCAACTAG-1,0.000017,0.818138,0.001622,0.009933,0.000017,0.000017,0.000017,0.000017,0.000017,0.170202
ACCATCGTATATGGTA-1,0.000027,0.026801,0.101024,0.000027,0.035523,0.031191,0.244412,0.033097,0.343877,0.184022
ACCATTAAGGGTGTCA-1,0.00004,0.964085,0.00004,0.00004,0.00004,0.00004,0.035597,0.00004,0.00004,0.00004
ACCCAACGCCCGTGGC-1,0.000012,0.056825,0.029698,0.002913,0.08944,0.475115,0.0278,0.276973,0.020021,0.021203
ACCCACCTACATGCTC-1,0.000025,0.01449,0.23591,0.000025,0.030158,0.000026,0.26315,0.002439,0.41466,0.039116
ACCCATCTTGAGGGTA-1,0.000025,0.048033,0.058968,0.192983,0.000025,0.000025,0.045194,0.000025,0.421506,0.233214
ACCCATTTGTCCCTCT-1,0.000021,0.000021,0.026119,0.000021,0.000021,0.357166,0.433606,0.125195,0.02363,0.034201
ACCCGAGCGAAATTAC-1,0.00004,0.898865,0.005556,0.00004,0.00004,0.00004,0.00004,0.00004,0.00004,0.095302
ACCCGGAAACTCCCAG-1,0.000021,0.697889,0.000021,0.000021,0.000021,0.000021,0.000021,0.000021,0.106534,0.195431
ACCCGGAGCACCACAA-1,0.000016,0.000016,0.023303,0.019532,0.179061,0.064599,0.165184,0.480943,0.042933,0.024413
ACCCGGATGACGCATC-1,0.000022,0.000022,0.026397,0.013926,0.009691,0.204544,0.064749,0.573178,0.055496,0.051975
ACCCGGTTACACTTCC-1,0.000012,0.051117,0.000012,0.000012,0.02305,0.001708,0.000012,0.000012,0.846468,0.077598
ACCCGTAGTCTAGTTG-1,0.000065,0.000065,0.183888,0.000065,0.104103,0.104647,0.157356,0.277361,0.170595,0.001855
ACCCGTGTCATCAGTA-1,0.000032,0.963067,0.002219,0.000032,0.000032,0.000032,0.012346,0.000032,0.000032,0.022176
ACCCTATAGGACTGAG-1,0.000014,0.073493,0.01505,0.107058,0.040923,0.285666,0.002145,0.040068,0.435569,0.000014
ACCCTATGCCATATCG-1,0.000036,0.924734,0.003144,0.014522,0.000036,0.000036,0.021369,0.000036,0.000036,0.036052
ACCCTCCCGTCAGGGC-1,0.000039,0.045035,0.321486,0.092687,0.000039,0.003881,0.087353,0.032976,0.412727,0.003778
ACCCTCCCTTGCTATT-1,0.000031,0.097031,0.026648,0.000031,0.078041,0.057589,0.660177,0.023211,0.035862,0.02138
ACCCTGGTAACGCCCT-1,0.000029,0.000029,0.048879,0.056154,0.410586,0.004925,0.152999,0.32634,0.000029,0.000029
ACCCTTCATCTGCGAA-1,0.000064,0.000064,0.586904,0.120663,0.075178,0.000064,0.172988,0.043949,0.000064,0.000064
ACCCTTGCCTGGGTCG-1,0.000081,0.011489,0.867095,0.102783,0.001528,0.000081,0.000081,0.0167,0.000081,0.000081
ACCCTTTAGTTCTCCA-1,0.000057,0.878608,0.118579,0.002411,0.000057,0.000057,0.000057,0.000057,0.000057,0.000057
ACCGAAAGGGCCCTGC-1,0.000041,0.651746,0.228538,0.02659,0.034657,0.000041,0.000041,0.000041,0.000041,0.058263
ACCGAAGAGTCTGGTT-1,0.000022,0.72879,0.00124,0.000022,0.000022,0.000022,0.000022,0.000022,0.000022,0.269818
ACCGACACATCTCCCA-1,0.000029,0.769981,0.001089,0.000345,0.000029,0.000029,0.000029,0.000029,0.000029,0.228412
ACCGACTGAGTCCCAC-1,0.000008,0.02058,0.000008,0.000008,0.014421,0.768551,0.007906,0.112653,0.075858,0.000008
ACCGAGTCTCCTTATT-1,0.000013,0.030437,0.000353,0.112494,0.062882,0.23136,0.062822,0.05562,0.342154,0.101864
ACCGATAGGCATAACC-1,0.000015,0.000015,0.00531,0.186552,0.112385,0.15781,0.131757,0.153693,0.252449,0.000015
ACCGATATTTAATCAT-1,0.000038,0.000038,0.166057,0.021366,0.005427,0.002174,0.63787,0.166953,0.000038,0.000038
ACCGATGGTAGCATCG-1,0.000019,0.046445,0.074645,0.07388,0.222126,0.300189,0.04933,0.130608,0.013658,0.089099
ACCGCAATAACTGCCT-1,0.000017,0.269919,0.049985,0.000017,0.092738,0.173326,0.002038,0.000801,0.403107,0.008052
ACCGCGGTGGAAGTCG-1,0.000014,0.000014,0.011259,0.027073,0.078491,0.352958,0.001038,0.269017,0.126508,0.133628
