Barcode,Topic 1,Topic 2,Topic 3to4,Topic 5to10
AAACAAGTATCTCCCA-1,0.00001,0.009302,0.099093,0.891594
AAACAATCTACTAGCA-1,0.000031,0.833888,0.006224,0.159857
AAACACCAATAACTGC-1,0.000026,0.743112,0.007457,0.249405
AAACAGAGCGACTCCT-1,0.000016,0.000016,0.057415,0.942553
AAACAGCTTTCAGAAG-1,0.00002,0.710659,0.111542,0.177779
AAACAGGGTCTATATT-1,0.000036,0.749957,0.194423,0.055584
AAACATTTCCCGGATT-1,0.000013,0.006066,0.134254,0.859666
AAACCCGAACGAAATC-1,0.000011,0.000011,0.006751,0.993228
AAACCGGAAATGTTAA-1,0.000054,0.000054,0.576787,0.423106
AAACCGGGTAGGTACC-1,0.000013,0.068153,0.245052,0.686782
AAACCGTTCGTCCAGG-1,0.00003,0.83874,0.119109,0.042121
AAACCTAAGCAGCCGG-1,0.000027,0.089281,0.298582,0.612109
AAACCTCATGAAGTTG-1,0.000008,0.000008,0.006891,0.993093
AAACGAAGAACATACC-1,0.000055,0.797033,0.202581,0.00033
AAACGAGACGGTTGAT-1,0.000016,0.026352,0.006309,0.967324
AAACGCTGGGCACGAC-1,0.000056,0.000056,0.133122,0.866766
AAACGGGCGTACGGGT-1,0.000016,0.172389,0.136475,0.69112
AAACGGGTTGGTATCC-1,0.00003,0.878103,0.000061,0.121806
AAACGGTTGCGAACTG-1,0.000035,0.919907,0.079197,0.00086
AAACGTGTTCGCCCTA-1,0.000058,0.049096,0.659005,0.291842
AAACTAACGTGGCGAC-1,0.000019,0.611386,0.353336,0.035259
AAACTCGGTTCGCAAT-1,0.000016,0.283465,0.061348,0.655171
AAACTCGTGATATAAG-1,0.000025,0.000025,0.131035,0.868915
AAACTGCTGGCTCCAA-1,0.000026,0.376478,0.072563,0.550934
AAACTTGCAAACGTAT-1,0.000023,0.889348,0.013293,0.097336
AAAGAATGTGGACTAA-1,0.000007,0.000007,0.000013,0.999974
AAAGACTGGGCGCTTT-1,0.000022,0.018942,0.024528,0.956507
AAAGCTTGCCTACATA-1,0.000045,0.000045,0.300956,0.698953
AAAGGCTACGGACCAT-1,0.000042,0.931852,0.028574,0.039532
AAAGGCTCTCGCGCCG-1,0.000029,0.622259,0.003474,0.374238
AAAGGGATGTAGCAAG-1,0.000032,0.000032,0.088485,0.91145
AAAGGGCAGCTTGAAT-1,0.000012,0.043203,0.105049,0.851736
AAAGGTAAGCTGTACC-1,0.000039,0.12793,0.587712,0.28432
AAAGTAGCATTGCTCA-1,0.000028,0.952168,0.015397,0.032407
AAAGTCGACCCTCAGT-1,0.000012,0.048495,0.009728,0.941765
AAAGTGCCATCAATTA-1,0.000026,0.000026,0.474214,0.525733
AAAGTGTGATTTATCT-1,0.000022,0.000022,0.046816,0.953139
AAAGTTGACTCCCGTA-1,0.000015,0.012275,0.044374,0.943336
AAATAACCATACGGGA-1,0.000018,0.000018,0.110155,0.889809
AAATAAGGTAGTGCCC-1,0.000012,0.001881,0.001554,0.996553
AAATACCTATAAGCAT-1,0.000014,0.166424,0.039222,0.794339
AAATAGCTTAGACTTT-1,0.000024,0.000024,0.042731,0.957221
AAATAGGGTGCTATTG-1,0.000016,0.203774,0.071979,0.72423
AAATCCGATACACGCC-1,0.000016,0.004132,0.076044,0.919808
AAATCGCGGAAGGAGT-1,0.00005,0.991457,0.008193,0.0003
AAATCGTGTACCACAA-1,0.000036,0.223474,0.109815,0.666674
AAATCTAGCCCTGCTA-1,0.000013,0.003388,0.008367,0.988232
AAATGATTCGATCAGC-1,0.000025,0.060212,0.257606,0.682157
AAATGCTCGTTACGTT-1,0.00002,0.001254,0.063442,0.935283
AAATGGCATGTCTTGT-1,0.000032,0.000032,0.593162,0.406773
AAATGGCCCGTGCCCT-1,0.000018,0.998547,0.001324,0.000111
AAATGGTCAATGTGCC-1,0.000018,0.000018,0.035961,0.964002
AAATGTATCTTATCCC-1,0.000025,0.995669,0.00005,0.004257
AAATTAACGGGTAGCT-1,0.000017,0.000017,0.084294,0.915672
AAATTAATAAGCGCGA-1,0.000032,0.579636,0.104667,0.315666
AAATTACACGACTCTG-1,0.000017,0.000017,0.1153,0.884667
AAATTACCTATCGATG-1,0.00003,0.00003,0.440673,0.559266
AAATTCCAGGTCCAAA-1,0.000032,0.000032,0.546015,0.45392
AAATTGATAGTCCTTT-1,0.000029,0.989597,0.000058,0.010316
AAATTGCGGCGGTTCT-1,0.000054,0.872069,0.127556,0.000321
AAATTGGTGAGAAGCA-1,0.000034,0.040222,0.70989,0.249853
AAATTTACCGAAATCC-1,0.000047,0.744381,0.25529,0.000282
AAATTTGCGGGTGTGG-1,0.00001,0.187114,0.143079,0.669797
AACAACTGGTAGTTGC-1,0.000014,0.049395,0.000649,0.949942
AACAATACATTGTCGA-1,0.000023,0.898192,0.022295,0.07949
AACAATTACTCTACGC-1,0.000019,0.00379,0.17069,0.825501
AACACACGCTCGCCGC-1,0.000008,0.010539,0.003789,0.985665
AACACGACTGTACTGA-1,0.000074,0.208006,0.676839,0.115081
AACACGAGACGCGGCC-1,0.000021,0.75563,0.095128,0.149221
AACACGCGGCCGCGAA-1,0.000037,0.758642,0.16645,0.074871
AACAGCTGTGTGGCAA-1,0.000049,0.898302,0.095722,0.005927
AACAGGAAATCGAATA-1,0.000024,0.002675,0.361647,0.635654
AACAGGATGGGCCGCG-1,0.000014,0.000014,0.009207,0.990765
AACAGGTAGTATGGAT-1,0.00002,0.010912,0.005298,0.983771
AACATAGCGTGTATCG-1,0.000008,0.002799,0.069095,0.928097
AACATATCAACTGGTG-1,0.000017,0.000017,0.004757,0.995209
AACATCGATACGTCTA-1,0.000059,0.000059,0.793501,0.20638
AACATTGGTCAGCCGT-1,0.000037,0.99967,0.000073,0.00022
AACATTGTGACTCGAG-1,0.000046,0.919435,0.048488,0.032031
AACCAAGACTTCTCTG-1,0.00001,0.009846,0.026979,0.963164
AACCAGTATCACTCTT-1,0.000062,0.784331,0.16551,0.050098
AACCATGGGATCGCTA-1,0.000034,0.02292,0.423448,0.553598
AACCCAGAGACGGAGA-1,0.000017,0.007923,0.214092,0.777968
AACCCATCCCATGATC-1,0.000023,0.957085,0.001506,0.041386
AACCCGAGCAGAATCG-1,0.000008,0.000008,0.02866,0.971324
AACCCTACTGTCAATA-1,0.000041,0.034502,0.349866,0.615591
AACCCTGGTGGAACCA-1,0.000055,0.364387,0.635229,0.000329
AACCGAGCTTGGTCAT-1,0.000018,0.005269,0.003983,0.99073
AACCGCTAAGGGATGC-1,0.000026,0.107802,0.043873,0.848299
AACCGTTGTGTTTGCT-1,0.000073,0.001054,0.965541,0.033332
AACCTCGCTTTAGCCC-1,0.00002,0.078226,0.145873,0.775881
AACCTGTCACGGAATT-1,0.000043,0.056063,0.571629,0.372265
AACCTTTAAATACGGT-1,0.00003,0.796255,0.104248,0.099467
AACCTTTACGACGTCT-1,0.000013,0.000013,0.003184,0.996791
AACGAAAGTCGTCCCA-1,0.000028,0.942144,0.009855,0.047972
AACGACCTCCTAGCCG-1,0.000133,0.003255,0.15037,0.846241
AACGATAATGCCGTAG-1,0.000023,0.56427,0.059315,0.376392
AACGATAGAAGGGCCG-1,0.000049,0.012321,0.849765,0.137865
AACGATATGTCAACTG-1,0.00002,0.007208,0.26374,0.729032
AACGCATGATCTGGGT-1,0.000031,0.000031,0.11701,0.882928
AACGCGAACGGCAACA-1,0.000028,0.857237,0.132702,0.010033
AACGCGACCTTGGGCG-1,0.000026,0.932541,0.013054,0.05438
AACGCGGTCTCCAGCC-1,0.000066,0.035094,0.338007,0.626833
AACGCTGTTGCTGAAA-1,0.000026,0.003413,0.163797,0.832764
AACGGACGTACGTATA-1,0.000035,0.022512,0.077271,0.900181
AACGGCCATCTCCGGT-1,0.000012,0.18282,0.000023,0.817145
AACGTACTGTGGGTAC-1,0.000016,0.304425,0.000033,0.695526
AACGTCAGACTAGTGG-1,0.000019,0.000019,0.126285,0.873677
AACGTCGCTGCACTTC-1,0.000036,0.011141,0.192307,0.796516
AACGTGATGAAGGACA-1,0.000057,0.034172,0.959864,0.005907
AACGTGCGAAAGTCTC-1,0.000025,0.010352,0.011482,0.978142
AACGTTATCAGCACCT-1,0.000029,0.323502,0.135884,0.540585
AACGTTCTACCATTGT-1,0.00003,0.00003,0.026724,0.973215
AACTACCCGTTTGTCA-1,0.000012,0.019516,0.000023,0.980449
AACTAGCGTATCGCAC-1,0.000055,0.906583,0.063031,0.030331
AACTAGGCTTGGGTGT-1,0.000028,0.745145,0.14438,0.110447
AACTCAAGTTAATTGC-1,0.000017,0.001339,0.018127,0.980518
AACTCCAGAGCGTGTT-1,0.000017,0.086407,0.006439,0.907136
AACTCCTAATCCCATG-1,0.000056,0.000056,0.848269,0.151619
AACTCGATAAACACGT-1,0.000018,0.999839,0.000036,0.000108
AACTCGATGGCGCAGT-1,0.000019,0.01336,0.028063,0.958559
AACTCTCAATAGAGCG-1,0.000026,0.009896,0.074796,0.915282
AACTCTCAGTGTGCTC-1,0.000042,0.833579,0.10427,0.062109
AACTGAGGTCAGCGTC-1,0.000031,0.343444,0.656341,0.000184
AACTGAGTTATACTGA-1,0.000048,0.000048,0.350207,0.649696
AACTGATATTAGGCCT-1,0.000038,0.000038,0.129782,0.870143
AACTGGGTCCCGACGT-1,0.000046,0.001272,0.309532,0.68915
AACTGGTGTGGGCCTT-1,0.00004,0.974811,0.024907,0.000242
AACTTCTGCGTCTATC-1,0.000013,0.011548,0.131256,0.857183
AACTTGCCCGTATGCA-1,0.00001,0.007725,0.008766,0.983499
AACTTGCGTTCTCGCG-1,0.000007,0.058199,0.000014,0.94178
AACTTTACGGGAGCTT-1,0.000052,0.834028,0.141358,0.024563
AACTTTAGCTGCTGAG-1,0.000028,0.931957,0.045626,0.022389
AACTTTCTCGATCATG-1,0.000037,0.000037,0.48361,0.516317
AAGAAATCACCAGATT-1,0.000075,0.013737,0.732381,0.253807
AAGAAGGATCAGTTAG-1,0.000061,0.080951,0.506675,0.412313
AAGACATACGTGGTTT-1,0.000014,0.000014,0.070649,0.929323
AAGACCCAACTGAACA-1,0.00002,0.840639,0.000041,0.1593
AAGACTAACCCGTTGT-1,0.000019,0.602035,0.000612,0.397333
AAGACTGCAAGCTACT-1,0.000016,0.009728,0.105238,0.885018
AAGAGATGAATCGGTA-1,0.000009,0.009778,0.015343,0.97487
AAGAGCTCTTTATCGG-1,0.000025,0.179144,0.092779,0.728052
AAGAGGATGTACGCGA-1,0.000018,0.058761,0.138093,0.803128
AAGAGGCATGGATCGC-1,0.000016,0.03677,0.131682,0.831532
AAGAGGCCCTTTGGAA-1,0.000014,0.000062,0.099276,0.900648
AAGATGGCACCGGACC-1,0.000039,0.872084,0.041021,0.086856
AAGATTGGCGGAACGT-1,0.00002,0.032609,0.248558,0.718813
AAGCACCCTGCGTATC-1,0.000034,0.631795,0.041831,0.326341
AAGCATACTCTCCTGA-1,0.000009,0.125855,0.000018,0.874117
AAGCCGAAGCGGTTTA-1,0.000015,0.009016,0.064694,0.926274
AAGCCGCTTTACCTTG-1,0.000079,0.000079,0.971212,0.02863
AAGCCGGAGAGCAGGA-1,0.00002,0.00002,0.144572,0.855387
AAGCGCAGGGCTTTGA-1,0.000023,0.589303,0.095785,0.31489
AAGCGGAGTGCGCGCA-1,0.00002,0.04207,0.265853,0.692056
AAGCGGCGTCATGGGT-1,0.0001,0.044867,0.951325,0.003708
AAGCGTCCCTCATCGA-1,0.000035,0.874084,0.005791,0.120089
AAGCTAGATCGAGTAA-1,0.000032,0.452816,0.126156,0.420996
AAGCTCGTGCCAAGTC-1,0.000018,0.024361,0.050505,0.925117
AAGCTCTTTCATGGTG-1,0.000047,0.086994,0.425189,0.48777
AAGGAGAACTTATAAG-1,0.000049,0.960302,0.011574,0.028075
AAGGAGCGGTTGGTGC-1,0.000033,0.000033,0.156783,0.843151
AAGGATCGATCGCTTG-1,0.000026,0.005602,0.063202,0.93117
AAGGATGAGGGACCTC-1,0.000021,0.000021,0.068669,0.931288
AAGGCAGGCTGTCTCC-1,0.000033,0.000033,0.229467,0.770466
AAGGCGCGTAAAGCTT-1,0.000015,0.003232,0.172508,0.824244
AAGGCTGTGCTCATCG-1,0.000015,0.000015,0.00003,0.999939
AAGGGACAGATTCTGT-1,0.000011,0.000011,0.031116,0.968862
AAGGGACTATGCATTC-1,0.000061,0.943739,0.055832,0.000368
AAGGGTTAGCCATGCG-1,0.000037,0.000037,0.135951,0.863975
AAGGTATCCTAATATA-1,0.000024,0.01277,0.136175,0.851031
AAGGTGATAAACCAGC-1,0.000038,0.006317,0.264682,0.728963
AAGTAGAAGACCGGGT-1,0.000038,0.001286,0.459146,0.53953
AAGTAGTGACGCGAGG-1,0.000017,0.044448,0.053633,0.901903
AAGTCAATTGTCGTCA-1,0.000023,0.022125,0.343758,0.634094
AAGTCTAGTAGCTGCC-1,0.00005,0.00005,0.381113,0.618787
AAGTCTTCTGTGGCCT-1,0.000033,0.97136,0.000065,0.028542
AAGTGACGACCGAATT-1,0.000008,0.013541,0.096498,0.889952
AAGTGAGTCGGGTTTA-1,0.000043,0.88885,0.02742,0.083686
AAGTGCAAAGGTAGAC-1,0.000023,0.595642,0.039895,0.36444
AAGTGCCTTGACTGTA-1,0.000018,0.028575,0.424127,0.54728
AAGTGCGTTAGAATCT-1,0.000027,0.81715,0.007521,0.175302
AAGTGTTTGGAGACGG-1,0.000032,0.414754,0.113686,0.471528
AAGTTCACTCCAAGCT-1,0.000038,0.041535,0.291977,0.66645
AAGTTCAGTCTGCGTA-1,0.000014,0.010872,0.003984,0.98513
AAGTTCGGCCAACAGG-1,0.000011,0.248646,0.000518,0.750825
AAGTTGTGATGTTATA-1,0.000012,0.000012,0.037434,0.962543
AAGTTTACTAATGGCA-1,0.000052,0.906816,0.09282,0.000312
AAGTTTATGGGCCCAA-1,0.000044,0.648729,0.258417,0.092811
AATAACAACGCTCGGC-1,0.000011,0.005106,0.058399,0.936484
AATAACACTAGAACAA-1,0.000038,0.708181,0.128419,0.163362
AATAACGTCGCGCCCA-1,0.000017,0.000017,0.003124,0.996842
AATAAGTCCTCGAGAC-1,0.000034,0.979558,0.007649,0.01276
AATAATCTTCGTATCG-1,0.000052,0.000052,0.670553,0.329343
AATACAATGTTTCAGG-1,0.000019,0.019035,0.065435,0.91551
AATACCTGATGTGAAC-1,0.000015,0.000015,0.038221,0.961749
AATAGAACAGAGTGGC-1,0.00003,0.923535,0.012297,0.064139
AATAGAATCTGTTTCA-1,0.000014,0.04999,0.002031,0.947964
AATAGCAAGCCTCCTG-1,0.000037,0.512219,0.487525,0.000219
AATAGCTACCGCGTGC-1,0.000016,0.000016,0.123875,0.876093
AATAGTCCGTCCCGAC-1,0.000022,0.839789,0.000043,0.160146
AATAGTCGCGAGTCGG-1,0.000029,0.916099,0.028414,0.055458
AATATCAAGGTCGGAT-1,0.000087,0.536805,0.268501,0.194607
AATATCCTAGCAAACT-1,0.000022,0.66838,0.00244,0.329158
AATATCGAATCAATGC-1,0.000013,0.076245,0.029089,0.894653
AATATCGAGGGTTCTC-1,0.000039,0.000039,0.624434,0.375489
AATATTGGAGTATTGA-1,0.000029,0.103966,0.214177,0.681828
AATCAGACTGCAGGAC-1,0.00005,0.920543,0.079105,0.000301
AATCATGTAAAGACTC-1,0.000009,0.000009,0.056274,0.943708
AATCCAAGGGCCTGAG-1,0.000051,0.249983,0.308781,0.441184
AATCCATGCAAGGGTG-1,0.000024,0.778553,0.003719,0.217704
AATCGCCTCAGCGCCA-1,0.000015,0.000015,0.018636,0.981333
AATCGCGCAGAGGACT-1,0.000021,0.000021,0.053542,0.946416
AATCGGGACACTACGA-1,0.000049,0.752512,0.183156,0.064284
AATCGGTATAGCCCTC-1,0.000018,0.000018,0.0429,0.957065
AATCGTGAGCCGAGCA-1,0.000033,0.036026,0.190444,0.773497
AATCTAGGTTTACTTG-1,0.000044,0.828511,0.0901,0.081345
AATCTATGCCGGAGCC-1,0.00003,0.00003,0.086308,0.913631
AATCTCTACTGTGGTT-1,0.000036,0.758414,0.147501,0.094049
AATCTGCGTTGGGACG-1,0.000034,0.051022,0.224335,0.724609
AATCTGGCTTTCTAGT-1,0.000037,0.847629,0.060455,0.091879
AATGACAGCAATGTCT-1,0.000021,0.679773,0.004363,0.315842
AATGACGTAGGATGTC-1,0.000051,0.044408,0.387869,0.567673
AATGACTGTCAGCCGG-1,0.000018,0.000018,0.010769,0.989194
AATGAGTTCGCATATG-1,0.000048,0.085951,0.223463,0.690538
AATGATGATACGCTAT-1,0.000038,0.015748,0.518353,0.465861
AATGATGCGACTCCTG-1,0.000039,0.024123,0.281143,0.694695
AATGCAACCGGGTACC-1,0.000023,0.00585,0.131764,0.862363
AATGCACCAAGCAATG-1,0.00003,0.00003,0.367363,0.632577
AATGGTCCACCGTTCA-1,0.000012,0.009501,0.000024,0.990463
AATGGTTCTCACAAGC-1,0.000029,0.063964,0.294166,0.641841
AATGTGCCCGAGGTGT-1,0.000028,0.975065,0.000056,0.02485
AATGTTAAGACCCTGA-1,0.000011,0.026199,0.12951,0.844281
AATGTTGTCGTGAGAC-1,0.00002,0.005909,0.074709,0.919362
AATTAAAGGTCGGCGT-1,0.000045,0.023659,0.105337,0.87096
AATTAACGGATTTCCA-1,0.000039,0.869999,0.109505,0.020457
AATTACTCGTACGCTC-1,0.000089,0.74492,0.081884,0.173107
AATTAGCGCTGCAGCG-1,0.00005,0.695213,0.218564,0.086172
AATTATACCCAGCAAG-1,0.000029,0.040375,0.619398,0.340198
AATTCATAAGGGATCT-1,0.000015,0.000015,0.041608,0.958362
AATTCCAACTTGGTGA-1,0.00005,0.98581,0.007704,0.006436
AATTCCAAGCATGTAC-1,0.00002,0.847288,0.00004,0.152652
AATTCGATTCGAGGAT-1,0.000036,0.410201,0.197272,0.392492
AATTCTAGAGTTAGGC-1,0.000036,0.848992,0.035076,0.115896
AATTGAACGCTCTGGT-1,0.00002,0.04048,0.09451,0.864989
AATTGCAGCAATCGAC-1,0.000032,0.000032,0.523824,0.476111
AATTGTGGTTGCCAAA-1,0.000049,0.000049,0.561014,0.438889
AATTTGGGACATAGTA-1,0.000055,0.000055,0.474846,0.525043
AATTTGGTTCCAAAGA-1,0.000053,0.080099,0.728636,0.191212
ACAAAGAAGGTAGGCC-1,0.00002,0.784216,0.05086,0.164904
ACAAAGCATGACCTAG-1,0.00001,0.013563,0.139604,0.846823
ACAAATCGCACCGAAT-1,0.000009,0.028776,0.007916,0.963299
ACAAATGGTAGTGTTT-1,0.000019,0.007788,0.082218,0.909975
ACAAATTCAGATCTGA-1,0.000043,0.48746,0.431903,0.080595
ACAACAGCATGAGCTA-1,0.000033,0.072844,0.273254,0.653869
ACAACGGTCCCTGCGA-1,0.000008,0.000008,0.000611,0.999372
ACAAGCAGTGCCTAGC-1,0.000007,0.000007,0.001484,0.998501
ACAAGCTATATGGAAG-1,0.000045,0.915485,0.070508,0.013961
ACAAGGAAATCCGCCC-1,0.000013,0.10206,0.013521,0.884406
ACAAGGACAAGAGGTT-1,0.000031,0.000031,0.147466,0.852471
ACAAGGATGCTTTAGG-1,0.000018,0.014866,0.149326,0.83579
ACAAGGGCAGGCTCTG-1,0.00003,0.022584,0.402922,0.574464
ACAATAGTCGTACGTT-1,0.000022,0.197938,0.297415,0.504625
ACAATCCATTTAAACC-1,0.000006,0.000006,0.207224,0.792765
ACAATGAATACGGAGA-1,0.000052,0.793078,0.188184,0.018685
ACAATGATTCTTCTAC-1,0.000029,0.59433,0.404389,0.001253
ACAATTGTGTCTCTTT-1,0.000022,0.05892,0.000548,0.94051
ACAATTTAGGAGGCTC-1,0.000033,0.815907,0.067099,0.116961
ACAATTTGAGCAGTGG-1,0.000023,0.000023,0.039545,0.960408
ACAATTTGGCCATATT-1,0.000017,0.000017,0.011281,0.988685
ACACAAAGACGGGTGG-1,0.000017,0.000017,0.495073,0.504893
ACACAAATATTCCTAG-1,0.000083,0.116923,0.790172,0.092822
ACACACCAGGACCAGT-1,0.000017,0.060837,0.122074,0.817072
ACACACTTTCTACACG-1,0.000027,0.000027,0.234166,0.76578
ACACATGATCAAATCT-1,0.000026,0.979035,0.000051,0.020888
ACACATTGACGCAACA-1,0.000026,0.999766,0.000052,0.000156
ACACCACATAATTAGC-1,0.000026,0.000026,0.151358,0.84859
ACACCCAGCATGCAGC-1,0.000014,0.000014,0.00625,0.993722
ACACCCGAGAAATCCG-1,0.000049,0.019541,0.813409,0.167001
ACACCGAGCGCTCTTT-1,0.000035,0.7871,0.159932,0.052933
ACACCTTAAGTAGGGC-1,0.000012,0.047289,0.000024,0.952675
ACACCTTACTACTTGC-1,0.000019,0.000019,0.137095,0.862867
ACACGAGACTCCTTCT-1,0.000035,0.030056,0.182192,0.787717
ACACGGCACTATGCAT-1,0.000037,0.927554,0.057015,0.015394
ACACGGGAACTTAGGG-1,0.000011,0.000011,0.015299,0.98468
ACACGTAGGCCACAAG-1,0.00001,0.00001,0.026706,0.973273
ACACTCCAATGTCACT-1,0.000008,0.13883,0.004103,0.857058
ACACTGATCAAGGTGT-1,0.000029,0.737951,0.000989,0.261032
ACACTGGGACAGTCGT-1,0.000021,0.026837,0.232683,0.740458
ACAGAACTGAGAACAA-1,0.00002,0.945744,0.000335,0.053902
ACAGATTAGGTTAGTG-1,0.000061,0.987571,0.000123,0.012246
ACAGCATAGAGCCAGT-1,0.000064,0.144207,0.821726,0.034003
ACAGCGACATTCTCAT-1,0.000043,0.000043,0.249611,0.750304
ACAGCGCACCCGCAGC-1,0.000055,0.051251,0.877838,0.070857
ACAGGAGGCGCAGCCG-1,0.000037,0.881096,0.000767,0.1181
ACAGGCACGGATCCTT-1,0.00005,0.029602,0.28812,0.682228
ACAGGCTTGCCCGACT-1,0.000018,0.09663,0.067869,0.835482
ACAGGTGGAGGTGAGG-1,0.000035,0.830158,0.038723,0.131085
ACAGGTGTGTTGTTGC-1,0.000063,0.762842,0.225686,0.011409
ACAGTAATACAACTTG-1,0.000047,0.720622,0.040793,0.238538
ACAGTATACCGTGGGA-1,0.000073,0.000073,0.75882,0.241034
ACATAATAAGGCGGTG-1,0.000025,0.000025,0.179091,0.820859
ACATACAATCAAGCGG-1,0.00002,0.013296,0.292737,0.693946
ACATCAGCTGGGACGC-1,0.000013,0.299072,0.002123,0.698792
ACATCCCGGCCATACG-1,0.000039,0.839501,0.10451,0.05595
ACATCCTGGTAACTGT-1,0.000029,0.022348,0.273472,0.704151
ACATCGATCGTTTACC-1,0.000019,0.03533,0.011655,0.952997
ACATCGGTCAGCCGCG-1,0.000014,0.000014,0.000028,0.999943
ACATCGTATGCAATGG-1,0.00002,0.00002,0.183431,0.816529
ACATCGTTAACCTAGT-1,0.000089,0.085799,0.876985,0.037127
ACATCTCAACGCGTAA-1,0.000049,0.919053,0.06758,0.013319
ACATGGCGCCAAAGTA-1,0.000016,0.000016,0.041789,0.958179
ACATGGCTCAATTTAG-1,0.000047,0.957629,0.000094,0.04223
ACATTAGTTTATATCC-1,0.000029,0.817524,0.031962,0.150485
ACATTTGAAACCTAAC-1,0.00004,0.00004,0.287484,0.712435
ACCAAACACCCAGCGA-1,0.000047,0.051295,0.884108,0.06455
ACCAAACTAGAAATCC-1,0.000041,0.531939,0.13385,0.334169
ACCAACACCACACACT-1,0.000012,0.000012,0.005704,0.994272
ACCAACCGCACTCCAC-1,0.000027,0.025503,0.296444,0.678026
ACCAACGCTTATTTAT-1,0.000042,0.647122,0.263589,0.089247
ACCAAGAACGCGTGTC-1,0.00005,0.033885,0.669547,0.296518
ACCAAGTCATCGGCAG-1,0.000038,0.005116,0.165242,0.829605
ACCAATATGCAAGTTA-1,0.000033,0.560635,0.153462,0.28587
ACCACAACTCAGAACA-1,0.000029,0.932719,0.046092,0.02116
ACCACAAGTTTCTATC-1,0.000008,0.000008,0.000017,0.999966
ACCACCAATGTAACAA-1,0.000036,0.000036,0.514346,0.485582
ACCACCCTCTCTTCTA-1,0.000026,0.000026,0.215556,0.784392
ACCACGTGCAGCTATA-1,0.000025,0.051369,0.195617,0.752988
ACCACTGTTCAAGAAG-1,0.000048,0.936445,0.000095,0.063412
ACCAGACCATAACAAC-1,0.000027,0.890245,0.077477,0.03225
ACCAGCCCGGTCTTTG-1,0.000054,0.850028,0.127244,0.022675
ACCAGGAGTGTGATCT-1,0.000043,0.746384,0.056151,0.197421
ACCAGTGCCCGGTCAA-1,0.000064,0.1104,0.685607,0.203929
ACCAGTGCGGGAGACG-1,0.000024,0.000024,0.000049,0.999903
ACCATATCCGCAATAA-1,0.000027,0.077576,0.11977,0.802628
ACCATCCGCCAACTAG-1,0.000017,0.818138,0.011556,0.170289
ACCATCGTATATGGTA-1,0.000027,0.026801,0.101051,0.872122
ACCATTAAGGGTGTCA-1,0.00004,0.964085,0.000079,0.035796
ACCCAACGCCCGTGGC-1,0.000012,0.056825,0.032611,0.910552
ACCCACCTACATGCTC-1,0.000025,0.01449,0.235935,0.749549
ACCCATCTTGAGGGTA-1,0.000025,0.048033,0.25195,0.699991
ACCCATTTGTCCCTCT-1,0.000021,0.000021,0.026139,0.973819
ACCCGAGCGAAATTAC-1,0.00004,0.898865,0.005595,0.0955
ACCCGGAAACTCCCAG-1,0.000021,0.697889,0.000042,0.302048
ACCCGGAGCACCACAA-1,0.000016,0.000016,0.042835,0.957133
ACCCGGATGACGCATC-1,0.000022,0.000022,0.040324,0.959633
ACCCGGTTACACTTCC-1,0.000012,0.051117,0.000023,0.948848
ACCCGTAGTCTAGTTG-1,0.000065,0.000065,0.183953,0.815917
ACCCGTGTCATCAGTA-1,0.000032,0.963067,0.002251,0.03465
ACCCTATAGGACTGAG-1,0.000014,0.073493,0.122108,0.804385
ACCCTATGCCATATCG-1,0.000036,0.924734,0.017666,0.057564
ACCCTCCCGTCAGGGC-1,0.000039,0.045035,0.414173,0.540753
ACCCTCCCTTGCTATT-1,0.000031,0.097031,0.026678,0.87626
ACCCTGGTAACGCCCT-1,0.000029,0.000029,0.105034,0.894908
ACCCTTCATCTGCGAA-1,0.000064,0.000064,0.707567,0.292305
ACCCTTGCCTGGGTCG-1,0.000081,0.011489,0.969878,0.018552
ACCCTTTAGTTCTCCA-1,0.000057,0.878608,0.12099,0.000345
ACCGAAAGGGCCCTGC-1,0.000041,0.651746,0.255128,0.093085
ACCGAAGAGTCTGGTT-1,0.000022,0.72879,0.001262,0.269926
ACCGACACATCTCCCA-1,0.000029,0.769981,0.001434,0.228556
ACCGACTGAGTCCCAC-1,0.000008,0.02058,0.000015,0.979397
ACCGAGTCTCCTTATT-1,0.000013,0.030437,0.112847,0.856702
ACCGATAGGCATAACC-1,0.000015,0.000015,0.191861,0.808109
ACCGATATTTAATCAT-1,0.000038,0.000038,0.187422,0.812501
ACCGATGGTAGCATCG-1,0.000019,0.046445,0.148525,0.805011
ACCGCAATAACTGCCT-1,0.000017,0.269919,0.050002,0.680062
ACCGCGGTGGAAGTCG-1,0.000014,0.000014,0.038332,0.96164
ACCGGGCCTTTGTTGA-1,0.00003,0.092686,0.07757,0.829713
ACCGGTCAGGTACACC-1,0.000029,0.889737,0.011203,0.099031
ACCGTGACCACGTGGG-1,0.000034,0.734692,0.064287,0.200987
ACCGTTCCCGCTCTGA-1,0.000088,0.861919,0.07995,0.058044
ACCTAAGTACCTTTCA-1,0.000034,0.813607,0.114029,0.07233
ACCTAATCGACTTCCT-1,0.000024,0.001165,0.124127,0.874684
ACCTACAGTATGTGGT-1,0.000023,0.005204,0.004274,0.990499
ACCTACTATAAATCTA-1,0.00003,0.897354,0.004658,0.097958
ACCTCAGCGAGGCGCA-1,0.000037,0.000037,0.373419,0.626507
ACCTCCGCCCTCGCTG-1,0.000046,0.023324,0.355345,0.621285
ACCTCCGTTATTCACC-1,0.00001,0.00001,0.00002,0.99996
ACCTGCGTGTCATGTT-1,0.000026,0.748967,0.142198,0.108809
ACGAAATGGGCGGCAC-1,0.000028,0.000209,0.211896,0.787866
ACGACCCATGAGTTGC-1,0.00003,0.00003,0.36291,0.63703
ACGACTCTAGGGCCGA-1,0.000026,0.106837,0.415859,0.477278
ACGACTGGTCATACTC-1,0.000042,0.905649,0.000084,0.094225
ACGAGAACCCATCACG-1,0.000024,0.13184,0.120947,0.747189
ACGAGATATTTGCTTA-1,0.000037,0.062841,0.773932,0.163191
ACGAGGATACCACTCT-1,0.000022,0.477736,0.063362,0.458881
ACGAGGTTTACAACGT-1,0.000016,0.925156,0.001724,0.073104
ACGAGTACGGATGCCC-1,0.00004,0.00004,0.122374,0.877546
ACGAGTCGCCGGCGTT-1,0.000045,0.902821,0.088096,0.009038
ACGATACATAGAACTA-1,0.000044,0.000044,0.602905,0.397008
ACGATACCTATCCTGA-1,0.000036,0.899548,0.057581,0.042835
ACGATCATACATAGAG-1,0.000041,0.001137,0.341898,0.656924
ACGATCATCTTGTAAA-1,0.000049,0.000049,0.294313,0.705589
ACGATGCATATGTTAT-1,0.000016,0.053767,0.015109,0.931108
ACGATGGATCCGATGC-1,0.00005,0.09483,0.786215,0.118906
ACGCAAACTAATAGAT-1,0.000029,0.889268,0.000058,0.110645
ACGCAATCACTACAGC-1,0.000015,0.000015,0.00533,0.994639
ACGCATACGTTTACTA-1,0.000024,0.004215,0.122842,0.87292
ACGCATTCGTGAGTAC-1,0.000051,0.011087,0.142309,0.846554
ACGCCAGATGATTTCT-1,0.000028,0.000028,0.149865,0.850078
ACGCCAGTGCGTTTGC-1,0.000014,0.036194,0.026594,0.937198
ACGCCCAGCTGTCGAT-1,0.000037,0.415151,0.119876,0.464937
ACGCCGCTAGACGACC-1,0.000023,0.022097,0.060792,0.917087
ACGCCTGACACGCGCT-1,0.000027,0.664486,0.034018,0.301469
ACGCGAAGTCAGACGA-1,0.000023,0.67577,0.043754,0.280453
ACGCGCTACACAGGGT-1,0.000008,0.048813,0.02492,0.926259
ACGCGGGCCAAGGACA-1,0.000015,0.000015,0.010384,0.989586
ACGCGTTTCTTAAGAG-1,0.000028,0.916408,0.02248,0.061083
ACGCTACTGAATGGGC-1,0.000104,0.000104,0.659915,0.339878
ACGCTAGTGATACACT-1,0.000015,0.000015,0.000313,0.999657
ACGCTGTGAGGCGTAG-1,0.000025,0.665575,0.122293,0.212106
ACGGAACACGAGTGCC-1,0.000029,0.000029,0.219243,0.7807
ACGGAATTTAGCAAAT-1,0.000013,0.000013,0.000025,0.99995
ACGGACTCTCAAAGCG-1,0.000012,0.074382,0.262511,0.663095
ACGGAGCGCAAATTAC-1,0.000013,0.000013,0.013324,0.986649
ACGGATGGTGCGGATA-1,0.000046,0.185384,0.339242,0.475329
ACGGCACTTGCTTGGG-1,0.00005,0.767834,0.210276,0.02184
ACGGCCAACATGGACT-1,0.000019,0.770477,0.000038,0.229465
ACGGCGACGATGGGAA-1,0.000033,0.058213,0.22819,0.713564
ACGGCGGGTTGCCCTG-1,0.000055,0.708618,0.201858,0.089469
ACGGGAGTGTCGGCCC-1,0.000018,0.911677,0.009212,0.079093
ACGGGCGTATGCGACA-1,0.000017,0.000017,0.000035,0.99993
ACGGGTCATGTGACTT-1,0.000034,0.658903,0.215403,0.125661
ACGGTACAGTTCAATG-1,0.000008,0.000008,0.163943,0.836041
ACGTACAGATTTCTCT-1,0.000091,0.057947,0.928113,0.013849
ACGTAGATTGCTGATG-1,0.000027,0.025697,0.181039,0.793236
ACGTAGGAGAGTCGCT-1,0.000036,0.48898,0.273181,0.237803
ACGTATTACTCCGATC-1,0.000063,0.000063,0.376023,0.623852
ACGTCTCGTTCCGGGA-1,0.000021,0.877927,0.0524,0.069653
ACGTGACAAAGTAAGT-1,0.000025,0.973097,0.00005,0.026828
ACGTGCGCCTCGTGCA-1,0.000014,0.030412,0.014554,0.95502
ACGTTAATGTCGAAGA-1,0.000024,0.088023,0.145889,0.766064
ACGTTAGATTTGCCCG-1,0.00001,0.044445,0.003209,0.952336
ACGTTATTGGTCACTC-1,0.00003,0.329445,0.111961,0.558563
ACGTTCCGCGCTCCGT-1,0.000052,0.924805,0.067791,0.007353
ACGTTCGCAATCAATT-1,0.000034,0.117902,0.124259,0.757804
ACGTTCGTTCAGGAAA-1,0.000051,0.953544,0.00282,0.043585
ACGTTCTGTACAAGTC-1,0.000018,0.104842,0.123607,0.771534
ACGTTTAGTTGTGATC-1,0.000034,0.000034,0.326158,0.673774
ACGTTTCGGTGCACTT-1,0.000195,0.000195,0.576291,0.42332
ACTAAGGACGCACACC-1,0.00002,0.314263,0.542123,0.143594
ACTAATACGTCAGGCG-1,0.000094,0.33809,0.661253,0.000563
ACTACCAGCTCTCTGG-1,0.00003,0.008364,0.200085,0.791522
ACTACGCGTTAGAATT-1,0.000042,0.923929,0.045807,0.030221
ACTAGTTGCGATCGTC-1,0.000034,0.008462,0.160201,0.831302
ACTATATGCTGTGTTC-1,0.000071,0.000071,0.776572,0.223285
ACTATCCAGGGCATGG-1,0.00001,0.00001,0.01771,0.982269
ACTATCGCCGGCTAAA-1,0.000026,0.962711,0.000053,0.03721
ACTATCTGCCCGCGTA-1,0.000013,0.000013,0.008666,0.991308
ACTATTCGTCCGTGGT-1,0.000025,0.000025,0.155824,0.844125
ACTATTTCCGGGCCCA-1,0.000027,0.891006,0.001985,0.106983
ACTCAACGAATGTATT-1,0.000041,0.961265,0.013903,0.024792
ACTCAAGTGCAAGGCT-1,0.00003,0.118356,0.034132,0.847482
ACTCAATAAAGGCACG-1,0.000041,0.000041,0.241245,0.758673
ACTCAGACCTGCTTCT-1,0.00003,0.347439,0.095115,0.557416
ACTCCAATATCATCAT-1,0.000023,0.786902,0.000046,0.21303
ACTCCCATTCCTAAAG-1,0.000026,0.914846,0.03253,0.052597
ACTCCCGAATTCGTTT-1,0.000029,0.000029,0.03425,0.965691
ACTCCCGTAGACTAGG-1,0.000048,0.010768,0.278122,0.711062
ACTCCCTAATGCTAAA-1,0.000023,0.794065,0.001382,0.20453
ACTCCCTAGAATAGTA-1,0.000033,0.508539,0.306811,0.184617
ACTCCGGCCGACCACT-1,0.000021,0.098081,0.286012,0.615886
ACTCGATGTATTTCAT-1,0.000024,0.633066,0.025083,0.341827
ACTCGCCGTTCGATAA-1,0.000012,0.034815,0.015422,0.949752
ACTCGCGATCTGACGC-1,0.000038,0.000038,0.231596,0.768328
ACTCGTAACCCGTCCT-1,0.00002,0.835965,0.00004,0.163976
ACTCGTCAGTAATCCC-1,0.000045,0.038295,0.270629,0.691032
ACTCTAAACCTGGGAT-1,0.000029,0.970562,0.000058,0.02935
ACTCTCTGACTTAGGT-1,0.00004,0.077221,0.236451,0.686289
ACTCTCTTATACACGA-1,0.000113,0.149349,0.790414,0.060124
ACTCTGACCTAATAGA-1,0.000031,0.000031,0.369791,0.630148
ACTCTTCAGCTCCCGC-1,0.000019,0.000019,0.016757,0.983206
ACTCTTGTATAGTAAC-1,0.000009,0.080175,0.000796,0.91902
ACTGAAACGCCGTTAG-1,0.000025,0.02792,0.146138,0.825918
ACTGAATGGCGAAAGT-1,0.000021,0.05869,0.217832,0.723456
ACTGATTTAGTGATTC-1,0.000051,0.875076,0.070344,0.054529
ACTGCCGTCGTAACTC-1,0.000025,0.000025,0.392619,0.607332
ACTGCGGACACACCGT-1,0.000062,0.000062,0.297088,0.702788
ACTGCTCGGAAGGATG-1,0.000042,0.979256,0.000084,0.020618
ACTGGCGAACCTGCGT-1,0.000046,0.856804,0.142875,0.000275
ACTGTACGATACACAT-1,0.000033,0.000033,0.333535,0.6664
ACTGTAGCACTTTGGA-1,0.000014,0.000014,0.017032,0.982939
ACTGTATACGCGAGCA-1,0.000018,0.000018,0.071976,0.927989
ACTGTCCAGGATTATA-1,0.000018,0.006468,0.133534,0.859981
ACTGTCTTCTTTAGAA-1,0.000037,0.2021,0.213613,0.58425
ACTGTGCTAGTAGATC-1,0.000021,0.044173,0.002127,0.953679
ACTGTTTAGTGTAGGC-1,0.000066,0.848831,0.150707,0.000396
ACTTACCGGGCGCGCA-1,0.000023,0.007862,0.817218,0.174898
ACTTACGCATCCACGC-1,0.00003,0.744291,0.010576,0.245103
ACTTAGTACGACAAGA-1,0.000014,0.000014,0.107921,0.892052
ACTTATACTTACCCGG-1,0.000016,0.060837,0.100879,0.838267
ACTTATTAGGATCGGT-1,0.000023,0.059271,0.047716,0.892989
ACTTATTTATGTGCCA-1,0.000019,0.039635,0.003083,0.957263
ACTTCAGGCTGATCCC-1,0.000057,0.123199,0.3213,0.555444
ACTTCCAGTGGAAGCT-1,0.000028,0.797765,0.014454,0.187752
ACTTCCATGCGGGACA-1,0.000019,0.182031,0.011457,0.806494
ACTTCGCCATACGCAC-1,0.000022,0.105907,0.009123,0.884947
ACTTCGCTAGCGAGTG-1,0.000041,0.001589,0.652311,0.346059
ACTTGACTCCCTCTTT-1,0.000047,0.051461,0.177825,0.770667
ACTTGCCATATTGTAC-1,0.000072,0.846417,0.15308,0.000431
ACTTGGGACCCGGTGG-1,0.000007,0.024932,0.000937,0.974124
ACTTGTAGTCCCTTCA-1,0.000026,0.756035,0.069312,0.174627
ACTTGTGGATGGAACG-1,0.00004,0.275984,0.466877,0.2571
ACTTTACCCTCATGAA-1,0.000047,0.021447,0.624153,0.354352
ACTTTCCTATAGCTTC-1,0.000023,0.000023,0.120549,0.879405
ACTTTGACTGCATCCT-1,0.000027,0.906212,0.04645,0.047312
ACTTTGTCGACGCACT-1,0.000062,0.000062,0.33755,0.662327
AGAAATTATGACTCGC-1,0.00001,0.00001,0.093362,0.906618
AGAACCCAGCGTGACA-1,0.000027,0.000027,0.183999,0.815946
AGAACGTGGTACATTC-1,0.000032,0.014574,0.44866,0.536734
AGAACTGTACTTTGTA-1,0.000044,0.02803,0.650578,0.321348
AGAAGAGCGCCGTTCC-1,0.000413,0.043045,0.143636,0.812905
AGAAGGTACACTTCAC-1,0.000042,0.932503,0.017446,0.050009
AGAAGGTTGCCGAATT-1,0.000008,0.000008,0.000016,0.999967
AGAAGGTTGTAGGTCG-1,0.000032,0.162928,0.327361,0.509678
AGAAGTGATTCGTGAT-1,0.000029,0.778783,0.050887,0.170302
AGAATAAATCTTCAGG-1,0.000025,0.905573,0.004102,0.0903
AGAATACAGGCTATCC-1,0.000039,0.002478,0.371028,0.626454
AGAATGCGGGTTCGGA-1,0.000064,0.010291,0.642424,0.347221
AGAATTATGGATTCGA-1,0.000011,0.031991,0.14,0.827998
AGAATTGTTTGACATA-1,0.000027,0.043781,0.182034,0.774158
AGACAGCTCAGAATCC-1,0.000054,0.101141,0.40777,0.491035
AGACAGGCATCTCAGC-1,0.000032,0.000032,0.013397,0.986539
AGACATAGATCCTTCC-1,0.000054,0.97608,0.000107,0.023759
AGACCAAACCACACCT-1,0.000027,0.88398,0.000053,0.11594
AGACCATGGGATACAA-1,0.000006,0.000006,0.000012,0.999976
AGACCCACCGCTGATC-1,0.000019,0.415882,0.034505,0.549594
AGACCCGCCCTCCTCG-1,0.000023,0.003166,0.073994,0.922817
AGACCGCTCCGCGGTT-1,0.000012,0.002083,0.003333,0.994572
AGACCGGGAAACCCTG-1,0.000007,0.055302,0.018233,0.926458
AGACGAAGTGCCGGTC-1,0.000033,0.023813,0.17737,0.798784
AGACGACGATGCCGCT-1,0.000032,0.939921,0.006941,0.053106
AGACGCCCACTTCGCC-1,0.000012,0.000012,0.003027,0.996949
AGACGGGCCGATTTAA-1,0.000038,0.363418,0.356019,0.280525
AGACTAGCCTTCCAGA-1,0.000012,0.002494,0.000025,0.997469
AGACTGTTACCGGGTC-1,0.000018,0.925012,0.000036,0.074933
AGAGAACCGTCTAGGA-1,0.000011,0.010135,0.009289,0.980565
AGAGAAGGAGTACAAT-1,0.000049,0.888684,0.026461,0.084806
AGAGATCTCTAAAGCG-1,0.000013,0.174311,0.042821,0.782856
AGAGCAGTTATGAGAC-1,0.000024,0.005255,0.061061,0.93366
AGAGCCGCCGAGATTT-1,0.000018,0.038408,0.091102,0.870472
AGAGCGCTTGTAACGG-1,0.000061,0.000061,0.720129,0.279748
AGAGCGGGCTAATCAT-1,0.000017,0.000017,0.171888,0.828078
AGAGCGTACAAGCTCG-1,0.000025,0.000025,0.183374,0.816576
AGAGCTACGAAAGCAT-1,0.000025,0.886272,0.073863,0.03984
AGAGGCTTCGGAAACC-1,0.00004,0.00004,0.327798,0.672122
AGAGGGACAATTGTCC-1,0.000044,0.951155,0.01491,0.033891
AGAGGTATCTCGGTCC-1,0.000036,0.998654,0.000073,0.001237
AGAGTAAACTTCACTA-1,0.000028,0.013162,0.029401,0.957409
AGAGTATAGTGTTACG-1,0.000023,0.000023,0.169282,0.830671
AGAGTCTTAATGAAAG-1,0.000032,0.000032,0.469397,0.530539
AGAGTTAGAGACCGAT-1,0.000047,0.870397,0.121558,0.007998
AGAGTTGCAGGCCTCC-1,0.000039,0.483861,0.377633,0.138467
AGATAACTTCAGGGCC-1,0.000013,0.000013,0.000025,0.99995
AGATACCAATAGAACC-1,0.000015,0.000015,0.041037,0.958932
AGATACCAGCACTTCA-1,0.000099,0.000099,0.999212,0.000591
AGATACCGGTGTTCAC-1,0.000013,0.001162,0.088278,0.910547
AGATACGACTTCATAT-1,0.000037,0.000037,0.378663,0.621262
AGATACTCAAGATCGA-1,0.00001,0.074092,0.00002,0.925877
AGATATAATACGACTA-1,0.000024,0.774294,0.05884,0.166842
AGATCGTGCATAAGAT-1,0.00002,0.00002,0.152862,0.847097
AGATCTCAGGTGTGAT-1,0.000011,0.052317,0.009855,0.937817
AGATGACTCGCCCACG-1,0.000035,0.000035,0.018167,0.981764
AGATGAGGGTTGCGAT-1,0.000049,0.000049,0.489085,0.510817
AGATGATGGAGTCTGG-1,0.000023,0.000023,0.083639,0.916314
AGATGCAAGACGTGCA-1,0.000026,0.951109,0.000052,0.048813
AGATGCATCCTGTGTC-1,0.000043,0.980674,0.000085,0.019198
AGATGCTATAACGAGC-1,0.000022,0.935544,0.000043,0.064391
AGATTATAGGACGTTT-1,0.000018,0.094938,0.000036,0.905008
AGATTCACAACCGATA-1,0.000026,0.827866,0.010002,0.162105
AGCAAAGGCCGCTAGT-1,0.000014,0.413367,0.000683,0.585935
AGCAACATATCTTATT-1,0.000014,0.000014,0.013436,0.986536
AGCAACCGAAAGTAAT-1,0.000028,0.907245,0.000056,0.092671
AGCACCAGTACTCACG-1,0.000027,0.075994,0.176471,0.747508
AGCACTACCGGCCTGT-1,0.000016,0.080381,0.103642,0.815961
AGCACTACCTCACCAG-1,0.000021,0.062976,0.034335,0.902668
AGCACTTAAGGACGCC-1,0.000036,0.000036,0.276889,0.723039
AGCAGAAGGAGAAAGA-1,0.00002,0.815108,0.117104,0.067769
AGCAGCCAGATGAATA-1,0.000029,0.640535,0.10913,0.250305
AGCAGTCGAAGCATGC-1,0.000017,0.01787,0.069077,0.913036
AGCATATCAATATGCT-1,0.000038,0.027654,0.101371,0.870936
AGCATCATTTCGAAAG-1,0.000036,0.875471,0.001826,0.122667
AGCATCGTCGATAATT-1,0.000016,0.000016,0.030813,0.969155
AGCATTACGAGGCAAG-1,0.000007,0.000007,0.000013,0.999974
AGCCAAGCTTTGTGTC-1,0.000038,0.918073,0.013678,0.068211
AGCCACAGGTTACCCG-1,0.00001,0.11265,0.062338,0.825002
AGCCACTCCCGTGCTT-1,0.000049,0.011212,0.249867,0.738873
AGCCATATAGTATGTG-1,0.000019,0.657149,0.024413,0.318419
AGCCCATACATGTAAG-1,0.00002,0.114026,0.242352,0.643602
AGCCCGCAACAAGCAG-1,0.000013,0.869389,0.00015,0.130447
AGCCCGCACTACAATG-1,0.000034,0.000034,0.30652,0.693413
AGCCCGGTAGCCTGTA-1,0.00003,0.955145,0.00006,0.044765
AGCCCTAAGCGAAGTT-1,0.000019,0.000019,0.051907,0.948054
AGCCCTGTCGCACCGT-1,0.000014,0.000014,0.004643,0.99533
AGCCCTTCTAATCCGA-1,0.000017,0.000017,0.060127,0.939839
AGCCCTTGGACATCCC-1,0.000034,0.000034,0.138018,0.861915
AGCCGCAAATTCAAAT-1,0.000032,0.961016,0.008406,0.030546
AGCCGCTTGATTAGCG-1,0.000022,0.875353,0.02425,0.100375
AGCCGTGGCTAAATGT-1,0.000027,0.907603,0.048281,0.044089
AGCCTAATACCCACGT-1,0.000028,0.981187,0.000056,0.018729
AGCCTTAAAGCGGAAG-1,0.000013,0.002558,0.086502,0.910927
AGCGACAGGAACGGTC-1,0.000029,0.696323,0.050591,0.253057
AGCGACATCCCATTCA-1,0.00002,0.00002,0.065077,0.934883
AGCGACCAACGATATT-1,0.000024,0.028303,0.013717,0.957956
AGCGATGCGCCTAATA-1,0.00002,0.00002,0.107845,0.892116
AGCGCATAATGAATCG-1,0.00002,0.931645,0.009412,0.058922
AGCGCGGGTGCCAATG-1,0.000016,0.08104,0.037856,0.881089
AGCGCTAGAGCGATGT-1,0.000061,0.000061,0.389185,0.610693
AGCGCTTATGGGCAAG-1,0.00013,0.202866,0.741851,0.055153
AGCGGACACTTCGTAG-1,0.000039,0.979536,0.002736,0.017688
AGCGGCGGTTAGCGGT-1,0.000049,0.760256,0.165017,0.074679
AGCGGGAAGGGTCCAT-1,0.000011,0.000011,0.007584,0.992395
AGCGGGTCTGACACTC-1,0.000038,0.624015,0.319296,0.056651
AGCGGTTGCCGCTCTG-1,0.000043,0.000043,0.493894,0.50602
AGCGTACGAGAGCTAG-1,0.000045,0.954939,0.007259,0.037757
AGCGTAGCGCTAGACC-1,0.000038,0.971138,0.000076,0.028748
AGCGTCTGAACCCGCA-1,0.00003,0.988059,0.00006,0.011851
AGCGTGGTATTCTACT-1,0.000014,0.156239,0.016735,0.827012
AGCTAACAAGCAATGT-1,0.000032,0.893169,0.093466,0.013333
AGCTAAGTACGCAGGC-1,0.000038,0.062117,0.303295,0.63455
AGCTACGAATGGTGGT-1,0.000055,0.000055,0.491095,0.508794
AGCTAGAAGCAGAAGT-1,0.000011,0.000011,0.006215,0.993762
AGCTATTTAATCCAAC-1,0.00004,0.00004,0.303667,0.696252
AGCTCCATATATGTTC-1,0.000025,0.005275,0.232614,0.762086
AGCTCCTTCGCACATC-1,0.000021,0.326447,0.000042,0.673491
AGCTCGTTGATGGAAA-1,0.000061,0.011959,0.863394,0.124586
AGCTCTAGACGTTCCA-1,0.000039,0.011621,0.06137,0.92697
AGCTCTTCCCAGTGCA-1,0.000046,0.015733,0.262054,0.722168
AGCTCTTCGTAACCTT-1,0.000016,0.000016,0.000046,0.999921
AGCTCTTTACTCAGTT-1,0.000024,0.009958,0.048777,0.941241
AGCTGAAGTAAACCAA-1,0.000008,0.020429,0.013375,0.966188
AGCTGTAACCTCAATC-1,0.000023,0.834835,0.000045,0.165097
AGCTTATAGAGACCTG-1,0.000035,0.860091,0.139661,0.000212
AGCTTCTTCTCGAGCA-1,0.000037,0.030787,0.434286,0.53489
AGCTTGATCTTAACTT-1,0.000039,0.17427,0.305102,0.520589
AGGAAAGCCTCTGATG-1,0.000071,0.848439,0.072245,0.079245
AGGAACGAACGACTTC-1,0.000014,0.000014,0.000027,0.999946
AGGAAGCTGTCCGCCG-1,0.00002,0.988074,0.000041,0.011865
AGGACAGTCGAATCCC-1,0.000017,0.017935,0.049325,0.932722
AGGACATCGCACGTCG-1,0.000021,0.08413,0.331362,0.584487
AGGACATCGGCACACT-1,0.000043,0.000043,0.218667,0.781247
AGGACGACCCATTAGA-1,0.000012,0.024061,0.000025,0.975901
AGGACGCTCGATGTTG-1,0.000026,0.000026,0.516229,0.483719
AGGACTTATAGGAGAA-1,0.000041,0.822057,0.177653,0.000249
AGGAGACATCCACAGT-1,0.000026,0.000026,0.048583,0.951366
AGGAGAGTCTGGCTAC-1,0.000038,0.000038,0.273322,0.726603
AGGAGCGTTTATTATC-1,0.000019,0.00387,0.00052,0.995591
AGGAGGCCTTCGCGCG-1,0.000027,0.016339,0.208433,0.775201
AGGATAAAGTCGGGAT-1,0.000051,0.581853,0.217323,0.200774
AGGATATAGGGATTTA-1,0.000033,0.000033,0.162862,0.837072
AGGATATCCGACTGCA-1,0.000016,0.07185,0.104015,0.824119
AGGATCACGCGATCTG-1,0.000039,0.893752,0.089863,0.016345
AGGATTGCTTACGACA-1,0.00002,0.008746,0.044037,0.947197
AGGCAATACGGAGGAC-1,0.000056,0.84085,0.158756,0.000338
AGGCACGTGACTGTCC-1,0.00001,0.00001,0.000021,0.999959
AGGCAGATGCGTAAAC-1,0.00001,0.003371,0.074815,0.921805
AGGCAGGGAGCGTACT-1,0.000058,0.813439,0.082749,0.103754
AGGCATTGTCGTAGGG-1,0.000025,0.000025,0.07372,0.926229
AGGCCACATTGGTTAC-1,0.000031,0.000031,0.373856,0.626082
AGGCCACCCGTTATGA-1,0.000044,0.000044,0.092291,0.90762
AGGCCCAGTGACTGGT-1,0.000025,0.817259,0.036549,0.146166
AGGCCCATTGTACAGG-1,0.000024,0.008431,0.442644,0.548901
AGGCCCTAGAACGCCA-1,0.000019,0.340356,0.04698,0.612646
AGGCCTGAGAATCTCG-1,0.000025,0.022382,0.06401,0.913583
AGGCGATAACTGGCGT-1,0.00004,0.00004,0.556966,0.442954
AGGCGGTTTGTCCCGC-1,0.000038,0.893258,0.000076,0.106628
AGGCGTCTATGGACGG-1,0.000185,0.049895,0.77186,0.178061
AGGCTATGGTTAGCTT-1,0.000017,0.000017,0.021185,0.978781
AGGCTTCCCGAAGAAG-1,0.00003,0.80838,0.026287,0.165303
AGGCTTGCTAGACACC-1,0.000034,0.03165,0.170106,0.798209
AGGGAAACGAGGTACT-1,0.000034,0.000034,0.206281,0.79365
AGGGACAGCACGGCGG-1,0.000038,0.925317,0.000271,0.074375
AGGGACCGGCTGCGTT-1,0.000023,0.000023,0.159134,0.840821
AGGGACTCTACGCGAC-1,0.000043,0.853537,0.094612,0.051808
AGGGAGACATACTTCG-1,0.000043,0.068527,0.641443,0.289986
AGGGCAGCGGCGTGGT-1,0.000062,0.430913,0.568655,0.00037
AGGGCCCTAATGTTCT-1,0.00004,0.00004,0.203687,0.796232
AGGGCGAGCAGCTGAT-1,0.000032,0.607731,0.262154,0.130083
AGGGCGTGATCGGCTA-1,0.000041,0.019687,0.739434,0.240839
AGGGCTGCAGTTACAG-1,0.000035,0.005652,0.127059,0.867254
AGGGTCAGTAACCCTA-1,0.000078,0.051821,0.934211,0.01389
AGGGTCGATGCGAACT-1,0.000015,0.000305,0.026577,0.973103
AGGGTCTGGACGCAGT-1,0.000044,0.000044,0.098402,0.90151
AGGGTGCTCTCGAGGG-1,0.000019,0.093697,0.031257,0.875027
AGGGTGGATAGTGCAT-1,0.000021,0.337082,0.060829,0.602068
AGGGTTCCCTTTGGTT-1,0.000057,0.017727,0.22081,0.761407
AGGGTTTAGTTCGGGA-1,0.000067,0.113365,0.348858,0.537709
AGGTAACCTCCTATTC-1,0.00005,0.024362,0.638868,0.33672
AGGTACGATATTGCCA-1,0.000049,0.021698,0.517109,0.461144
AGGTAGATCGAGATAT-1,0.000046,0.847823,0.118161,0.03397
AGGTAGGTACAAAGCT-1,0.000016,0.000783,0.200245,0.798956
AGGTATAATTGATAGT-1,0.000032,0.020002,0.072371,0.907594
AGGTATGCGGACATTA-1,0.000025,0.000025,0.047112,0.952838
AGGTCAGGTGAGAGTG-1,0.000038,0.701277,0.124571,0.174114
AGGTCGCCACTTCGGT-1,0.000036,0.991852,0.000072,0.00804
AGGTCGCCTCCCAACA-1,0.000014,0.000014,0.043801,0.956171
AGGTCGCGGAGTTACT-1,0.000038,0.000038,0.108822,0.891102
AGGTGCACGTCCACAT-1,0.000042,0.000042,0.19298,0.806936
AGGTGGTGACCTTCGC-1,0.000023,0.951975,0.000994,0.047007
AGGTGTATCGCCATGA-1,0.000032,0.079387,0.182473,0.738109
AGGTGTTGCCGACCAC-1,0.000031,0.000032,0.15706,0.842877
AGGTTACACCATGCCG-1,0.000029,0.000029,0.058059,0.941884
AGGTTGAGGCACGCTT-1,0.000025,0.000025,0.033442,0.966509
AGGTTTCACACACCTT-1,0.000024,0.052832,0.034201,0.912942
AGTAACGTTCATCCTG-1,0.000052,0.73764,0.261994,0.000313
AGTAACTATAGCAGCC-1,0.000033,0.003394,0.211591,0.784983
AGTAAGGGACAGAATC-1,0.000049,0.000049,0.228663,0.77124
AGTAATCTAAGGGTGG-1,0.000019,0.000019,0.099403,0.900558
AGTAATGTCTTGCCGC-1,0.000017,0.000017,0.000035,0.99993
AGTACAGAAGCTTATA-1,0.000032,0.066811,0.42521,0.507947
AGTACATCATTTATCA-1,0.000062,0.000062,0.217573,0.782303
AGTACCTTCGAGTGCT-1,0.000054,0.032227,0.946948,0.02077
AGTACGGCCCGTATCG-1,0.000035,0.748588,0.079823,0.171554
AGTACGGGCACCTGGC-1,0.000021,0.000021,0.279086,0.720871
AGTACGTGGCCTGTCT-1,0.000042,0.679463,0.245761,0.074735
AGTACTCTTATGCCCA-1,0.000032,0.41938,0.000862,0.579726
AGTAGAAGGCGCCTCA-1,0.000021,0.870198,0.007346,0.122435
AGTAGGAAGGAAGTTG-1,0.000014,0.000014,0.001814,0.998157
AGTAGGTAACATACAT-1,0.000061,0.118351,0.741438,0.14015
AGTATAATACTAGGCA-1,0.00001,0.00001,0.00002,0.999959
