Barcode,Topic 1,Topic 2,Topic 3to5,Topic 6to10
AAACAACGAATAGTTC-1,0.937874,0.000135,0.061315,0.000676
AAACAAGTATCTCCCA-1,0.000009,0.028932,0.467009,0.50405
AAACAATCTACTAGCA-1,0.850186,0.133246,0.000354,0.016214
AAACAGAGCGACTCCT-1,0.731466,0.093999,0.031013,0.143521
AAACAGCTTTCAGAAG-1,0.000032,0.273543,0.58652,0.139906
AAACAGGGTCTATATT-1,0.000009,0.050041,0.310395,0.639555
AAACATTTCCCGGATT-1,0.012404,0.065496,0.180039,0.74206
AAACCACTACACAGAT-1,0.06019,0.011718,0.200749,0.727344
AAACCCGAACGAAATC-1,0.055241,0.069821,0.140884,0.734053
AAACCGGAAATGTTAA-1,0.016154,0.107531,0.4059,0.470415
AAACCGGGTAGGTACC-1,0.000028,0.327379,0.085435,0.587158
AAACCGTTCGTCCAGG-1,0.080187,0.144895,0.222024,0.552894
AAACCTAAGCAGCCGG-1,0.000007,0.02757,0.106615,0.865808
AAACCTCATGAAGTTG-1,0.00003,0.324896,0.099592,0.575482
AAACGAAGAACATACC-1,0.999614,0.000043,0.000129,0.000214
AAACGAAGATGGAGTA-1,0.572415,0.227181,0.041087,0.159316
AAACGACAGTCTTGCC-1,0.101955,0.000012,0.284407,0.613625
AAACGAGACGGTTGAT-1,0.1989,0.267667,0.33172,0.201714
AAACGCCCGAGATCGG-1,0.0966,0.000017,0.775415,0.127967
AAACGCTGGGCACGAC-1,0.02345,0.073771,0.313474,0.589304
AAACGGGCGTACGGGT-1,0.003783,0.094079,0.018045,0.884093
AAACGGGTTGGTATCC-1,0.948306,0.050519,0.000441,0.000734
AAACGTGTTCGCCCTA-1,0.065121,0.03882,0.276003,0.620057
AAACTAACGTGGCGAC-1,0.232153,0.382823,0.180006,0.205019
AAACTCGGTTCGCAAT-1,0.000013,0.150818,0.012699,0.83647
AAACTCGTGATATAAG-1,0.263321,0.341248,0.212729,0.182702
AAACTGCTGGCTCCAA-1,0.013906,0.203913,0.14655,0.635631
AAACTTAATTGCACGC-1,0.55773,0.258141,0.076435,0.107694
AAACTTGCAAACGTAT-1,0.000009,0.021244,0.285336,0.69341
AAAGAATGTGGACTAA-1,0.000009,0.144829,0.016645,0.838517
AAAGACATGAAGTTTA-1,0.902504,0.000113,0.078011,0.019372
AAAGACCCAAGTCGCG-1,0.976804,0.000042,0.022941,0.000212
AAAGACTGGGCGCTTT-1,0.000037,0.561849,0.124289,0.313826
AAAGCTTGCCTACATA-1,0.08687,0.226382,0.158743,0.528005
AAAGGGATGTAGCAAG-1,0.589585,0.257072,0.152875,0.000469
AAAGGGCAGCTTGAAT-1,0.000043,0.339525,0.21639,0.444042
AAAGGTAAGCTGTACC-1,0.230363,0.252145,0.364603,0.152888
AAAGGTCAACGACATG-1,0.188954,0.000017,0.436305,0.374725
AAAGTAGCATTGCTCA-1,0.000019,0.048312,0.405756,0.545913
AAAGTCACTGATGTAA-1,0.898628,0.041215,0.000188,0.05997
AAAGTCGACCCTCAGT-1,0.000042,0.261846,0.064505,0.673607
AAAGTGCCATCAATTA-1,0.017327,0.171948,0.136186,0.674538
AAAGTGTGATTTATCT-1,0.012188,0.210812,0.315604,0.461396
AAAGTTGACTCCCGTA-1,0.028356,0.076231,0.526159,0.369254
AAATAACCATACGGGA-1,0.837573,0.158312,0.000211,0.003904
AAATAAGGTAGTGCCC-1,0.148603,0.539773,0.063972,0.247652
AAATACCTATAAGCAT-1,0.000011,0.01862,0.396875,0.584494
AAATAGCTTAGACTTT-1,0.250884,0.321153,0.169908,0.258055
AAATAGGGTGCTATTG-1,0.018814,0.05664,0.279975,0.644571
AAATCACTCCTAAACG-1,0.000018,0.001683,0.322414,0.675886
AAATCCGATACACGCC-1,0.000016,0.177669,0.012775,0.80954
AAATCGCGGAAGGAGT-1,0.723931,0.068903,0.000114,0.207052
AAATCGTGTACCACAA-1,0.001942,0.310707,0.039465,0.647886
AAATCTAGCCCTGCTA-1,0.000011,0.041035,0.600689,0.358265
AAATGATTCGATCAGC-1,0.111377,0.131894,0.504491,0.252238
AAATGCTCGTTACGTT-1,0.002744,0.165814,0.713739,0.117704
AAATGGCATGTCTTGT-1,0.887218,0.088417,0.024034,0.000331
AAATGGCCCGTGCCCT-1,0.000014,0.200497,0.221179,0.578309
AAATGGTCAATGTGCC-1,0.000018,0.144093,0.476346,0.379543
AAATGTATCTTATCCC-1,0.271987,0.231468,0.464584,0.031961
AAATGTGGGTGCTCCT-1,0.999099,0.0001,0.0003,0.000501
AAATTAACGGGTAGCT-1,0.096343,0.514268,0.278878,0.11051
AAATTAATAAGCGCGA-1,0.061762,0.472525,0.465507,0.000207
AAATTACACGACTCTG-1,0.921828,0.007607,0.070437,0.000128
AAATTACCTATCGATG-1,0.41887,0.000016,0.423014,0.1581
AAATTCCAGGTCCAAA-1,0.270658,0.233794,0.127641,0.367907
AAATTGCGGCGGTTCT-1,0.179452,0.054193,0.726898,0.039456
AAATTGGTGAGAAGCA-1,0.01334,0.000009,0.247216,0.739435
AAATTTACCGAAATCC-1,0.780925,0.000041,0.194538,0.024495
AAATTTGCGGGTGTGG-1,0.015747,0.033347,0.071226,0.879681
AACAACTGGTAGTTGC-1,0.053904,0.030676,0.38495,0.53047
AACAATTACTCTACGC-1,0.000036,0.659865,0.194323,0.145776
AACACACGCTCGCCGC-1,0.000009,0.002721,0.266248,0.731022
AACACGACTGTACTGA-1,0.963756,0.000085,0.000254,0.035905
AACACGAGACGCGGCC-1,0.01234,0.173779,0.262823,0.551058
AACACGCGGCCGCGAA-1,0.818553,0.105601,0.075643,0.000203
AACAGGAAATCGAATA-1,0.958125,0.008989,0.000171,0.032716
AACAGGATGGGCCGCG-1,0.00072,0.357754,0.610625,0.0309
AACAGGTAGTATGGAT-1,0.031536,0.326048,0.291431,0.350985
AACATAGCGTGTATCG-1,0.000596,0.164111,0.124804,0.710489
AACATATCAACTGGTG-1,0.636674,0.286924,0.063669,0.012732
AACATCGATACGTCTA-1,0.196438,0.226055,0.29158,0.285927
AACATTGGTCAGCCGT-1,0.719145,0.2798,0.000396,0.00066
AACCAAGACTTCTCTG-1,0.006503,0.298867,0.223609,0.47102
AACCAGTATCACTCTT-1,0.952478,0.000045,0.043624,0.003853
AACCATGGGATCGCTA-1,0.012774,0.000055,0.777814,0.209357
AACCCAGAGACGGAGA-1,0.153684,0.000031,0.845941,0.000345
AACCCGAGCAGAATCG-1,0.001828,0.000006,0.049768,0.948398
AACCCGATAGGGCTTC-1,0.067891,0.049074,0.113218,0.769817
AACCCTACTGTCAATA-1,0.140605,0.406399,0.111367,0.341629
AACCCTGGTGGAACCA-1,0.999342,0.000073,0.000219,0.000366
AACCGAGCTTGGTCAT-1,0.839306,0.000054,0.160371,0.000269
AACCGCTAAGGGATGC-1,0.000011,0.012056,0.468371,0.519562
AACCGTTGTGTTTGCT-1,0.931555,0.036213,0.000248,0.031984
AACCTAAAGCCGTCCG-1,0.976083,0.022588,0.000498,0.000831
AACCTCGCTTTAGCCC-1,0.00001,0.003338,0.061952,0.9347
AACCTGTCACGGAATT-1,0.029198,0.000018,0.308381,0.662403
AACCTTTAAATACGGT-1,0.000031,0.270976,0.140648,0.588345
AACCTTTACGACGTCT-1,0.806082,0.000042,0.064475,0.129402
AACGAAAGTCGTCCCA-1,0.343587,0.507349,0.010504,0.13856
AACGACCTCCTAGCCG-1,0.000011,0.077493,0.095053,0.827442
AACGATAATGCCGTAG-1,0.000017,0.134704,0.24397,0.62131
AACGATAGAAGGGCCG-1,0.702457,0.217316,0.079918,0.000308
AACGATATGTCAACTG-1,0.901274,0.000044,0.098461,0.000221
AACGCATGATCTGGGT-1,0.567489,0.000039,0.215074,0.217397
AACGCGAACGGCAACA-1,0.126487,0.075463,0.797757,0.000293
AACGCGGTCTCCAGCC-1,0.293064,0.000017,0.550068,0.156851
AACGCTGTTGCTGAAA-1,0.019959,0.005239,0.171228,0.803573
AACGGACGTACGTATA-1,0.015408,0.002517,0.104033,0.878041
AACGGCCATCTCCGGT-1,0.087092,0.290637,0.183957,0.438314
AACGTACTGTGGGTAC-1,0.044712,0.009902,0.287544,0.657843
AACGTAGTCTACCCAT-1,0.913174,0.000201,0.085621,0.001004
AACGTCAGACTAGTGG-1,0.00004,0.18294,0.586154,0.230866
AACGTCGCTGCACTTC-1,0.000011,0.107286,0.000033,0.89267
AACGTGATGAAGGACA-1,0.998816,0.000034,0.000101,0.001049
AACGTGCGAAAGTCTC-1,0.058919,0.38995,0.324559,0.226571
AACGTTATCAGCACCT-1,0.000034,0.002968,0.62847,0.368527
AACTACCCGTTTGTCA-1,0.059211,0.140728,0.535389,0.264672
AACTAGCGTATCGCAC-1,0.99944,0.000062,0.000187,0.000311
AACTAGGCTTGGGTGT-1,0.000015,0.097816,0.020918,0.881251
AACTCAAGTTAATTGC-1,0.024538,0.372275,0.324742,0.278445
AACTCCAGAGCGTGTT-1,0.000008,0.000677,0.095788,0.903526
AACTCCTAATCCCATG-1,0.922498,0.000045,0.000135,0.077322
AACTCGATAAACACGT-1,0.707071,0.224236,0.054557,0.014136
AACTCGATGGCGCAGT-1,0.066314,0.000061,0.922438,0.011187
AACTCTCAATAGAGCG-1,0.361247,0.028057,0.481444,0.129251
AACTGAGGTCAGCGTC-1,0.075565,0.000033,0.607542,0.31686
AACTGAGTTATACTGA-1,0.067951,0.164247,0.08441,0.683392
AACTGATATTAGGCCT-1,0.882336,0.042982,0.000341,0.074342
AACTGGGTCCCGACGT-1,0.835803,0.140747,0.000237,0.023212
AACTGGGTTCGAGCCG-1,0.999092,0.000101,0.000303,0.000504
AACTGGTGTGGGCCTT-1,0.92963,0.024658,0.000312,0.045399
AACTTCTGCGTCTATC-1,0.000017,0.000017,0.479539,0.520427
AACTTGCCCGTATGCA-1,0.006984,0.072489,0.461211,0.459315
AACTTGCGTTCTCGCG-1,0.000058,0.000058,0.999595,0.000289
AACTTTACGGGAGCTT-1,0.000047,0.801357,0.161764,0.036832
AACTTTAGCTGCTGAG-1,0.999451,0.000061,0.000183,0.000305
AACTTTCTCGATCATG-1,0.000013,0.006657,0.15947,0.833859
AAGAAATCACCAGATT-1,0.013748,0.012465,0.167703,0.806085
AAGAAGGATCAGTTAG-1,0.000023,0.000023,0.96115,0.038804
AAGACATACGTGGTTT-1,0.018988,0.001372,0.00003,0.97961
AAGACCAAATAACTCA-1,0.366971,0.178999,0.230056,0.223974
AAGACTAACCCGTTGT-1,0.95043,0.000056,0.025398,0.024115
AAGACTCACGCCCACT-1,0.999139,0.000096,0.000287,0.000478
AAGACTGCAAGCTACT-1,0.096693,0.307647,0.197073,0.398587
AAGAGATGAATCGGTA-1,0.012265,0.293009,0.473668,0.221058
AAGAGCTCTTTATCGG-1,0.255327,0.238256,0.343161,0.163256
AAGAGGATGTACGCGA-1,0.011436,0.657447,0.053056,0.278061
AAGAGGCATGGATCGC-1,0.145694,0.463331,0.132457,0.258518
AAGAGGCCCTTTGGAA-1,0.000018,0.394394,0.182689,0.4229
AAGATTGGCGGAACGT-1,0.827938,0.093009,0.000099,0.078954
AAGCACCCTGCGTATC-1,0.000016,0.104189,0.039818,0.855977
AAGCATACTCTCCTGA-1,0.011901,0.028167,0.331122,0.62881
AAGCCGAAGCGGTTTA-1,0.040958,0.127584,0.470442,0.361015
AAGCCGCTTTACCTTG-1,0.001128,0.000026,0.034599,0.964247
AAGCCGGAGAGCAGGA-1,0.000021,0.086636,0.10696,0.806382
AAGCGCAGGGCTTTGA-1,0.000007,0.019002,0.093812,0.887179
AAGCGGAGTGCGCGCA-1,0.110896,0.064124,0.166137,0.658843
AAGCGGCGTCATGGGT-1,0.859824,0.040304,0.00016,0.099711
AAGCTAGATCGAGTAA-1,0.000013,0.123318,0.350556,0.526112
AAGCTCGTGCCAAGTC-1,0.07718,0.400663,0.132107,0.39005
AAGCTCTTTCATGGTG-1,0.00002,0.121311,0.086352,0.792317
AAGGAGAACTTATAAG-1,0.973339,0.02576,0.000338,0.000563
AAGGAGCGGTTGGTGC-1,0.000031,0.031156,0.448835,0.519978
AAGGATCGATCGCTTG-1,0.437754,0.131213,0.113255,0.317778
AAGGATGAGGGACCTC-1,0.439738,0.228311,0.169549,0.162402
AAGGCAGGCTGTCTCC-1,0.021123,0.175951,0.086039,0.716887
AAGGCGCGTAAAGCTT-1,0.000023,0.000023,0.57046,0.429495
AAGGCTGTGCTCATCG-1,0.000011,0.000011,0.463718,0.53626
AAGGGACAGATTCTGT-1,0.700375,0.211979,0.054802,0.032844
AAGGGTTTGATTTCAG-1,0.800354,0.000038,0.000114,0.199494
AAGGTATCCTAATATA-1,0.737203,0.135208,0.070357,0.057231
AAGGTGATAAACCAGC-1,0.023939,0.648785,0.134196,0.19308
AAGTAAGCTTCCAAAC-1,0.942806,0.000101,0.056587,0.000506
AAGTAGTGACGCGAGG-1,0.005467,0.088849,0.666305,0.239379
AAGTCAATTGTCGTCA-1,0.027438,0.345803,0.292341,0.334418
AAGTCTAGTAGCTGCC-1,0.000021,0.050703,0.274623,0.674654
AAGTCTTCTGTGGCCT-1,0.171794,0.277169,0.47144,0.079597
AAGTGACGACCGAATT-1,0.044636,0.68034,0.003459,0.271565
AAGTGCAAAGGTAGAC-1,0.000043,0.556368,0.339655,0.103934
AAGTGCCTTGACTGTA-1,0.087855,0.621971,0.006231,0.283944
AAGTGCGTTAGAATCT-1,0.000011,0.010304,0.381614,0.608072
AAGTGTTTGGAGACGG-1,0.000016,0.280312,0.064856,0.654816
AAGTTCACTCCAAGCT-1,0.00001,0.051822,0.07879,0.869377
AAGTTCAGTCTGCGTA-1,0.46508,0.004785,0.320296,0.209839
AAGTTCGGCCAACAGG-1,0.026207,0.263519,0.117898,0.592376
AAGTTGTGATGTTATA-1,0.000023,0.023685,0.000068,0.976225
AAGTTTACTAATGGCA-1,0.999404,0.000066,0.000199,0.000331
AAGTTTATGGGCCCAA-1,0.000011,0.002002,0.014308,0.983679
AATAACAACGCTCGGC-1,0.039088,0.605123,0.002197,0.353592
AATAACACTAGAACAA-1,0.005115,0.101063,0.17004,0.723782
AATAAGTCCTCGAGAC-1,0.747142,0.251746,0.000417,0.000695
AATAATCTTCGTATCG-1,0.021858,0.327735,0.052691,0.597716
AATACAATGTTTCAGG-1,0.000026,0.008605,0.604051,0.387318
AATACCTGATGTGAAC-1,0.00001,0.002164,0.002694,0.995132
AATAGAACAGAGTGGC-1,0.037053,0.008341,0.065309,0.889297
AATAGAATCTGTTTCA-1,0.004165,0.127302,0.182015,0.686518
AATAGCAAGCCTCCTG-1,0.1834,0.055632,0.053341,0.707626
AATAGCTACCGCGTGC-1,0.276943,0.375293,0.211602,0.136161
AATAGTCGCGAGTCGG-1,0.000042,0.293368,0.576299,0.130291
AATATCAAGGTCGGAT-1,0.708763,0.00007,0.290817,0.00035
AATATCCTAGCAAACT-1,0.701096,0.19111,0.000145,0.107648
AATATCGAATCAATGC-1,0.015756,0.178456,0.325615,0.480173
AATATCGAGGGTTCTC-1,0.601612,0.235376,0.000145,0.162867
AATATTGGAGTATTGA-1,0.00629,0.467932,0.146973,0.378804
AATCAGACTGCAGGAC-1,0.748765,0.173191,0.077496,0.000548
AATCATGTAAAGACTC-1,0.003289,0.077472,0.177285,0.741953
AATCCAAGGGCCTGAG-1,0.784771,0.214814,0.000156,0.00026
AATCCATGCAAGGGTG-1,0.300204,0.237638,0.461693,0.000464
AATCGAGGTCTCAAGG-1,0.000039,0.385625,0.042714,0.571622
AATCGCCTCAGCGCCA-1,0.137224,0.478548,0.294872,0.089357
AATCGCGCAGAGGACT-1,0.043947,0.373884,0.270855,0.311314
AATCGGGACACTACGA-1,0.770605,0.117316,0.111553,0.000526
AATCGGTATAGCCCTC-1,0.000015,0.089693,0.000045,0.910247
AATCGTGAGCCGAGCA-1,0.000011,0.006871,0.069431,0.923687
AATCTAGGTTTACTTG-1,0.000028,0.154632,0.228517,0.616823
AATCTATGCCGGAGCC-1,0.207923,0.219564,0.351094,0.221419
AATCTCTACTGTGGTT-1,0.011938,0.126691,0.41061,0.450761
AATCTGCGTTGGGACG-1,0.360201,0.245037,0.314832,0.07993
AATCTGGCTTTCTAGT-1,0.000013,0.286072,0.495441,0.218474
AATCTGGGTAGACCCT-1,0.448929,0.000041,0.491356,0.059674
AATGACAGCAATGTCT-1,0.009411,0.355518,0.052756,0.582315
AATGACGTAGGATGTC-1,0.018765,0.278932,0.096977,0.605326
AATGACTGTCAGCCGG-1,0.109706,0.014046,0.875956,0.000291
AATGAGTTCGCATATG-1,0.032888,0.029165,0.748251,0.189696
AATGATGATACGCTAT-1,0.603764,0.012798,0.090438,0.293
AATGATGCGACTCCTG-1,0.473329,0.18249,0.233978,0.110203
AATGCAACCGGGTACC-1,0.503886,0.086003,0.397946,0.012165
AATGCACCAAGCAATG-1,0.72919,0.216337,0.037988,0.016485
AATGGCCGCCAATGCG-1,0.000008,0.000008,0.323409,0.676575
AATGGTCCACCGTTCA-1,0.000044,0.490565,0.509169,0.000221
AATGGTTCTCACAAGC-1,0.025496,0.000037,0.91779,0.056677
AATGTTAAGACCCTGA-1,0.000015,0.069555,0.184905,0.745525
AATGTTGTCGTGAGAC-1,0.000009,0.008971,0.206059,0.78496
AATTAAAGGTCGGCGT-1,0.000011,0.000011,0.40809,0.591888
AATTAACGGATTTCCA-1,0.010496,0.191075,0.010261,0.788168
AATTACGAGACCCATC-1,0.645566,0.058002,0.000138,0.296294
AATTACTCGTACGCTC-1,0.059271,0.328348,0.611887,0.000494
AATTAGCGCTGCAGCG-1,0.00004,0.204605,0.105413,0.689942
AATTATACCCAGCAAG-1,0.008754,0.149782,0.074169,0.767294
AATTCATAAGGGATCT-1,0.73349,0.219737,0.000215,0.046557
AATTCATTGTCATGCA-1,0.54577,0.115962,0.106544,0.231724
AATTCCAACTTGGTGA-1,0.438985,0.54028,0.020294,0.000441
AATTCGATTCGAGGAT-1,0.000009,0.000009,0.000106,0.999876
AATTCTAGAGTTAGGC-1,0.000019,0.01921,0.212967,0.767805
AATTGAACGCTCTGGT-1,0.006656,0.13818,0.33924,0.515925
AATTGCAGCAATCGAC-1,0.008022,0.000006,0.003813,0.988159
AATTGTGGTTGCCAAA-1,0.00001,0.003903,0.145077,0.851011
AATTTGGGACATAGTA-1,0.812793,0.103075,0.000196,0.083936
AATTTGGTTCCAAAGA-1,0.999341,0.000073,0.00022,0.000366
ACAAACCATGCGTCCT-1,0.533848,0.216971,0.249097,0.000084
ACAAACCGACAAGGCG-1,0.999055,0.000105,0.000315,0.000525
ACAAAGAAGGTAGGCC-1,0.167794,0.377857,0.320213,0.134136
ACAAAGCATGACCTAG-1,0.001747,0.123521,0.06568,0.809052
ACAAATCGCACCGAAT-1,0.012312,0.000799,0.788528,0.19836
ACAAATGGTAGTGTTT-1,0.019207,0.218634,0.433537,0.328622
ACAAATTCAGATCTGA-1,0.782897,0.043506,0.073781,0.099816
ACAACAGCATGAGCTA-1,0.253153,0.603419,0.051439,0.091989
ACAACGGTCCCTGCGA-1,0.026345,0.122392,0.404418,0.446845
ACAAGCAGTGCCTAGC-1,0.000626,0.345282,0.560744,0.093348
ACAAGCTATATGGAAG-1,0.791131,0.147043,0.023066,0.03876
ACAAGGAAATCCGCCC-1,0.009551,0.1232,0.613806,0.253442
ACAAGGACAAGAGGTT-1,0.019401,0.015365,0.396076,0.569157
ACAAGGATGCTTTAGG-1,0.010382,0.000006,0.02039,0.969223
ACAAGGCCTACCAGCC-1,0.302679,0.177435,0.369125,0.150761
ACAAGGGCAGGCTCTG-1,0.00735,0.108411,0.424986,0.459253
ACAATAGTCGTACGTT-1,0.008794,0.191681,0.400944,0.398581
ACAATCCATTTAAACC-1,0.00003,0.179402,0.262115,0.558454
ACAATCGATCTTTATA-1,0.952456,0.000139,0.046708,0.000697
ACAATGATTCTTCTAC-1,0.166483,0.219828,0.137223,0.476467
ACAATTGTGTCTCTTT-1,0.007417,0.128052,0.273408,0.591123
ACAATTTAGGAGGCTC-1,0.019585,0.777158,0.046653,0.156603
ACAATTTGAGCAGTGG-1,0.620659,0.17507,0.11491,0.089361
ACAATTTGGCCATATT-1,0.079556,0.069841,0.025264,0.82534
ACACAAAGACGGGTGG-1,0.280976,0.354253,0.364484,0.000287
ACACAAATATTCCTAG-1,0.077267,0.016691,0.176393,0.729649
ACACACCAGGACCAGT-1,0.000015,0.021704,0.352352,0.625929
ACACACTTTCTACACG-1,0.985312,0.014009,0.000255,0.000425
ACACATTGACGCAACA-1,0.02051,0.000032,0.979299,0.000159
ACACATTTCCGTAGAC-1,0.000018,0.069766,0.109644,0.820572
ACACCACATAATTAGC-1,0.097891,0.247164,0.237181,0.417765
ACACCCAGCATGCAGC-1,0.124763,0.343066,0.507202,0.024968
ACACCCGAGAAATCCG-1,0.016013,0.014233,0.85854,0.111214
ACACCCGTAAATCTGT-1,0.154798,0.084436,0.57777,0.182995
ACACCGAGCGCTCTTT-1,0.000289,0.183039,0.816285,0.000387
ACACCGGTCTGACCGC-1,0.874511,0.028756,0.054377,0.042356
ACACCTTAAGTAGGGC-1,0.043886,0.122848,0.565388,0.267878
ACACCTTACTACTTGC-1,0.092947,0.238983,0.219038,0.449032
ACACGAGACTCCTTCT-1,0.230983,0.215272,0.55313,0.000615
ACACGGCACTATGCAT-1,0.976059,0.000083,0.017503,0.006355
ACACGGGAACTTAGGG-1,0.748562,0.032565,0.095374,0.123499
ACACGTAGGCCACAAG-1,0.000012,0.01623,0.323405,0.660353
ACACTCCAATGTCACT-1,0.037382,0.333793,0.458311,0.170513
ACACTGATCAAGGTGT-1,0.052628,0.021562,0.395505,0.530304
ACACTGGGACAGTCGT-1,0.014257,0.060181,0.427271,0.498291
ACAGAACTGAGAACAA-1,0.000011,0.00898,0.16652,0.82449
ACAGATTAGGTTAGTG-1,0.478137,0.000089,0.193034,0.328741
ACAGCATAGAGCCAGT-1,0.999452,0.000061,0.000183,0.000304
ACAGCGACATTCTCAT-1,0.000005,0.000005,0.160819,0.839172
ACAGCGCACCCGCAGC-1,0.701746,0.00007,0.297832,0.000351
ACAGGAGGCGCAGCCG-1,0.883543,0.000077,0.115995,0.000385
ACAGGCACGGATCCTT-1,0.000009,0.000217,0.001491,0.998283
ACAGGCTTGCCCGACT-1,0.000013,0.000598,0.251617,0.747772
ACAGGTGGAGGTGAGG-1,0.006799,0.015495,0.021319,0.956386
ACAGGTGTGTTGTTGC-1,0.760236,0.216358,0.000109,0.023298
ACAGTAATACAACTTG-1,0.00001,0.012228,0.318252,0.669511
ACAGTATACCGTGGGA-1,0.064972,0.133709,0.30304,0.498279
ACAGTGCAGCGCATTT-1,0.03999,0.001765,0.260766,0.697479
ACATAAGTCGTGGTGA-1,0.381106,0.490822,0.004883,0.123189
ACATAATAAGGCGGTG-1,0.718885,0.025531,0.255284,0.000299
ACATACAATCAAGCGG-1,0.000011,0.039107,0.070969,0.889913
ACATCAGCTGGGACGC-1,0.021548,0.306113,0.395576,0.276763
ACATCCTGGTAACTGT-1,0.088603,0.347775,0.120968,0.442654
ACATCGATCGTTTACC-1,0.01907,0.218106,0.120914,0.64191
ACATCGGTCAGCCGCG-1,0.012539,0.337896,0.450811,0.198753
ACATCGTATGCAATGG-1,0.001339,0.136371,0.49498,0.367311
ACATCGTTAACCTAGT-1,0.99945,0.000061,0.000183,0.000306
ACATCTCAACGCGTAA-1,0.999539,0.000051,0.000154,0.000256
ACATGGCGCCAAAGTA-1,0.089771,0.533923,0.121277,0.255029
ACATGGCTCAATTTAG-1,0.000034,0.000034,0.936323,0.06361
ACATTAGTTTATATCC-1,0.029245,0.221771,0.414004,0.33498
ACATTTGAAACCTAAC-1,0.000005,0.089556,0.029891,0.880548
ACCAAACACCCAGCGA-1,0.287973,0.322532,0.119433,0.270062
ACCAAACTAGAAATCC-1,0.970015,0.000139,0.000417,0.029429
ACCAACACCACACACT-1,0.223033,0.000014,0.55474,0.222213
ACCAACCGCACTCCAC-1,0.000009,0.097267,0.007509,0.895214
ACCAAGAACGCGTGTC-1,0.801312,0.000025,0.187456,0.011207
ACCAAGTCATCGGCAG-1,0.000009,0.134265,0.00178,0.863946
ACCAATATGCAAGTTA-1,0.000012,0.105078,0.024428,0.870482
ACCACAACTCAGAACA-1,0.999241,0.000084,0.000253,0.000422
ACCACAAGTTTCTATC-1,0.042184,0.262797,0.219406,0.475612
ACCACACGGTTGATGG-1,0.000024,0.136851,0.037923,0.825202
ACCACCAATGTAACAA-1,0.069952,0.208288,0.346596,0.375164
ACCACCCTCTCTTCTA-1,0.07792,0.19565,0.183442,0.542987
ACCACGTGCAGCTATA-1,0.001439,0.161568,0.339941,0.497051
ACCACTGTTCAAGAAG-1,0.018916,0.174206,0.80669,0.000187
ACCAGACCATAACAAC-1,0.081257,0.4576,0.381065,0.080079
ACCAGCCCGGTCTTTG-1,0.99917,0.000092,0.000277,0.000461
ACCAGGAGTGTGATCT-1,0.999077,0.000103,0.000308,0.000513
ACCAGTGCCCGGTCAA-1,0.479932,0.00004,0.421175,0.098852
ACCAGTGCGGGAGACG-1,0.000022,0.041085,0.571648,0.387245
ACCATATCCGCAATAA-1,0.023907,0.240064,0.00768,0.728349
ACCATCCGCCAACTAG-1,0.000027,0.070849,0.408396,0.520728
ACCATCGTATATGGTA-1,0.033465,0.555101,0.134325,0.27711
ACCATTAAGGGTGTCA-1,0.087835,0.394331,0.38992,0.127914
ACCCAACGCCCGTGGC-1,0.654227,0.258916,0.043121,0.043736
ACCCACCTACATGCTC-1,0.006205,0.117571,0.388805,0.487419
ACCCATCTTGAGGGTA-1,0.034903,0.48233,0.028945,0.453821
ACCCATTTGTCCCTCT-1,0.000005,0.000005,0.107371,0.892619
ACCCGGAAACTCCCAG-1,0.044403,0.014736,0.039111,0.90175
ACCCGGAGCACCACAA-1,0.00835,0.027198,0.315016,0.649436
ACCCGGATGACGCATC-1,0.039477,0.253553,0.493932,0.213039
ACCCGGTTACACTTCC-1,0.019761,0.116827,0.512311,0.351102
ACCCGTAGTCTAGTTG-1,0.021272,0.022362,0.10974,0.846626
ACCCTATAGGACTGAG-1,0.055513,0.168972,0.775266,0.000248
ACCCTCCCGTCAGGGC-1,0.00001,0.007629,0.000029,0.992332
ACCCTCCCTTGCTATT-1,0.012933,0.053029,0.314865,0.619174
ACCCTGGTAACGCCCT-1,0.069137,0.024869,0.548777,0.357217
ACCCTTCATCTGCGAA-1,0.999489,0.000057,0.00017,0.000284
ACCCTTGCCTGGGTCG-1,0.015729,0.021564,0.469123,0.493584
ACCCTTTAGTTCTCCA-1,0.845532,0.102781,0.051039,0.000648
ACCGAAAGGGCCCTGC-1,0.987246,0.012346,0.000153,0.000255
ACCGAAGAGTCTGGTT-1,0.120873,0.362009,0.234999,0.282119
ACCGACACATCTCCCA-1,0.000019,0.228875,0.028799,0.742307
ACCGACTGAGTCCCAC-1,0.439935,0.46568,0.094097,0.000288
ACCGAGTCTCCTTATT-1,0.002409,0.031926,0.089039,0.876626
ACCGATAGGCATAACC-1,0.016618,0.034693,0.135442,0.813247
ACCGATATTTAATCAT-1,0.012133,0.077457,0.3558,0.55461
ACCGATGGTAGCATCG-1,0.480718,0.243274,0.000165,0.275843
ACCGCAATAACTGCCT-1,0.000011,0.008474,0.481437,0.510078
ACCGCGGTGGAAGTCG-1,0.002337,0.059464,0.530777,0.407422
ACCGGGCCTTTGTTGA-1,0.1052,0.327302,0.139946,0.427552
ACCGGTCTGAGTACGG-1,0.766003,0.197621,0.000281,0.036095
ACCGTTCCCGCTCTGA-1,0.999031,0.000108,0.000323,0.000538
ACCTAAGTACCTTTCA-1,0.038171,0.407225,0.07494,0.479664
ACCTAATCGACTTCCT-1,0.037285,0.484796,0.221426,0.256493
ACCTACAGTATGTGGT-1,0.212709,0.023248,0.171958,0.592085
ACCTCCGCCCTCGCTG-1,0.007803,0.018158,0.618532,0.355507
ACCTCCGTTATTCACC-1,0.364919,0.178686,0.048459,0.407936
ACCTCGAACTTATGCT-1,0.568706,0.099487,0.099584,0.232223
ACCTGCGTGTCATGTT-1,0.000021,0.020197,0.306386,0.673397
ACCTTTCCTTTAGAAG-1,0.975127,0.000162,0.000486,0.024225
ACGAAATGGGCGGCAC-1,0.011046,0.245541,0.225773,0.51764
ACGACCCATGAGTTGC-1,0.006071,0.171497,0.08565,0.736783
ACGACTCTAGGGCCGA-1,0.000008,0.000008,0.000023,0.999961
ACGAGAACCCATCACG-1,0.693599,0.00003,0.306221,0.00015
ACGAGATATTTGCTTA-1,0.854778,0.062004,0.000296,0.082922
ACGAGGATACCACTCT-1,0.00066,0.124527,0.378289,0.496525
ACGAGTACGGATGCCC-1,0.613646,0.236557,0.00016,0.149638
ACGAGTCGCCGGCGTT-1,0.457972,0.353617,0.162208,0.026204
ACGATACATAGAACTA-1,0.844097,0.076212,0.079518,0.000174
ACGATACCTATCCTGA-1,0.310128,0.606952,0.082585,0.000335
ACGATCATACATAGAG-1,0.838548,0.0014,0.159781,0.000271
ACGATCATCTTGTAAA-1,0.364166,0.504427,0.059996,0.071412
ACGATGCATATGTTAT-1,0.041461,0.015226,0.617307,0.326006
ACGATGGATCCGATGC-1,0.999331,0.000074,0.000223,0.000372
ACGCAATCACTACAGC-1,0.094362,0.002016,0.632451,0.27117
ACGCATAAATGACATG-1,0.402306,0.018418,0.255113,0.324163
ACGCATACGTTTACTA-1,0.015007,0.131579,0.21873,0.634683
ACGCATTCGTGAGTAC-1,0.052463,0.221305,0.457566,0.268665
ACGCCACTCGAAACAG-1,0.000013,0.097029,0.138122,0.764836
ACGCCAGATGATTTCT-1,0.995886,0.000039,0.000117,0.003958
ACGCCAGTGCGTTTGC-1,0.000012,0.000972,0.279561,0.719456
ACGCCCAGCTGTCGAT-1,0.999316,0.000076,0.000228,0.00038
ACGCCGCTAGACGACC-1,0.001728,0.099411,0.123271,0.775589
ACGCCTGACACGCGCT-1,0.972772,0.000057,0.026885,0.000286
ACGCGAAGTCAGACGA-1,0.024184,0.000009,0.036117,0.93969
ACGCGCTACACAGGGT-1,0.0068,0.313848,0.358055,0.321297
ACGCGGGCCAAGGACA-1,0.039967,0.305966,0.265586,0.388481
ACGCGTTTCTTAAGAG-1,0.017633,0.675102,0.30703,0.000235
ACGCTAGTATCAGTGC-1,0.021855,0.000008,0.381931,0.596206
ACGCTAGTGATACACT-1,0.597132,0.314827,0.00015,0.087892
ACGCTGTGAGGCGTAG-1,0.00004,0.292442,0.134292,0.573226
ACGCTTAGTGTCTCTC-1,0.993271,0.000096,0.00615,0.000482
ACGGAACACGAGTGCC-1,0.009087,0.003883,0.00004,0.986991
ACGGAATTTAGCAAAT-1,0.108013,0.000041,0.781156,0.11079
ACGGACTCTCAAAGCG-1,0.000015,0.108698,0.076395,0.814892
ACGGAGCGCAAATTAC-1,0.807005,0.071619,0.000148,0.121227
ACGGATGGTGCGGATA-1,0.000019,0.162529,0.092364,0.745088
ACGGCACTTGCTTGGG-1,0.007721,0.263397,0.060781,0.6681
ACGGCGACGATGGGAA-1,0.017944,0.34322,0.160973,0.477863
ACGGCGGGTTGCCCTG-1,0.781789,0.130499,0.000377,0.087336
ACGGCTGGATGTAGAA-1,0.504793,0.475352,0.000083,0.019772
ACGGGAGTGTCGGCCC-1,0.000012,0.022349,0.075892,0.901747
ACGGGCGTATGCGACA-1,0.133242,0.403425,0.104707,0.358627
ACGGGTCATGTGACTT-1,0.217933,0.724431,0.056941,0.000696
ACGGTACAGTTCAATG-1,0.002035,0.121383,0.007631,0.868951
ACGTACAGATTTCTCT-1,0.909696,0.064935,0.000395,0.024974
ACGTAGATTGCTGATG-1,0.082024,0.078969,0.6801,0.158907
ACGTAGGAGAGTCGCT-1,0.000015,0.116389,0.006619,0.876976
ACGTATTACTCCGATC-1,0.000022,0.000022,0.388407,0.611548
ACGTCCTAAACGAGAT-1,0.963685,0.000105,0.035685,0.000525
ACGTCTCGTTCCGGGA-1,0.005001,0.895455,0.025805,0.073739
ACGTGACAAAGTAAGT-1,0.495828,0.34209,0.08071,0.081372
ACGTGCGCCTCGTGCA-1,0.822189,0.17707,0.000278,0.000463
ACGTGGTCGAATGTGC-1,0.99833,0.000186,0.000557,0.000928
ACGTTAATGTCGAAGA-1,0.000024,0.414442,0.15475,0.430784
ACGTTAGATTTGCCCG-1,0.000035,0.479161,0.24169,0.279114
ACGTTATTGGTCACTC-1,0.000061,0.185943,0.813689,0.000307
ACGTTCCGCGCTCCGT-1,0.869573,0.129109,0.000494,0.000824
ACGTTCGCAATCAATT-1,0.46629,0.251462,0.005914,0.276334
ACGTTCTGTACAAGTC-1,0.004704,0.000276,0.001934,0.993087
ACGTTTAGTTGTGATC-1,0.999327,0.000075,0.000224,0.000374
ACTAAGGACGCACACC-1,0.057305,0.025925,0.085236,0.831534
ACTAATACGTCAGGCG-1,0.90479,0.000045,0.000136,0.095028
ACTACCAGCTCTCTGG-1,0.005053,0.021702,0.637129,0.336115
ACTAGTTGCGATCGTC-1,0.000021,0.000479,0.351957,0.647543
ACTATATGCTGTGTTC-1,0.488275,0.216948,0.17862,0.116157
ACTATCCAGGGCATGG-1,0.164284,0.332484,0.205123,0.298109
ACTATCGCCGGCTAAA-1,0.285553,0.337192,0.376959,0.000296
ACTATCTGCCCGCGTA-1,0.238538,0.193774,0.109472,0.458215
ACTATTCGTCCGTGGT-1,0.708266,0.29086,0.000328,0.000546
ACTCAACGAATGTATT-1,0.873471,0.004485,0.000392,0.121652
ACTCAAGTGCAAGGCT-1,0.000008,0.000008,0.15441,0.845574
ACTCAATAAAGGCACG-1,0.748986,0.052706,0.065233,0.133076
ACTCAGACCTGCTTCT-1,0.715219,0.115683,0.048508,0.12059
ACTCCCATTCCTAAAG-1,0.000013,0.110752,0.149941,0.739294
ACTCCCGAATTCGTTT-1,0.203062,0.228358,0.419095,0.149485
ACTCCCGTAGACTAGG-1,0.028171,0.058443,0.308593,0.604793
ACTCCCTAATGCTAAA-1,0.000006,0.000006,0.089794,0.910194
ACTCCCTAGAATAGTA-1,0.133051,0.466543,0.220666,0.17974
ACTCCGGCCGACCACT-1,0.00001,0.003039,0.032097,0.964855
ACTCGATGTATTTCAT-1,0.170113,0.548978,0.272799,0.008111
ACTCGCCGTTCGATAA-1,0.000015,0.178101,0.001208,0.820676
ACTCGCGATCTGACGC-1,0.012741,0.187367,0.255668,0.544224
ACTCGTAACCCGTCCT-1,0.009451,0.068372,0.397236,0.52494
ACTCGTCAGTAATCCC-1,0.163965,0.386624,0.119205,0.330206
ACTCTAAACCTGGGAT-1,0.155751,0.623327,0.220609,0.000313
ACTCTCTGACTTAGGT-1,0.002629,0.101921,0.283091,0.612359
ACTCTCTTATACACGA-1,0.947795,0.011758,0.04014,0.000306
ACTCTGACCTAATAGA-1,0.008335,0.004217,0.000038,0.98741
ACTCTTCAGCTCCCGC-1,0.100769,0.073626,0.06179,0.763816
ACTGAAACGCCGTTAG-1,0.003274,0.143649,0.241004,0.612074
ACTGAATGGCGAAAGT-1,0.000028,0.382285,0.200044,0.417643
ACTGATTTAGTGATTC-1,0.546184,0.000055,0.453488,0.000274
ACTGCCGTCGTAACTC-1,0.925104,0.000092,0.049251,0.025553
ACTGCGGACACACCGT-1,0.235204,0.255615,0.096218,0.412964
ACTGGCGAACCTGCGT-1,0.013864,0.004026,0.158598,0.823512
ACTGTACGATACACAT-1,0.300526,0.000035,0.677188,0.022251
ACTGTAGCACTTTGGA-1,0.011214,0.097496,0.322286,0.569005
ACTGTATACGCGAGCA-1,0.283524,0.000072,0.716044,0.00036
ACTGTCCAGGATTATA-1,0.00004,0.188741,0.361492,0.449727
ACTGTCTTCTTTAGAA-1,0.418033,0.336485,0.010552,0.23493
ACTGTGCTAGTAGATC-1,0.190532,0.000082,0.808975,0.000411
ACTGTTTAGTGTAGGC-1,0.998893,0.000123,0.000369,0.000615
ACTTACCGGGCGCGCA-1,0.862444,0.112962,0.007601,0.016993
ACTTACGCATCCACGC-1,0.020762,0.039261,0.237067,0.70291
ACTTAGTACGACAAGA-1,0.075543,0.051547,0.81621,0.0567
ACTTATACTTACCCGG-1,0.123059,0.311285,0.178902,0.386754
ACTTATCTGATCTATA-1,0.980388,0.000207,0.018369,0.001035
ACTTATTAGGATCGGT-1,0.002744,0.073295,0.611544,0.312417
ACTTATTTATGTGCCA-1,0.000015,0.093374,0.276021,0.63059
ACTTCAGGCTGATCCC-1,0.001977,0.018067,0.320811,0.659144
ACTTCCAGTGGAAGCT-1,0.73801,0.058597,0.000144,0.20325
ACTTCCATGCGGGACA-1,0.00002,0.107064,0.068914,0.824003
ACTTCCTGTCGTGCGA-1,0.013213,0.000018,0.379663,0.607107
ACTTCGCCATACGCAC-1,0.817075,0.012771,0.154352,0.015802
ACTTCGCTAGCGAGTG-1,0.015418,0.087573,0.213604,0.683405
ACTTGACTCCCTCTTT-1,0.033287,0.114897,0.201394,0.650423
ACTTGCCATATTGTAC-1,0.955869,0.000156,0.043195,0.00078
ACTTGGGACCCGGTGG-1,0.031387,0.287983,0.485833,0.194797
ACTTGGGCTTTCGCCA-1,0.000056,0.43786,0.000169,0.561915
ACTTGTAGTCCCTTCA-1,0.000044,0.43846,0.353914,0.207582
ACTTGTGGATGGAACG-1,0.013512,0.000667,0.467899,0.517922
ACTTTACCCTCATGAA-1,0.699758,0.178596,0.015846,0.105801
ACTTTCCTATAGCTTC-1,0.369468,0.470966,0.065447,0.094119
ACTTTGACTGCATCCT-1,0.000035,0.266939,0.302198,0.430828
ACTTTGGTCGTGCTCC-1,0.33017,0.474056,0.029578,0.166197
ACTTTGTCGACGCACT-1,0.000014,0.045091,0.265982,0.688913
AGAAATTATGACTCGC-1,0.040392,0.030783,0.337105,0.59172
AGAACCCAGCGTGACA-1,0.219039,0.006706,0.174964,0.599292
AGAACCCTCAATTGGG-1,0.518833,0.304483,0.000168,0.176516
AGAACGTGGTACATTC-1,0.465431,0.426918,0.032125,0.075526
AGAACTGTACTTTGTA-1,0.000012,0.070009,0.04698,0.883
AGAAGAGCGCCGTTCC-1,0.204876,0.538398,0.05558,0.201147
AGAAGGTACACTTCAC-1,0.04245,0.625135,0.146408,0.186008
AGAAGGTTGCCGAATT-1,0.011576,0.353906,0.028774,0.605744
AGAAGGTTGTAGGTCG-1,0.000013,0.073717,0.098924,0.827346
AGAAGTGATTCGTGAT-1,0.000009,0.001145,0.184656,0.81419
AGAATAAATCTTCAGG-1,0.00002,0.246991,0.299767,0.453221
AGAATACAGGCTATCC-1,0.030786,0.048181,0.01272,0.908314
AGAATGCGGGTTCGGA-1,0.425849,0.006405,0.239212,0.328535
AGAATTATGGATTCGA-1,0.432502,0.013046,0.373594,0.180858
AGAATTGTTTGACATA-1,0.00003,0.00003,0.783116,0.216824
AGACAGCTCAGAATCC-1,0.000026,0.055304,0.608871,0.335798
AGACAGGCATCTCAGC-1,0.038798,0.000639,0.307999,0.652565
AGACATAGATCCTTCC-1,0.949906,0.000062,0.011638,0.038394
AGACCAAACCACACCT-1,0.115628,0.298327,0.315808,0.270237
AGACCATGGGATACAA-1,0.058213,0.075014,0.761518,0.105256
AGACCCACCGCTGATC-1,0.000034,0.288691,0.06514,0.646135
AGACCCGCCCTCCTCG-1,0.536988,0.122264,0.310528,0.03022
AGACCGCTCCGCGGTT-1,0.06392,0.000783,0.265922,0.669375
AGACCGGGAAACCCTG-1,0.000013,0.058623,0.184317,0.757047
AGACGAAGTGCCGGTC-1,0.000014,0.006439,0.406937,0.58661
AGACGACGATGCCGCT-1,0.000007,0.05527,0.547297,0.397425
AGACGCCCACTTCGCC-1,0.000016,0.165157,0.333368,0.501459
AGACGGGATTGGTATA-1,0.911792,0.000162,0.087236,0.000809
AGACGGGCCGATTTAA-1,0.614557,0.202205,0.000243,0.182996
AGACTAGCCTTCCAGA-1,0.015598,0.07989,0.796056,0.108455
AGAGAACCGTCTAGGA-1,0.456402,0.063297,0.314203,0.166098
AGAGATCTCTAAAGCG-1,0.005192,0.090136,0.320801,0.583871
AGAGCAGTTATGAGAC-1,0.000043,0.412219,0.143527,0.444212
AGAGCCGCCGAGATTT-1,0.011326,0.052434,0.220203,0.716037
AGAGCGCTTGTAACGG-1,0.030131,0.319222,0.062262,0.588385
AGAGCGGGCTAATCAT-1,0.881902,0.023841,0.093739,0.000518
AGAGCGTACAAGCTCG-1,0.015313,0.144905,0.293665,0.546117
AGAGCTACGAAAGCAT-1,0.042606,0.006236,0.881898,0.06926
AGAGGCTTCGGAAACC-1,0.000035,0.328001,0.226034,0.445929
AGAGGGACAATTGTCC-1,0.039324,0.036638,0.119707,0.804331
AGAGGTATCTCGGTCC-1,0.998796,0.000134,0.000401,0.000669
AGAGTAAACTTCACTA-1,0.00074,0.300458,0.36291,0.335892
AGAGTATAGTGTTACG-1,0.225786,0.305869,0.070781,0.397564
AGAGTGAACAGACACC-1,0.000649,0.01234,0.447038,0.539974
AGAGTTAGAGACCGAT-1,0.772488,0.000093,0.128549,0.09887
AGAGTTGCAGGCCTCC-1,0.027678,0.018923,0.116969,0.83643
AGATAACTTCAGGGCC-1,0.043253,0.002887,0.589036,0.364825
AGATACCAATAGAACC-1,0.000005,0.00006,0.001693,0.998241
AGATACCAGCACTTCA-1,0.073203,0.000013,0.51777,0.409014
AGATACCGGTGTTCAC-1,0.013366,0.385858,0.148391,0.452385
AGATACGACTTCATAT-1,0.070124,0.248243,0.597095,0.084538
AGATACTCAAGATCGA-1,0.000017,0.087659,0.451466,0.460858
AGATATAATACGACTA-1,0.026791,0.015534,0.029992,0.927683
AGATCGTGCATAAGAT-1,0.877293,0.012783,0.000138,0.109787
AGATCTCAGGTGTGAT-1,0.609931,0.080072,0.309757,0.00024
AGATGACTCGCCCACG-1,0.535689,0.114345,0.349668,0.000298
AGATGAGGGTTGCGAT-1,0.710387,0.166682,0.000199,0.122732
AGATGATGGAGTCTGG-1,0.459849,0.145849,0.097621,0.29668
AGATGCATCCTGTGTC-1,0.124144,0.413741,0.255117,0.206998
AGATGCTATAACGAGC-1,0.068515,0.317075,0.606834,0.007576
AGATTATAGGACGTTT-1,0.048063,0.285748,0.365981,0.300208
AGATTCAAGCGGGTCG-1,0.027953,0.00002,0.687211,0.284817
AGATTCACAACCGATA-1,0.129338,0.654019,0.049887,0.166756
AGCAAAGGCCGCTAGT-1,0.000012,0.008004,0.001789,0.990194
AGCAACATATCTTATT-1,0.003696,0.001032,0.482505,0.512767
AGCACCAGTACTCACG-1,0.36307,0.000037,0.543867,0.093027
AGCACTACCGGCCTGT-1,0.008843,0.524429,0.317281,0.149448
AGCACTACCTCACCAG-1,0.050234,0.002756,0.334614,0.612397
AGCACTTAAGGACGCC-1,0.12497,0.147527,0.558608,0.168895
AGCAGAAGGAGAAAGA-1,0.000005,0.000005,0.057848,0.942142
AGCAGTCGAAGCATGC-1,0.000014,0.108649,0.082194,0.809143
AGCATATCAATATGCT-1,0.030422,0.084425,0.470599,0.414555
AGCATCATTTCGAAAG-1,0.00059,0.262027,0.273168,0.464215
AGCATCGTCGATAATT-1,0.06196,0.000029,0.920458,0.017553
AGCATTACGAGGCAAG-1,0.000012,0.010826,0.020977,0.968185
AGCCACAGGTTACCCG-1,0.00001,0.000285,0.044729,0.954976
AGCCACTCCCGTGCTT-1,0.653203,0.151432,0.194987,0.000378
AGCCATATAGTATGTG-1,0.000007,0.081905,0.056141,0.861946
AGCCCATACATGTAAG-1,0.000033,0.315812,0.096595,0.58756
AGCCCGCACTACAATG-1,0.00001,0.027314,0.023514,0.949162
AGCCCTAAGCGAAGTT-1,0.99957,0.000048,0.000143,0.000239
AGCCCTGTCGCACCGT-1,0.223842,0.290667,0.000065,0.485426
AGCCCTTCTAATCCGA-1,0.612768,0.166678,0.000218,0.220336
AGCCCTTGGACATCCC-1,0.000009,0.000009,0.174419,0.825564
AGCCGCAAATTCAAAT-1,0.147233,0.298607,0.426057,0.128103
AGCCGCTTGATTAGCG-1,0.106868,0.584245,0.308149,0.000739
AGCCGTGGCTAAATGT-1,0.000168,0.395757,0.032102,0.571973
AGCCTAATACCCACGT-1,0.00487,0.288533,0.42479,0.281806
AGCCTTAAAGCGGAAG-1,0.000035,0.415678,0.50544,0.078847
AGCGACAGGAACGGTC-1,0.019697,0.025032,0.235184,0.720087
AGCGACATCCCATTCA-1,0.987266,0.000045,0.012466,0.000223
AGCGACCAACGATATT-1,0.21251,0.000028,0.621406,0.166056
AGCGATGCGCCTAATA-1,0.00816,0.072011,0.041642,0.878186
AGCGCGGGTGCCAATG-1,0.689256,0.252085,0.014656,0.044003
AGCGCTAGAGCGATGT-1,0.026214,0.124112,0.112238,0.737436
AGCGCTTATGGGCAAG-1,0.754252,0.000059,0.149169,0.096521
AGCGGACACTTCGTAG-1,0.000024,0.189427,0.000077,0.810473
AGCGGCGGTTAGCGGT-1,0.000033,0.983765,0.015602,0.000601
AGCGGGAAGGGTCCAT-1,0.473758,0.299199,0.226767,0.000277
AGCGGGTCTGACACTC-1,0.000008,0.107208,0.0177,0.875084
AGCGGTTGAGATGTAC-1,0.999283,0.00008,0.000239,0.000399
AGCGGTTGCCGCTCTG-1,0.135993,0.000015,0.686023,0.177969
AGCGTACGAGAGCTAG-1,0.045767,0.000026,0.954073,0.000135
AGCGTAGCGCTAGACC-1,0.93237,0.033513,0.000494,0.033623
AGCGTCTGAACCCGCA-1,0.999279,0.00008,0.00024,0.000401
AGCGTGGTATTCTACT-1,0.057546,0.301138,0.228388,0.412929
AGCGTTCCGATTTAAA-1,0.954556,0.00006,0.045085,0.000299
AGCTAAGTACGCAGGC-1,0.000011,0.071942,0.066323,0.861724
AGCTAGAAGCAGAAGT-1,0.796355,0.022281,0.017868,0.163496
AGCTATTTAATCCAAC-1,0.516941,0.104284,0.274517,0.104258
AGCTCCATATATGTTC-1,0.042064,0.055262,0.170247,0.732427
AGCTCCTTCGCACATC-1,0.017079,0.437033,0.126297,0.419591
AGCTCGTTGATGGAAA-1,0.044577,0.24225,0.154678,0.558495
AGCTCTAGACGTTCCA-1,0.041023,0.456495,0.333394,0.169088
AGCTCTTCCCAGTGCA-1,0.960542,0.000038,0.000113,0.039307
AGCTCTTCGTAACCTT-1,0.144892,0.523374,0.019025,0.31271
AGCTCTTTACTCAGTT-1,0.178398,0.067068,0.055844,0.69869
AGCTGAAGTAAACCAA-1,0.681954,0.09512,0.179394,0.043532
AGCTGCATTTGAGGTG-1,0.055974,0.000025,0.662877,0.281124
AGCTGCTGTGCCGAAT-1,0.082744,0.005505,0.268852,0.642899
AGCTTATAGAGACCTG-1,0.876898,0.000068,0.122693,0.00034
AGCTTCAATACTTTGA-1,0.907551,0.000203,0.091231,0.001014
AGCTTCTTCTCGAGCA-1,0.000009,0.059254,0.011016,0.929721
AGCTTGATCTTAACTT-1,0.000035,0.157821,0.187858,0.654287
AGGAAAGCCTCTGATG-1,0.327018,0.156738,0.515822,0.000422
AGGAACGAACGACTTC-1,0.077645,0.045989,0.099907,0.776459
AGGAAGCTGTCCGCCG-1,0.001714,0.099196,0.046514,0.852575
AGGACAGTCGAATCCC-1,0.018847,0.172317,0.293204,0.515632
AGGACATCGCACGTCG-1,0.210352,0.395088,0.394168,0.000392
AGGACATCGGCACACT-1,0.000007,0.01191,0.229364,0.75872
AGGACGACCCATTAGA-1,0.021335,0.160498,0.22671,0.591456
AGGACGCTCGATGTTG-1,0.681662,0.317954,0.000144,0.00024
AGGACTTATAGGAGAA-1,0.06424,0.339712,0.595751,0.000297
AGGAGACATCCACAGT-1,0.058166,0.23377,0.103703,0.604361
AGGAGAGTCTGGCTAC-1,0.026888,0.086813,0.168743,0.717555
AGGAGGCCTTCGCGCG-1,0.000016,0.001613,0.246713,0.751658
AGGATAAAGTCGGGAT-1,0.000008,0.017381,0.199419,0.783192
AGGATATAGGGATTTA-1,0.018818,0.005683,0.358575,0.616925
AGGATATCCGACTGCA-1,0.000013,0.022652,0.00161,0.975725
AGGATCACGCGATCTG-1,0.000028,0.435829,0.210706,0.353437
AGGATTGCTTACGACA-1,0.079191,0.333423,0.322602,0.264784
AGGCAAAGAGGAATCA-1,0.999175,0.000092,0.000275,0.000458
AGGCAATACGGAGGAC-1,0.903769,0.000085,0.000256,0.09589
AGGCACGTGACTGTCC-1,0.002234,0.086256,0.141167,0.770343
AGGCATTGTCGTAGGG-1,0.00847,0.58907,0.145301,0.257158
AGGCCACATTGGTTAC-1,0.008909,0.224027,0.06841,0.698654
AGGCCACCCGTTATGA-1,0.010541,0.071657,0.868437,0.049365
AGGCCCAGTGACTGGT-1,0.124395,0.058193,0.515112,0.302299
AGGCCCATTGTACAGG-1,0.631442,0.351257,0.016816,0.000485
AGGCCCTAGAACGCCA-1,0.00003,0.254605,0.273685,0.471679
AGGCCTGAGAATCTCG-1,0.000013,0.252629,0.077152,0.670206
AGGCGATAACTGGCGT-1,0.008778,0.215785,0.417811,0.357627
AGGCGTCTATGGACGG-1,0.008585,0.000017,0.809438,0.181959
AGGCTATGGTTAGCTT-1,0.110317,0.420339,0.060397,0.408946
AGGCTTAAGTTGCACA-1,0.000058,0.754682,0.000174,0.245086
AGGCTTCCCGAAGAAG-1,0.000007,0.006299,0.28216,0.711534
AGGCTTGCTAGACACC-1,0.000064,0.190765,0.647659,0.161512
AGGGAAACGAGGTACT-1,0.701277,0.27537,0.000276,0.023076
AGGGACAGCACGGCGG-1,0.999321,0.000075,0.000226,0.000377
AGGGACCGGCTGCGTT-1,0.44486,0.33943,0.000089,0.215621
AGGGAGACATACTTCG-1,0.316928,0.056637,0.050851,0.575584
AGGGCAGCGGCGTGGT-1,0.864705,0.134203,0.000409,0.000682
AGGGCCCTAATGTTCT-1,0.000467,0.197714,0.000057,0.801761
AGGGCGAGCAGCTGAT-1,0.000032,0.195964,0.212098,0.591907
AGGGCGTGATCGGCTA-1,0.348023,0.057075,0.594511,0.000391
AGGGCTGCAGTTACAG-1,0.036566,0.365311,0.017472,0.580651
AGGGTCAGTAACCCTA-1,0.220336,0.270934,0.426699,0.082031
AGGGTCGATGCGAACT-1,0.297515,0.582311,0.096274,0.023899
AGGGTCTGGACGCAGT-1,0.000008,0.001445,0.068952,0.929595
AGGGTGCTCTCGAGGG-1,0.500198,0.164176,0.141086,0.194539
AGGGTGGATAGTGCAT-1,0.000029,0.611392,0.303086,0.085493
AGGGTGTGCTACACGC-1,0.187076,0.001752,0.204343,0.606829
AGGGTTCCCTTTGGTT-1,0.846112,0.091554,0.000155,0.062178
AGGGTTTAGTTCGGGA-1,0.004696,0.481806,0.170488,0.34301
AGGTAACCTCCTATTC-1,0.353184,0.156231,0.490218,0.000367
AGGTACGATATTGCCA-1,0.986536,0.000086,0.000259,0.013119
AGGTAGGTACAAAGCT-1,0.000049,0.442051,0.042616,0.515284
AGGTATAATTGATAGT-1,0.057338,0.006532,0.410287,0.525842
AGGTATGCGGACATTA-1,0.038866,0.143166,0.226437,0.59153
AGGTCAGGTGAGAGTG-1,0.000027,0.04045,0.224982,0.73454
AGGTCGCCACTTCGGT-1,0.829765,0.041316,0.000415,0.128504
AGGTCGCCTCCCAACA-1,0.009678,0.263856,0.000459,0.726007
AGGTCGCGGAGTTACT-1,0.53169,0.222472,0.126792,0.119047
AGGTGCACGTCCACAT-1,0.000005,0.001091,0.011308,0.987596
AGGTGTATCGCCATGA-1,0.000034,0.477706,0.222452,0.299808
AGGTGTTGCCGACCAC-1,0.000005,0.000005,0.060359,0.93963
AGGTTACACCATGCCG-1,0.150435,0.155718,0.143292,0.550556
AGGTTGAGGCACGCTT-1,0.641972,0.000043,0.190652,0.167333
AGGTTTCACACACCTT-1,0.117619,0.269102,0.231695,0.381585
AGTAACGTTCATCCTG-1,0.956011,0.000076,0.000228,0.043685
AGTAACTATAGCAGCC-1,0.000012,0.141889,0.000036,0.858063
AGTAATCTAAGGGTGG-1,0.000008,0.018759,0.072986,0.908246
AGTAATGTCTTGCCGC-1,0.821142,0.024472,0.062894,0.091492
AGTACAGAAGCTTATA-1,0.000008,0.000008,0.119566,0.880419
AGTACATCATTTATCA-1,0.305661,0.443518,0.013219,0.237602
AGTACCTTCGAGTGCT-1,0.427953,0.060452,0.177327,0.334268
AGTACGGCCCGTATCG-1,0.000043,0.467649,0.232485,0.299823
AGTACGGGCACCTGGC-1,0.827285,0.013467,0.149854,0.009394
AGTACGTGGCCTGTCT-1,0.965671,0.000101,0.011158,0.02307
AGTACTCTTATGCCCA-1,0.00001,0.0459,0.094206,0.859884
AGTAGCGTGAACGAAC-1,0.999,0.000111,0.000333,0.000556
AGTAGCTAGACGCCGA-1,0.56282,0.353638,0.083048,0.000494
AGTAGGAAGGAAGTTG-1,0.855882,0.073725,0.000146,0.070247
AGTAGGTAACATACAT-1,0.766116,0.073915,0.107716,0.052253
AGTATAATACTAGGCA-1,0.000043,0.284693,0.421016,0.294247
AGTATCCATAATAACG-1,0.800961,0.114144,0.084318,0.000578
AGTCAACACCACCATC-1,0.172479,0.101238,0.171524,0.55476
AGTCAAGATGACACTT-1,0.002465,0.262172,0.257888,0.477475
AGTCACTAGCTCTCGA-1,0.000007,0.005039,0.393824,0.60113
