Barcode,Topic 1,Topic 2,Topic 3,Topic 4,Topic 5,Topic 6,Topic 7,Topic 8,Topic 9,Topic 10,Topic 11
AAACAAGTATCTCCCA-1,0.008649,0.000011,0.000011,0.023852,0.008578,0.19781,0.584837,0.043036,0.024108,0.089038,0.02007
AAACACCAATAACTGC-1,0.00001,0.012209,0.287364,0.599789,0.014528,0.004591,0.005919,0.012645,0.059198,0.00001,0.003736
AAACAGAGCGACTCCT-1,0.011945,0.000019,0.022696,0.003906,0.032038,0.056767,0.195478,0.167749,0.08148,0.133133,0.29479
AAACAGCTTTCAGAAG-1,0.049451,0.000026,0.356356,0.574611,0.000026,0.0194,0.000026,0.000026,0.000026,0.000026,0.000026
AAACAGGGTCTATATT-1,0.009495,0.117952,0.299829,0.534201,0.000027,0.03836,0.000027,0.000027,0.000027,0.000027,0.000027
AAACAGTGTTCCTGGG-1,0.749698,0.083436,0.000019,0.000019,0.041321,0.000019,0.009811,0.059489,0.010834,0.004025,0.041329
AAACATTTCCCGGATT-1,0.000015,0.000015,0.114138,0.030888,0.000015,0.00223,0.130805,0.373361,0.060881,0.279884,0.007768
AAACCACTACACAGAT-1,0.000231,0.000017,0.000017,0.00002,0.103339,0.150069,0.342913,0.179063,0.008304,0.083737,0.132289
AAACCCGAACGAAATC-1,0.008059,0.020225,0.007613,0.03401,0.033182,0.363962,0.13767,0.0573,0.008793,0.29579,0.033395
AAACCGGAAATGTTAA-1,0.000028,0.012373,0.111504,0.015457,0.077405,0.12588,0.001798,0.007048,0.05101,0.519028,0.078469
AAACCGGGTAGGTACC-1,0.04339,0.120219,0.454689,0.321577,0.000017,0.059737,0.000017,0.000017,0.000017,0.000305,0.000017
AAACCGTTCGTCCAGG-1,0.023643,0.011747,0.372708,0.236083,0.014854,0.059818,0.02732,0.010076,0.002599,0.232563,0.008587
AAACCTAAGCAGCCGG-1,0.027211,0.004054,0.001182,0.18221,0.000011,0.005881,0.166756,0.327939,0.243975,0.025215,0.015566
AAACCTCATGAAGTTG-1,0.445912,0.203777,0.150834,0.000048,0.040914,0.158274,0.000048,0.000048,0.000048,0.000048,0.000048
AAACGAAGATGGAGTA-1,0.127736,0.071771,0.130379,0.399867,0.012705,0.076633,0.102794,0.023805,0.029433,0.013112,0.011765
AAACGACAGTCTTGCC-1,0.000017,0.01895,0.026801,0.051516,0.123716,0.260392,0.233481,0.054347,0.057571,0.10652,0.066689
AAACGAGACGGTTGAT-1,0.314293,0.000022,0.000022,0.000022,0.081336,0.040837,0.31475,0.087244,0.015795,0.019477,0.126201
AAACGCCCGAGATCGG-1,0.012328,0.006214,0.01561,0.01274,0.047253,0.340965,0.293823,0.083203,0.066566,0.089517,0.031781
AAACGGGCGTACGGGT-1,0.00001,0.00001,0.015515,0.11572,0.00001,0.004264,0.29089,0.410373,0.142511,0.014204,0.006491
AAACGGTTGCGAACTG-1,0.029784,0.034363,0.012127,0.151191,0.024967,0.104726,0.159735,0.197809,0.24078,0.02811,0.016407
AAACGTGTTCGCCCTA-1,0.000016,0.000016,0.001108,0.003916,0.053202,0.032058,0.107691,0.160537,0.364678,0.047696,0.229084
AAACTAACGTGGCGAC-1,0.003972,0.000012,0.000235,0.000012,0.075132,0.073953,0.317442,0.157826,0.064289,0.079783,0.227345
AAACTCGGTTCGCAAT-1,0.000012,0.000012,0.053399,0.119066,0.000012,0.021483,0.12631,0.306867,0.313134,0.0383,0.021405
AAACTCGTGATATAAG-1,0.000011,0.000011,0.000087,0.000011,0.000011,0.009504,0.39815,0.243931,0.008776,0.320236,0.019271
AAACTGCTGGCTCCAA-1,0.176385,0.023289,0.032161,0.030435,0.387526,0.281044,0.014491,0.006081,0.006018,0.03434,0.008232
AAACTTAATTGCACGC-1,0.165722,0.1856,0.533087,0.044779,0.045923,0.024742,0.000029,0.000029,0.000029,0.000029,0.000029
AAACTTGCAAACGTAT-1,0.000017,0.065723,0.415839,0.518303,0.000017,0.000017,0.000017,0.000017,0.000017,0.000017,0.000017
AAAGAATGTGGACTAA-1,0.000024,0.046813,0.173871,0.000024,0.413227,0.005511,0.005344,0.047555,0.071205,0.081763,0.154663
AAAGACCCAAGTCGCG-1,0.022452,0.000018,0.007202,0.321828,0.007565,0.327675,0.145826,0.071857,0.074757,0.004178,0.016643
AAAGACTGGGCGCTTT-1,0.704657,0.101826,0.190131,0.000046,0.003061,0.000046,0.000046,0.000046,0.000046,0.000046,0.000046
AAAGCTTGCCTACATA-1,0.000016,0.000016,0.099494,0.002301,0.046013,0.090142,0.086568,0.127685,0.096311,0.366584,0.084867
AAAGGCCCTATAATAC-1,0.264603,0.21734,0.003107,0.237523,0.057837,0.008973,0.122216,0.040159,0.034121,0.002799,0.011323
AAAGGCTACGGACCAT-1,0.00001,0.00001,0.060536,0.301575,0.000137,0.029774,0.154138,0.164581,0.215325,0.05828,0.015633
AAAGGCTCTCGCGCCG-1,0.000017,0.023424,0.179085,0.120012,0.027383,0.268809,0.064735,0.042716,0.024028,0.242835,0.006957
AAAGGGATGTAGCAAG-1,0.373071,0.000052,0.016677,0.043237,0.182746,0.32246,0.040987,0.018843,0.000052,0.000052,0.001823
AAAGGGCAGCTTGAAT-1,0.457767,0.438993,0.02169,0.01414,0.000033,0.052362,0.010856,0.000033,0.000033,0.004058,0.000033
AAAGGTAAGCTGTACC-1,0.000019,0.000019,0.128333,0.000019,0.074874,0.021537,0.000019,0.017026,0.224178,0.267328,0.266648
AAAGTAGCATTGCTCA-1,0.000024,0.00528,0.128644,0.765467,0.000024,0.002424,0.004482,0.039894,0.029556,0.016343,0.007861
AAAGTCACTGATGTAA-1,0.000013,0.000013,0.000193,0.144903,0.000013,0.411647,0.415849,0.017351,0.005819,0.004188,0.000013
AAAGTCGACCCTCAGT-1,0.428751,0.310945,0.048627,0.179282,0.000031,0.032209,0.000031,0.000031,0.000031,0.000031,0.000031
AAAGTGTGATTTATCT-1,0.306689,0.00003,0.009575,0.005484,0.073733,0.294798,0.017263,0.004014,0.002452,0.082897,0.203064
AAAGTTGACTCCCGTA-1,0.052519,0.000022,0.004838,0.001239,0.049129,0.206285,0.119612,0.034372,0.003967,0.106277,0.42174
AAATAACCATACGGGA-1,0.005084,0.000018,0.068924,0.06874,0.050137,0.121755,0.148053,0.148957,0.015341,0.279628,0.093362
AAATAAGGTAGTGCCC-1,0.008159,0.000019,0.000019,0.000019,0.026409,0.075393,0.253387,0.04391,0.002415,0.524741,0.065527
AAATACCTATAAGCAT-1,0.084248,0.039526,0.014658,0.075016,0.113487,0.341679,0.134709,0.039346,0.034524,0.050865,0.071942
AAATAGCTTAGACTTT-1,0.033277,0.00002,0.001891,0.066485,0.018396,0.152377,0.258636,0.094626,0.065799,0.192913,0.11558
AAATAGGGTGCTATTG-1,0.023172,0.034718,0.017408,0.044581,0.000013,0.356643,0.307905,0.046343,0.036593,0.115077,0.017547
AAATCACTCCTAAACG-1,0.000018,0.002058,0.009762,0.014572,0.22218,0.084615,0.289827,0.181465,0.038374,0.01649,0.140638
AAATCCGATACACGCC-1,0.000017,0.038756,0.165786,0.038243,0.007018,0.016714,0.019391,0.085171,0.190928,0.343743,0.094233
AAATCGCGGAAGGAGT-1,0.133739,0.088442,0.243717,0.320523,0.009529,0.179403,0.014179,0.004147,0.001744,0.003738,0.000839
AAATCGTGTACCACAA-1,0.072782,0.000032,0.368165,0.003087,0.116108,0.246863,0.000032,0.000032,0.000032,0.167815,0.025052
AAATCTAGCCCTGCTA-1,0.012663,0.093569,0.084561,0.019653,0.038415,0.136382,0.009348,0.016419,0.038328,0.446981,0.103681
AAATGACTGATCAAAC-1,0.938557,0.001504,0.000023,0.000023,0.012498,0.000023,0.000023,0.019789,0.000023,0.006334,0.021201
AAATGATTCGATCAGC-1,0.000022,0.023637,0.000022,0.000022,0.006263,0.043071,0.145915,0.161606,0.036806,0.330538,0.252099
AAATGCTCGTTACGTT-1,0.564873,0.43459,0.00006,0.00006,0.00006,0.00006,0.00006,0.00006,0.00006,0.00006,0.00006
AAATGGCATGTCTTGT-1,0.000015,0.000015,0.000015,0.150017,0.000015,0.225784,0.576687,0.020473,0.000441,0.024588,0.001952
AAATGGCCCGTGCCCT-1,0.00002,0.081136,0.242204,0.661517,0.00002,0.002896,0.00002,0.00002,0.01213,0.00002,0.00002
AAATGGTCAATGTGCC-1,0.707969,0.118408,0.02568,0.006302,0.000039,0.077069,0.014961,0.000039,0.000039,0.049453,0.000039
AAATGTATCTTATCCC-1,0.384715,0.295972,0.000029,0.114752,0.000029,0.015102,0.149805,0.039101,0.000029,0.000029,0.000437
AAATTAACGGGTAGCT-1,0.337751,0.221253,0.000029,0.246815,0.000029,0.006152,0.059897,0.031664,0.031504,0.000915,0.063991
AAATTAATAAGCGCGA-1,0.708291,0.171811,0.000043,0.02027,0.003432,0.06762,0.020687,0.000043,0.000043,0.007716,0.000043
AAATTACACGACTCTG-1,0.004534,0.001892,0.000017,0.034589,0.061556,0.110011,0.361712,0.188944,0.023242,0.139662,0.073841
AAATTACCTATCGATG-1,0.00001,0.00001,0.00001,0.111773,0.00001,0.038456,0.658598,0.121757,0.0401,0.0159,0.013375
AAATTCCAGGTCCAAA-1,0.038316,0.000023,0.025236,0.000023,0.044439,0.152158,0.037315,0.057841,0.014531,0.480357,0.149762
AAATTGATAGTCCTTT-1,0.000011,0.000011,0.000011,0.678126,0.000011,0.001052,0.133601,0.081391,0.105408,0.000011,0.000368
AAATTGGTGAGAAGCA-1,0.000024,0.000024,0.011084,0.000024,0.101298,0.140679,0.071503,0.19105,0.115091,0.213219,0.156006
AAATTTACCGAAATCC-1,0.000015,0.000015,0.000015,0.00205,0.061267,0.224487,0.282898,0.247715,0.013377,0.053084,0.115078
AAATTTGCGGGTGTGG-1,0.045524,0.00002,0.50109,0.170232,0.00002,0.178713,0.048784,0.005393,0.00002,0.050183,0.00002
AACAACTGGTAGTTGC-1,0.623533,0.315579,0.016482,0.000032,0.044182,0.000032,0.000032,0.000032,0.000032,0.000032,0.000032
AACAATACATTGTCGA-1,0.03603,0.006537,0.021536,0.325444,0.046425,0.096611,0.154403,0.124878,0.121831,0.01453,0.051775
AACAATTACTCTACGC-1,0.670613,0.329043,0.000038,0.000038,0.000038,0.000038,0.000038,0.000038,0.000038,0.000038,0.000038
AACACACGCTCGCCGC-1,0.000359,0.000007,0.000007,0.087874,0.000007,0.070755,0.766718,0.045302,0.016211,0.008023,0.004736
AACACGACTGTACTGA-1,0.000023,0.000023,0.075375,0.011637,0.074062,0.460074,0.040067,0.010627,0.007199,0.308456,0.012457
AACACGAGACGCGGCC-1,0.049617,0.002571,0.350667,0.480488,0.000026,0.113045,0.000026,0.000026,0.000026,0.003485,0.000026
AACAGCTGTGTGGCAA-1,0.023547,0.001822,0.565081,0.048184,0.003288,0.004585,0.005139,0.035021,0.23269,0.03461,0.046032
AACAGGAAATCGAATA-1,0.000017,0.000017,0.001894,0.202631,0.011844,0.336912,0.425238,0.011259,0.004472,0.002951,0.002766
AACAGGATGGGCCGCG-1,0.717449,0.076036,0.111108,0.052769,0.00093,0.041539,0.000034,0.000034,0.000034,0.000034,0.000034
AACAGGTAGTATGGAT-1,0.01588,0.000021,0.010956,0.014502,0.023141,0.260338,0.14937,0.094524,0.015402,0.285198,0.130667
AACATAGCGTGTATCG-1,0.498162,0.005539,0.009732,0.043554,0.156683,0.021538,0.033478,0.038114,0.045849,0.085352,0.061998
AACATATCAACTGGTG-1,0.039871,0.000021,0.002736,0.006266,0.172603,0.256085,0.166902,0.055503,0.076014,0.131027,0.092972
AACATCGATACGTCTA-1,0.000023,0.000023,0.008463,0.000023,0.009704,0.133456,0.055187,0.044307,0.219395,0.453917,0.075502
AACATTGAAGTTGATC-1,0.301661,0.230062,0.030439,0.153866,0.062289,0.020816,0.064424,0.062759,0.02343,0.00976,0.040494
AACATTGTGACTCGAG-1,0.007462,0.006161,0.137063,0.157134,0.034131,0.072096,0.058143,0.115042,0.159616,0.142774,0.110379
AACCAAGACTTCTCTG-1,0.000029,0.817364,0.000029,0.018925,0.017341,0.057333,0.048118,0.011282,0.010234,0.018194,0.001151
AACCATAGGGTTGAAC-1,0.580586,0.089243,0.21311,0.09134,0.022034,0.003544,0.000029,0.000029,0.000029,0.000029,0.000029
AACCATGGGATCGCTA-1,0.316639,0.483278,0.00005,0.19596,0.00005,0.003773,0.00005,0.00005,0.00005,0.00005,0.00005
AACCCAGAGACGGAGA-1,0.499782,0.276813,0.068563,0.000051,0.00485,0.149688,0.000051,0.000051,0.000051,0.000051,0.000051
AACCCATCCCATGATC-1,0.005889,0.047427,0.044884,0.669275,0.022003,0.013511,0.02897,0.048973,0.116676,0.000018,0.002374
AACCCGACAACCCGTG-1,0.023211,0.098767,0.09829,0.078585,0.266122,0.042992,0.06818,0.076257,0.144306,0.040892,0.062397
AACCCGAGCAGAATCG-1,0.003255,0.040154,0.009806,0.022196,0.037726,0.035093,0.256761,0.061294,0.023609,0.448965,0.061142
AACCCGATAGGGCTTC-1,0.000026,0.000026,0.000026,0.000026,0.55356,0.001563,0.175054,0.060666,0.007406,0.047057,0.154589
AACCCGCTGTATTCCA-1,0.871336,0.000157,0.00002,0.00002,0.00002,0.00002,0.062071,0.037217,0.004305,0.00889,0.015944
AACCCTACTGTCAATA-1,0.234418,0.000034,0.005191,0.000297,0.304222,0.10897,0.029311,0.006365,0.02988,0.211405,0.069908
AACCCTGGTGGAACCA-1,0.000013,0.000013,0.005267,0.039591,0.028248,0.111205,0.508042,0.123926,0.01043,0.156663,0.016602
AACCGAGCTTGGTCAT-1,0.296795,0.01872,0.217927,0.027194,0.108768,0.307095,0.000054,0.000054,0.000054,0.021804,0.001534
AACCGCTAAGGGATGC-1,0.118313,0.000019,0.005724,0.000019,0.086392,0.465611,0.070799,0.014133,0.014827,0.151174,0.072987
AACCGTTGTGTTTGCT-1,0.000021,0.000021,0.012581,0.161654,0.000021,0.467329,0.229234,0.051187,0.020303,0.054209,0.003441
AACCTCGCTTTAGCCC-1,0.000017,0.10523,0.058879,0.213787,0.246237,0.015946,0.036774,0.041035,0.094167,0.173342,0.014586
AACCTGTCACGGAATT-1,0.021714,0.000017,0.000017,0.000017,0.040633,0.034512,0.468147,0.076788,0.012505,0.313119,0.032531
AACCTTTAAATACGGT-1,0.000007,0.004312,0.000728,0.204269,0.000007,0.051648,0.638057,0.087306,0.004034,0.009292,0.000342
AACCTTTACGACGTCT-1,0.01812,0.000022,0.000488,0.000022,0.050301,0.137381,0.103476,0.093914,0.031526,0.315006,0.249743
AACGAAAGTCGTCCCA-1,0.046035,0.085949,0.058745,0.398567,0.069179,0.167915,0.071149,0.015458,0.050506,0.003708,0.032789
AACGATAATGCCGTAG-1,0.042419,0.012098,0.071401,0.03046,0.046258,0.333839,0.053178,0.059621,0.005303,0.280637,0.064787
AACGATAGAAGGGCCG-1,0.356631,0.004497,0.136528,0.065237,0.077864,0.24567,0.007298,0.006919,0.012583,0.044449,0.042325
AACGATATGTCAACTG-1,0.113435,0.00003,0.075828,0.048852,0.106748,0.517212,0.037511,0.027229,0.007753,0.044216,0.021187
AACGCATGATCTGGGT-1,0.006978,0.000026,0.002864,0.000026,0.068783,0.086317,0.027609,0.053391,0.016347,0.536233,0.201425
AACGCGACCTTGGGCG-1,0.037112,0.0484,0.043382,0.112645,0.053445,0.082494,0.221669,0.135291,0.181435,0.053538,0.030589
AACGCGGTCTCCAGCC-1,0.2761,0.000056,0.039987,0.026064,0.069783,0.369183,0.003193,0.015362,0.018332,0.107146,0.074793
AACGCTGTTGCTGAAA-1,0.004888,0.063597,0.024935,0.012249,0.003453,0.238318,0.1392,0.042812,0.002086,0.455008,0.013454
AACGGACGTACGTATA-1,0.010058,0.000019,0.004762,0.000019,0.07274,0.197813,0.119555,0.03834,0.059421,0.292457,0.204816
AACGGCCATCTCCGGT-1,0.046231,0.003977,0.67745,0.098504,0.000674,0.173048,0.000023,0.000023,0.000023,0.000023,0.000023
AACGTACTGTGGGTAC-1,0.009925,0.047264,0.180985,0.27697,0.00048,0.353334,0.091416,0.01495,0.000798,0.02248,0.001399
AACGTCAGACTAGTGG-1,0.564925,0.327106,0.028971,0.000043,0.0787,0.000043,0.000043,0.000043,0.000043,0.000043,0.000043
AACGTCATCCGGCTTG-1,0.723354,0.000037,0.000037,0.000037,0.05009,0.000037,0.00069,0.053441,0.00629,0.115964,0.050024
AACGTCGCTGCACTTC-1,0.283843,0.027423,0.000029,0.000379,0.337022,0.005152,0.094699,0.039425,0.055974,0.034541,0.121515
AACGTGATGAAGGACA-1,0.000013,0.000013,0.000906,0.029825,0.001974,0.026031,0.449743,0.316458,0.019805,0.119517,0.035715
AACGTGCGAAAGTCTC-1,0.945264,0.000035,0.000034,0.000034,0.000034,0.002314,0.034777,0.006933,0.000034,0.000034,0.010505
AACGTTATCAGCACCT-1,0.650425,0.302562,0.000049,0.034627,0.000049,0.000049,0.000049,0.000049,0.012045,0.000049,0.000049
AACTACCCGTTTGTCA-1,0.012786,0.00002,0.005421,0.00002,0.0494,0.190379,0.046163,0.025236,0.029906,0.574321,0.066348
AACTAGGCTTGGGTGT-1,0.005521,0.044539,0.10006,0.148126,0.002317,0.283262,0.289568,0.043972,0.01023,0.065916,0.006487
AACTCAAGTTAATTGC-1,0.444335,0.084846,0.073678,0.066356,0.036847,0.191323,0.020669,0.00606,0.004657,0.058684,0.012544
AACTCCAGAGCGTGTT-1,0.000014,0.064712,0.029236,0.030191,0.120781,0.015281,0.24152,0.051471,0.022486,0.387077,0.037231
AACTCCTAATCCCATG-1,0.000025,0.000025,0.129884,0.005108,0.076193,0.196254,0.047747,0.074993,0.104012,0.274657,0.091102
AACTCGATGGCGCAGT-1,0.537102,0.43331,0.000045,0.029231,0.000045,0.000045,0.000045,0.000045,0.000045,0.000045,0.000045
AACTCTCAATAGAGCG-1,0.172628,0.000019,0.000019,0.002968,0.022105,0.157082,0.439863,0.03627,0.00242,0.005512,0.161115
AACTCTCAGTGTGCTC-1,0.000017,0.000017,0.323224,0.416806,0.000017,0.031092,0.063767,0.049947,0.027705,0.075444,0.011963
AACTGAGGTCAGCGTC-1,0.000034,0.000034,0.119107,0.000034,0.258459,0.029807,0.000034,0.000393,0.061122,0.260085,0.270889
AACTGAGTTATACTGA-1,0.000028,0.000028,0.30553,0.000028,0.11234,0.011897,0.000028,0.000028,0.013108,0.478829,0.078158
AACTGATATTAGGCCT-1,0.024614,0.000049,0.284711,0.000049,0.043721,0.456421,0.000049,0.000049,0.004457,0.174296,0.011587
AACTGGGTCCCGACGT-1,0.021589,0.126948,0.00148,0.11441,0.046717,0.392421,0.199326,0.041758,0.010458,0.005325,0.039568
AACTTCTGCGTCTATC-1,0.615535,0.313831,0.070174,0.000058,0.000058,0.000058,0.000058,0.000058,0.000058,0.000058,0.000058
AACTTGCCCGTATGCA-1,0.650174,0.229439,0.120052,0.000042,0.000042,0.000042,0.000042,0.000042,0.000042,0.000042,0.000042
AACTTGCGTTCTCGCG-1,0.501256,0.497961,0.000087,0.000087,0.000087,0.000087,0.000087,0.000087,0.000087,0.000087,0.000087
AACTTTACGGGAGCTT-1,0.770488,0.228895,0.000069,0.000069,0.000069,0.000069,0.000069,0.000069,0.000069,0.000069,0.000069
AACTTTCTCGATCATG-1,0.000017,0.000017,0.000017,0.000017,0.046088,0.013292,0.103577,0.404827,0.058038,0.23417,0.13994
AAGAAAGTTTGATGGG-1,0.750692,0.090675,0.000062,0.009145,0.021565,0.046938,0.059007,0.000062,0.000062,0.000062,0.021731
AAGAAATCACCAGATT-1,0.000025,0.000025,0.07033,0.003678,0.071662,0.117758,0.039511,0.084267,0.231206,0.249684,0.131852
AAGAAGGATCAGTTAG-1,0.6901,0.132533,0.176707,0.000052,0.000295,0.000052,0.000052,0.000052,0.000052,0.000052,0.000052
AAGACATACGTGGTTT-1,0.000022,0.000022,0.276119,0.000022,0.053811,0.000022,0.000022,0.005907,0.165869,0.142765,0.35542
AAGACCAAATAACTCA-1,0.124429,0.203705,0.025909,0.279608,0.011928,0.245678,0.076473,0.017416,0.004572,0.006817,0.003466
AAGACCCAACTGAACA-1,0.000011,0.000011,0.035011,0.31012,0.00145,0.060228,0.234339,0.19342,0.098372,0.058081,0.008954
AAGACTGCAAGCTACT-1,0.501076,0.000051,0.000051,0.000051,0.113296,0.107433,0.114198,0.035787,0.001776,0.052028,0.074253
AAGAGATGAATCGGTA-1,0.597483,0.282527,0.061623,0.021439,0.000038,0.036698,0.000038,0.000038,0.000038,0.000038,0.000038
AAGAGCTCTTTATCGG-1,0.415385,0.000057,0.000057,0.000057,0.106656,0.103794,0.094776,0.008521,0.000057,0.204946,0.065693
AAGAGGATGTACGCGA-1,0.071053,0.147334,0.150075,0.236743,0.09682,0.207286,0.076409,0.003388,0.002342,0.003445,0.005105
AAGAGGCATGGATCGC-1,0.528316,0.000022,0.000022,0.009494,0.004781,0.19785,0.250755,0.000087,0.000022,0.008543,0.000108
AAGAGGCCCTTTGGAA-1,0.00002,0.00002,0.132271,0.014355,0.014371,0.057982,0.085301,0.122689,0.035743,0.463342,0.073906
AAGATGGCACCGGACC-1,0.000013,0.026,0.355896,0.187541,0.122208,0.022359,0.013057,0.059619,0.161368,0.037769,0.01417
AAGCACCCTGCGTATC-1,0.00001,0.01369,0.043235,0.097997,0.003074,0.019599,0.086844,0.115442,0.028262,0.553882,0.037965
AAGCATACTCTCCTGA-1,0.000011,0.053863,0.00516,0.189105,0.024263,0.171634,0.488181,0.051293,0.00373,0.006284,0.006478
AAGCCACTTGCAGGTA-1,0.591434,0.154763,0.000022,0.012123,0.023719,0.000022,0.037378,0.082024,0.057487,0.000934,0.040093
AAGCCGAAGCGGTTTA-1,0.021238,0.033076,0.070759,0.004571,0.079322,0.285064,0.081742,0.034183,0.014264,0.342186,0.033597
AAGCCGCCGTGAAATC-1,0.126727,0.16458,0.00001,0.447325,0.005793,0.065712,0.183745,0.005301,0.00001,0.00001,0.000787
AAGCCGCTTTACCTTG-1,0.000021,0.000021,0.108116,0.0066,0.001149,0.146494,0.036085,0.155968,0.336779,0.139974,0.068794
AAGCGCAGGGCTTTGA-1,0.003536,0.05825,0.129445,0.037598,0.065605,0.089426,0.065659,0.148609,0.095615,0.23437,0.071886
AAGCGGAGTGCGCGCA-1,0.000022,0.000022,0.002016,0.000022,0.11936,0.037178,0.203507,0.177906,0.18101,0.103879,0.175078
AAGCGGCGTCATGGGT-1,0.007183,0.000021,0.007454,0.000021,0.058838,0.229009,0.285182,0.084232,0.052921,0.17511,0.10003
AAGCGTCCCTCATCGA-1,0.011078,0.025529,0.180718,0.232142,0.011006,0.097872,0.051144,0.045876,0.230252,0.093078,0.021307
AAGCTAGATCGAGTAA-1,0.065159,0.008034,0.090638,0.086027,0.050845,0.465649,0.096013,0.023642,0.039655,0.042362,0.031976
AAGCTCGTGCCAAGTC-1,0.686308,0.000043,0.000043,0.000043,0.011243,0.194429,0.066393,0.007104,0.011591,0.002569,0.020236
AAGCTCTTTCATGGTG-1,0.009754,0.019367,0.103159,0.060551,0.000011,0.020239,0.472903,0.116387,0.016777,0.17336,0.007494
AAGGAGCGGTTGGTGC-1,0.53074,0.366609,0.025711,0.000056,0.048187,0.003951,0.000056,0.000056,0.000056,0.000056,0.024525
AAGGATCGATCGCTTG-1,0.02256,0.000019,0.000856,0.001596,0.010088,0.127123,0.477397,0.132256,0.05919,0.107267,0.061648
AAGGATGAGGGACCTC-1,0.053771,0.000037,0.059783,0.012922,0.200317,0.388282,0.014781,0.007653,0.000881,0.093762,0.167812
AAGGCAGGCTGTCTCC-1,0.072994,0.003364,0.025718,0.016346,0.034256,0.163927,0.069243,0.082275,0.020988,0.356099,0.15479
AAGGCGCGTAAAGCTT-1,0.405718,0.532344,0.025133,0.036489,0.000045,0.000045,0.000045,0.000045,0.000045,0.000045,0.000045
AAGGCTGTGCTCATCG-1,0.563636,0.230536,0.133224,0.000057,0.040372,0.031891,0.000057,0.000057,0.000057,0.000057,0.000057
AAGGGAACGACTGGCT-1,0.001556,0.452364,0.336113,0.000017,0.20985,0.000017,0.000017,0.000017,0.000017,0.000017,0.000017
AAGGGACAGATTCTGT-1,0.054043,0.041502,0.003263,0.032949,0.097127,0.175348,0.256221,0.17863,0.042609,0.059993,0.058313
AAGGGACTATGCATTC-1,0.004995,0.157705,0.167926,0.254259,0.110085,0.012587,0.068242,0.049513,0.124876,0.002844,0.046967
AAGGTATCCTAATATA-1,0.089617,0.000037,0.007359,0.000037,0.171272,0.386735,0.023978,0.019091,0.052477,0.207348,0.042049
AAGGTGATAAACCAGC-1,0.099655,0.000018,0.002953,0.012172,0.118663,0.236402,0.158851,0.082538,0.032929,0.075244,0.180575
AAGTAGAAGACCGGGT-1,0.247025,0.027177,0.00053,0.13165,0.000029,0.530078,0.063396,0.000029,0.000029,0.000029,0.000029
AAGTAGTGACGCGAGG-1,0.733902,0.046461,0.207263,0.000057,0.011974,0.000057,0.000057,0.000057,0.000057,0.000057,0.000057
AAGTCAATTGTCGTCA-1,0.032246,0.000019,0.000019,0.000019,0.028027,0.082487,0.241834,0.096437,0.006713,0.221071,0.291127
AAGTCTTCTGTGGCCT-1,0.340435,0.248935,0.008331,0.170864,0.001137,0.126711,0.097121,0.000331,0.005426,0.000037,0.000672
AAGTGACGACCGAATT-1,0.021312,0.005214,0.046296,0.581868,0.021607,0.204656,0.067914,0.006961,0.014406,0.01972,0.010047
AAGTGAGTCGGGTTTA-1,0.000018,0.000018,0.313687,0.131224,0.029567,0.061849,0.019099,0.034993,0.185293,0.181363,0.042888
AAGTGCAAAGGTAGAC-1,0.767996,0.231696,0.000034,0.000034,0.000034,0.000034,0.000034,0.000034,0.000034,0.000034,0.000034
AAGTGCCTTGACTGTA-1,0.02673,0.000031,0.003143,0.000031,0.117387,0.292018,0.019353,0.043519,0.001718,0.289335,0.206733
AAGTGCGTTAGAATCT-1,0.000017,0.000017,0.11135,0.811603,0.000017,0.003321,0.007693,0.015772,0.049273,0.000921,0.000017
AAGTGCTTCTCTATTG-1,0.319231,0.081907,0.053984,0.160249,0.034668,0.00898,0.165215,0.109753,0.032491,0.015103,0.018419
AAGTGTTTGGAGACGG-1,0.008925,0.000019,0.070841,0.00035,0.077563,0.45561,0.008305,0.008079,0.022713,0.313383,0.034212
AAGTTCACTCCAAGCT-1,0.028779,0.005753,0.094963,0.022641,0.008353,0.146374,0.154525,0.061142,0.012476,0.429429,0.035567
AAGTTCAGTCTGCGTA-1,0.017496,0.000022,0.000022,0.001947,0.041839,0.100103,0.252302,0.205927,0.050204,0.095946,0.234192
AAGTTCGGCCAACAGG-1,0.000028,0.114411,0.515813,0.310351,0.000028,0.059232,0.000028,0.000028,0.000028,0.000028,0.000028
AAGTTGTGATGTTATA-1,0.000022,0.054782,0.164036,0.074636,0.000022,0.003746,0.021982,0.230984,0.251874,0.111042,0.086872
AAGTTTATGGGCCCAA-1,0.000009,0.000009,0.003558,0.154779,0.000009,0.002257,0.216778,0.301461,0.315167,0.00343,0.002542
AATAACAACGCTCGGC-1,0.787122,0.16089,0.020514,0.000759,0.025182,0.005411,0.000024,0.000024,0.000024,0.000024,0.000024
AATAACACTAGAACAA-1,0.000014,0.075953,0.26837,0.254849,0.143241,0.031684,0.090065,0.065589,0.015021,0.025962,0.029253
AATAATCTTCGTATCG-1,0.000016,0.000016,0.011155,0.046299,0.000016,0.003455,0.069181,0.194885,0.013516,0.637715,0.023746
AATACAATGTTTCAGG-1,0.7907,0.155186,0.036689,0.017073,0.00005,0.00005,0.00005,0.00005,0.00005,0.00005,0.00005
AATACCGGAGGGCTGT-1,0.066137,0.214574,0.076693,0.141037,0.259193,0.056014,0.03928,0.039313,0.079996,0.010176,0.017588
AATACCTGATGTGAAC-1,0.45521,0.039561,0.006765,0.013937,0.238578,0.000029,0.034015,0.045617,0.021711,0.092518,0.05206
AATAGAACAGAGTGGC-1,0.000017,0.011154,0.598278,0.093345,0.016564,0.089766,0.003756,0.000866,0.000181,0.180647,0.005427
AATAGAATCTGTTTCA-1,0.072871,0.000014,0.000014,0.019111,0.026052,0.157705,0.338402,0.099041,0.02735,0.051716,0.207725
AATAGCTACCGCGTGC-1,0.000025,0.000025,0.068937,0.000025,0.100877,0.030109,0.001639,0.014679,0.037975,0.497158,0.248551
AATAGGCACGACCCTT-1,0.720715,0.082918,0.000052,0.022191,0.000052,0.000052,0.053695,0.007339,0.045037,0.018443,0.049504
AATAGTCCGTCCCGAC-1,0.032861,0.003111,0.368731,0.021134,0.028426,0.146947,0.010353,0.004125,0.002623,0.368676,0.013012
AATAGTCGCGAGTCGG-1,0.802762,0.196846,0.000044,0.000044,0.000044,0.000044,0.000044,0.000044,0.000044,0.000044,0.000044
AATATCCTAGCAAACT-1,0.191784,0.195633,0.043927,0.353633,0.003326,0.163758,0.033758,0.001598,0.001172,0.006609,0.004803
AATATCGAATCAATGC-1,0.028961,0.000026,0.017613,0.000659,0.037078,0.284889,0.031788,0.01742,0.015514,0.503353,0.062699
AATATCGAGGGTTCTC-1,0.007258,0.000025,0.020018,0.070378,0.029338,0.224538,0.380248,0.104939,0.01918,0.045373,0.098704
AATATTGGAGTATTGA-1,0.000054,0.935926,0.000054,0.000054,0.000054,0.000054,0.000054,0.000054,0.063592,0.000054,0.000054
AATCAGGTTTCATTTA-1,0.829259,0.029973,0.000028,0.042592,0.011113,0.000028,0.000028,0.024896,0.009743,0.011717,0.040623
AATCATGTAAAGACTC-1,0.0223,0.004268,0.00061,0.017126,0.041979,0.095061,0.448736,0.232248,0.008776,0.111039,0.017857
AATCCAAGGGCCTGAG-1,0.155729,0.000039,0.083635,0.168515,0.115007,0.451357,0.021242,0.000074,0.000048,0.001297,0.003058
AATCCCGCTCAGAGCC-1,0.713066,0.032539,0.000027,0.009784,0.017288,0.000027,0.07221,0.092158,0.025593,0.011275,0.026033
AATCGAGGTCTCAAGG-1,0.82488,0.002339,0.000032,0.000032,0.032428,0.000032,0.000032,0.034665,0.006845,0.033259,0.065456
AATCGCCTCAGCGCCA-1,0.594095,0.000038,0.000038,0.000038,0.11569,0.011698,0.170876,0.02169,0.000038,0.045651,0.040147
AATCGCGCAGAGGACT-1,0.143477,0.011153,0.001443,0.00144,0.036275,0.241781,0.121802,0.045716,0.055993,0.26177,0.07915
AATCGGGACACTACGA-1,0.019234,0.00169,0.059667,0.009381,0.054733,0.546835,0.021456,0.02919,0.016006,0.23436,0.007447
AATCGGTATAGCCCTC-1,0.000031,0.180562,0.137694,0.000031,0.681495,0.000031,0.000031,0.000031,0.000031,0.000031,0.000031
AATCGTGAGCCGAGCA-1,0.000017,0.000017,0.058561,0.039112,0.000017,0.021467,0.015362,0.172209,0.383425,0.217027,0.092786
AATCTAGGTTTACTTG-1,0.000061,0.156114,0.810928,0.032471,0.000061,0.000061,0.000061,0.000061,0.000061,0.000061,0.000061
AATCTATGCCGGAGCC-1,0.02303,0.00002,0.004707,0.007579,0.002556,0.137742,0.369919,0.060211,0.001546,0.384486,0.008203
AATCTCTACTGTGGTT-1,0.461508,0.227355,0.300612,0.00007,0.00007,0.010035,0.00007,0.00007,0.00007,0.00007,0.00007
AATCTGCGTTGGGACG-1,0.26535,0.000033,0.000033,0.05458,0.083727,0.151178,0.074097,0.011325,0.000165,0.086262,0.27325
AATCTGGCTTTCTAGT-1,0.000034,0.193839,0.391712,0.414176,0.000034,0.000034,0.000034,0.000034,0.000034,0.000034,0.000034
AATGACAGCAATGTCT-1,0.053946,0.04238,0.323399,0.422281,0.007552,0.072635,0.025841,0.012314,0.012065,0.025833,0.001753
AATGACGTAGGATGTC-1,0.07357,0.000015,0.000015,0.089902,0.021938,0.195289,0.513905,0.046152,0.004819,0.03438,0.020016
AATGACTGTCAGCCGG-1,0.787678,0.086788,0.122428,0.000056,0.002304,0.000466,0.000056,0.000056,0.000056,0.000056,0.000056
AATGAGTTCGCATATG-1,0.690518,0.26946,0.032501,0.000055,0.000055,0.007138,0.000055,0.000055,0.000055,0.000055,0.000055
AATGATGATACGCTAT-1,0.003422,0.000018,0.000018,0.000018,0.056601,0.104735,0.363588,0.14311,0.000018,0.264516,0.063956
AATGATGCGACTCCTG-1,0.000015,0.000015,0.000015,0.005354,0.000015,0.009231,0.765009,0.062012,0.002017,0.102549,0.053768
AATGCAACCGGGTACC-1,0.512055,0.000046,0.089824,0.070311,0.189751,0.108665,0.010943,0.000566,0.000046,0.004675,0.013117
AATGCACCAAGCAATG-1,0.007834,0.000023,0.000341,0.005723,0.104932,0.162359,0.254719,0.017431,0.002632,0.350454,0.093552
AATGGCCGCCAATGCG-1,0.00004,0.012286,0.00004,0.00004,0.987357,0.00004,0.00004,0.00004,0.00004,0.00004,0.00004
AATGGTCCACCGTTCA-1,0.638772,0.361002,0.000025,0.000025,0.000025,0.000025,0.000025,0.000025,0.000025,0.000025,0.000025
AATGGTTCTCACAAGC-1,0.82643,0.173218,0.000039,0.000039,0.000039,0.000039,0.000039,0.000039,0.000039,0.000039,0.000039
AATGTATGGCACTGTA-1,0.683278,0.175246,0.122332,0.000039,0.018872,0.000039,0.000039,0.000039,0.000039,0.000039,0.000039
AATGTGCCCGAGGTGT-1,0.000015,0.117767,0.021378,0.521386,0.000048,0.000015,0.022854,0.04453,0.268493,0.000015,0.0035
AATGTGCTAATCTGAG-1,0.025052,0.181092,0.129962,0.272514,0.139447,0.026537,0.008892,0.024085,0.171845,0.010611,0.009962
AATGTTAAGACCCTGA-1,0.50058,0.008817,0.000044,0.000026,0.318905,0.000026,0.000026,0.025635,0.000026,0.125716,0.020198
AATGTTGTCGTGAGAC-1,0.00003,0.022378,0.279536,0.002208,0.037901,0.002519,0.000355,0.015961,0.300893,0.275903,0.062317
AATTAAAGGTCGGCGT-1,0.310896,0.04541,0.166278,0.000055,0.022498,0.438417,0.000055,0.000055,0.000055,0.016224,0.000055
AATTAACGGATTTCCA-1,0.009074,0.005826,0.283838,0.039966,0.123821,0.048366,0.002467,0.004247,0.00763,0.472181,0.002585
AATTACGAGACCCATC-1,0.115264,0.147567,0.076409,0.452537,0.005927,0.117451,0.053538,0.00774,0.009111,0.013726,0.000729
AATTACTCGTACGCTC-1,0.619147,0.232259,0.000051,0.007908,0.072962,0.020703,0.046766,0.000051,0.000051,0.000051,0.000051
AATTAGCGCTGCAGCG-1,0.012825,0.000021,0.309048,0.019872,0.022944,0.355663,0.005819,0.013725,0.013629,0.22014,0.026314
AATTATACCCAGCAAG-1,0.629366,0.053974,0.000024,0.009353,0.080545,0.000984,0.061046,0.090816,0.020157,0.02042,0.033315
AATTCATAAGGGATCT-1,0.019626,0.000019,0.000019,0.042337,0.035647,0.218261,0.354372,0.141034,0.010559,0.057098,0.121028
AATTCATTGTCATGCA-1,0.124307,0.271504,0.515937,0.034253,0.05379,0.000035,0.000035,0.000035,0.000035,0.000035,0.000035
AATTCCAAGCATGTAC-1,0.00001,0.055464,0.077338,0.153822,0.00001,0.008085,0.03528,0.226529,0.369924,0.034337,0.039203
AATTCGATTCGAGGAT-1,0.000012,0.001892,0.018943,0.091478,0.050306,0.008761,0.121159,0.356735,0.25862,0.036656,0.05544
AATTCTAGAGTTAGGC-1,0.025417,0.000024,0.001459,0.099204,0.031358,0.620541,0.174339,0.036917,0.001295,0.003981,0.005466
AATTGAACGCTCTGGT-1,0.073262,0.0181,0.000213,0.017594,0.035634,0.3004,0.209038,0.143109,0.075045,0.034161,0.093445
AATTGCAGCAATCGAC-1,0.000018,0.012685,0.061264,0.090079,0.021998,0.017703,0.145704,0.195393,0.108129,0.307258,0.039769
AATTGCGTGGATTACA-1,0.775987,0.103261,0.000029,0.025424,0.000029,0.000029,0.055773,0.020868,0.004803,0.012881,0.000917
AATTTGGGACATAGTA-1,0.019761,0.001262,0.002003,0.033481,0.093277,0.065824,0.376446,0.109359,0.031879,0.128673,0.138035
AATTTGGTTCCAAAGA-1,0.033274,0.000026,0.000783,0.019365,0.026687,0.489117,0.22503,0.009407,0.003609,0.18206,0.010642
ACAAACCATGCGTCCT-1,0.077239,0.192095,0.582417,0.001298,0.135615,0.005366,0.000019,0.000019,0.000019,0.003859,0.002054
ACAAACTCCATCAGAG-1,0.919532,0.002111,0.000018,0.000018,0.011733,0.000018,0.000018,0.000018,0.000018,0.005363,0.061151
ACAAAGAAGGTAGGCC-1,0.144672,0.126304,0.193165,0.399874,0.000021,0.135859,0.000021,0.000021,0.000021,0.000021,0.000021
ACAAAGCATGACCTAG-1,0.000013,0.003661,0.052064,0.073993,0.001237,0.024807,0.200515,0.308438,0.143979,0.167861,0.023433
ACAAATCGCACCGAAT-1,0.047781,0.005032,0.009833,0.006541,0.073738,0.305792,0.11096,0.093402,0.02492,0.260146,0.061855
ACAAATGGTAGTGTTT-1,0.080499,0.000031,0.022755,0.000031,0.241475,0.259186,0.044225,0.025431,0.000031,0.258729,0.067606
ACAAATTCAGATCTGA-1,0.036307,0.032261,0.009834,0.039828,0.016618,0.271711,0.272858,0.114751,0.025793,0.134446,0.045594
ACAACAGCATGAGCTA-1,0.306101,0.000021,0.000021,0.004163,0.107271,0.114034,0.370923,0.024089,0.000623,0.009303,0.06345
ACAACGGTCCCTGCGA-1,0.782247,0.217369,0.000043,0.000043,0.000043,0.000043,0.000043,0.000043,0.000043,0.000043,0.000043
ACAAGCAGTGCCTAGC-1,0.764485,0.01957,0.061058,0.000047,0.118558,0.035309,0.000047,0.000047,0.000047,0.000786,0.000047
ACAAGGAAATCCGCCC-1,0.015706,0.000015,0.006768,0.098285,0.039422,0.423091,0.189376,0.074183,0.081065,0.04285,0.029238
ACAAGGACAAGAGGTT-1,0.818645,0.163608,0.017515,0.000029,0.000029,0.000029,0.000029,0.000029,0.000029,0.000029,0.000029
ACAAGGATGCTTTAGG-1,0.015445,0.015072,0.243511,0.004307,0.000091,0.006276,0.100239,0.078681,0.042547,0.443674,0.050157
ACAAGGCCTACCAGCC-1,0.000016,0.012076,0.010483,0.040717,0.060478,0.31734,0.319644,0.065233,0.039655,0.082986,0.051372
ACAAGGGCAGGCTCTG-1,0.192199,0.000027,0.00083,0.001569,0.057696,0.288556,0.106302,0.065076,0.025522,0.089351,0.172871
ACAAGTAATTGTAAGG-1,0.850826,0.031155,0.000079,0.000079,0.028911,0.000079,0.079256,0.009381,0.000079,0.000079,0.000079
ACAATAGTCGTACGTT-1,0.019,0.009034,0.002305,0.924715,0.000016,0.044015,0.000848,0.000016,0.000016,0.000016,0.000016
ACAATCCATTTAAACC-1,0.58044,0.05296,0.109434,0.088838,0.004959,0.042682,0.03726,0.01216,0.012332,0.051902,0.007033
ACAATGAATACGGAGA-1,0.025252,0.002464,0.22807,0.245397,0.005826,0.060639,0.0314,0.074885,0.267576,0.032535,0.025956
ACAATGATTCTTCTAC-1,0.00003,0.00003,0.183341,0.00003,0.376709,0.069229,0.001119,0.002071,0.089017,0.20089,0.077535
ACAATTGTGTCTCTTT-1,0.010444,0.000015,0.013684,0.015824,0.003351,0.166759,0.371605,0.118758,0.026835,0.254084,0.018641
ACAATTTAGGAGGCTC-1,0.625858,0.261334,0.081099,0.000062,0.031272,0.000062,0.000062,0.000062,0.000062,0.000062,0.000062
ACAATTTGAGCAGTGG-1,0.237404,0.000051,0.050728,0.000051,0.423345,0.164024,0.000051,0.000051,0.000051,0.124195,0.000051
ACAATTTGGCCATATT-1,0.000022,0.016436,0.014515,0.057555,0.092937,0.082722,0.137351,0.05969,0.020699,0.37598,0.142092
ACACAAAGACGGGTGG-1,0.682549,0.09753,0.211537,0.000047,0.008054,0.000047,0.000047,0.000047,0.000047,0.000047,0.000047
ACACAAATATTCCTAG-1,0.012713,0.009382,0.192756,0.048891,0.093508,0.031709,0.039435,0.00901,0.290362,0.038886,0.233348
ACACACCAGGACCAGT-1,0.132352,0.003461,0.000012,0.069547,0.073589,0.08752,0.477937,0.06595,0.016583,0.006334,0.066715
ACACACTTTCTACACG-1,0.031525,0.000019,0.016399,0.126908,0.004985,0.463603,0.216962,0.04074,0.005318,0.084338,0.009203
ACACATGATCAAATCT-1,0.012621,0.01618,0.1517,0.436007,0.006211,0.060184,0.055907,0.090979,0.071562,0.056951,0.041698
ACACATTTCCGTAGAC-1,0.596389,0.128942,0.00002,0.006063,0.068528,0.00002,0.038051,0.051915,0.068011,0.010172,0.03189
ACACCACATAATTAGC-1,0.004848,0.016964,0.018349,0.004745,0.023264,0.009399,0.305163,0.154102,0.00635,0.426187,0.03063
ACACCCAGCATGCAGC-1,0.597219,0.081865,0.007443,0.022681,0.045718,0.19935,0.0129,0.000048,0.000048,0.007883,0.024847
ACACCCGAGAAATCCG-1,0.555434,0.146751,0.034913,0.046956,0.048428,0.064187,0.028305,0.028974,0.008484,0.035013,0.002554
ACACCGAGCGCTCTTT-1,0.000068,0.893464,0.000068,0.000068,0.105924,0.000068,0.000068,0.000068,0.000068,0.000068,0.000068
ACACCGGTCTGACCGC-1,0.126976,0.178019,0.167441,0.260736,0.080595,0.034043,0.02001,0.01619,0.044575,0.012751,0.058663
ACACCTTAAGTAGGGC-1,0.861147,0.026356,0.014475,0.000046,0.065184,0.004395,0.000046,0.000046,0.000046,0.02081,0.007452
ACACCTTACTACTTGC-1,0.092689,0.000013,0.000013,0.000607,0.000013,0.032275,0.459191,0.21792,0.016368,0.135667,0.045242
ACACGAGACTCCTTCT-1,0.757199,0.00545,0.058558,0.000049,0.147565,0.002892,0.000049,0.000049,0.000049,0.025964,0.002176
ACACGGCACTATGCAT-1,0.000018,0.000018,0.000018,0.027228,0.000018,0.168296,0.452888,0.110503,0.003399,0.203738,0.033877
ACACGGGAACTTAGGG-1,0.308258,0.000051,0.069433,0.058191,0.060068,0.433966,0.069829,0.000051,0.000051,0.000051,0.000051
ACACGTAGGCCACAAG-1,0.00002,0.020382,0.029628,0.072223,0.016546,0.022134,0.149922,0.12913,0.031886,0.509129,0.019001
ACACTCCAATGTCACT-1,0.781774,0.054939,0.162589,0.000087,0.000087,0.000087,0.000087,0.000087,0.000087,0.000087,0.000087
ACACTGATCAAGGTGT-1,0.047373,0.040284,0.034666,0.192556,0.019154,0.236321,0.262871,0.033429,0.013535,0.095138,0.024672
ACACTGGGACAGTCGT-1,0.007492,0.008959,0.075253,0.040756,0.158225,0.055706,0.108683,0.097553,0.232691,0.152358,0.062323
ACAGAACTGAGAACAA-1,0.001059,0.000016,0.058874,0.557049,0.000016,0.005768,0.001603,0.013358,0.356319,0.000016,0.005922
ACAGCATAGAGCCAGT-1,0.042128,0.01046,0.109368,0.133342,0.000479,0.639776,0.053977,0.001531,0.003609,0.005191,0.00014
ACAGCGACATTCTCAT-1,0.000022,0.000022,0.055581,0.030418,0.008612,0.012149,0.065805,0.047268,0.069131,0.688762,0.022231
ACAGCGCACCCGCAGC-1,0.009768,0.000019,0.048418,0.059562,0.001679,0.028385,0.176707,0.158229,0.011225,0.362952,0.143057
ACAGGCACGGATCCTT-1,0.000013,0.006223,0.027357,0.011779,0.04388,0.007365,0.03917,0.145965,0.345533,0.076293,0.296423
ACAGGCTTGCCCGACT-1,0.063687,0.000009,0.004514,0.060514,0.000204,0.265252,0.447942,0.058758,0.013438,0.057709,0.027972
ACAGGTGGAGGTGAGG-1,0.011142,0.000015,0.082589,0.372834,0.000015,0.280043,0.165495,0.037809,0.005112,0.044124,0.000822
ACAGTAATACAACTTG-1,0.000026,0.142113,0.348059,0.507233,0.000026,0.00241,0.000026,0.000026,0.000026,0.000026,0.000026
ACAGTATACCGTGGGA-1,0.000027,0.000027,0.107376,0.011919,0.004484,0.125152,0.018624,0.105204,0.142943,0.391917,0.092328
ACATAAGTCGTGGTGA-1,0.035956,0.114826,0.358463,0.24298,0.019579,0.059271,0.05963,0.011633,0.073716,0.005986,0.017961
ACATAATAAGGCGGTG-1,0.260278,0.000043,0.078367,0.036772,0.059422,0.442478,0.036218,0.000043,0.000043,0.06273,0.023605
ACATACAATCAAGCGG-1,0.727684,0.000051,0.000051,0.000051,0.048638,0.000051,0.001434,0.010828,0.000051,0.130399,0.080763
ACATCAGCTGGGACGC-1,0.72734,0.272368,0.000032,0.000032,0.000032,0.000032,0.000032,0.000032,0.000032,0.000032,0.000032
ACATCCCGGCCATACG-1,0.000011,0.000011,0.002187,0.166413,0.000011,0.156837,0.521021,0.038446,0.009863,0.103949,0.001252
ACATCCTGGTAACTGT-1,0.071722,0.000018,0.000018,0.003782,0.02593,0.095934,0.297606,0.07923,0.024913,0.101155,0.299692
ACATCGATCGTTTACC-1,0.41594,0.00006,0.117697,0.00006,0.116169,0.217875,0.00006,0.00006,0.003159,0.12508,0.00384
ACATCGCAATATTCGG-1,0.903405,0.000054,0.000054,0.000054,0.000054,0.000054,0.067416,0.000054,0.000054,0.000054,0.02875
ACATCGGTCAGCCGCG-1,0.045873,0.021637,0.168403,0.282372,0.02421,0.281624,0.056815,0.065469,0.01786,0.015423,0.020315
ACATCGTATGCAATGG-1,0.089122,0.012831,0.000017,0.090801,0.076851,0.22986,0.413454,0.036286,0.005112,0.006704,0.038962
ACATCGTTAACCTAGT-1,0.024556,0.000026,0.045898,0.005847,0.033875,0.253605,0.035786,0.017855,0.02322,0.512875,0.046459
ACATGCTTACGGCAGC-1,0.912688,0.000078,0.000078,0.000078,0.000078,0.000078,0.000078,0.000078,0.000078,0.000078,0.086611
ACATGGCGCCAAAGTA-1,0.025761,0.000015,0.00113,0.058098,0.009544,0.164536,0.180197,0.101052,0.152083,0.229383,0.078201
ACATTAGTTTATATCC-1,0.000018,0.000018,0.000018,0.405633,0.000018,0.091088,0.501239,0.00191,0.00002,0.000018,0.000018
ACATTCGCGCGGAATA-1,0.598603,0.047327,0.000023,0.1444,0.003187,0.000023,0.113773,0.05343,0.037489,0.000205,0.001539
ACATTTGAAACCTAAC-1,0.422441,0.044014,0.001894,0.000031,0.531435,0.000031,0.000031,0.000031,0.000031,0.000031,0.000031
ACCAAACACCCAGCGA-1,0.000014,0.000014,0.001591,0.001255,0.000099,0.064332,0.18261,0.235205,0.293083,0.17299,0.048805
ACCAACACCACACACT-1,0.000021,0.000021,0.015139,0.019204,0.023149,0.133618,0.068397,0.127443,0.226267,0.292583,0.094156
ACCAACCGCACTCCAC-1,0.000013,0.000013,0.011082,0.274437,0.000013,0.004654,0.057988,0.326693,0.27341,0.031842,0.019854
ACCAACGCTTATTTAT-1,0.028482,0.008224,0.104538,0.226534,0.014657,0.217474,0.176266,0.052025,0.025056,0.132277,0.014467
ACCAAGAACGCGTGTC-1,0.232731,0.044688,0.000037,0.155859,0.119236,0.300049,0.147254,0.000037,0.000037,0.000037,0.000037
ACCAAGTCATCGGCAG-1,0.00003,0.00003,0.161375,0.00003,0.430563,0.003225,0.00003,0.004737,0.157935,0.155636,0.08641
ACCAATATGCAAGTTA-1,0.015904,0.000016,0.23622,0.027081,0.005219,0.198273,0.018865,0.016125,0.018241,0.42205,0.042006
ACCACAACTCAGAACA-1,0.003567,0.005114,0.001036,0.053308,0.209507,0.034713,0.207467,0.143555,0.11024,0.199056,0.032437
ACCACAAGTTTCTATC-1,0.811351,0.000054,0.027981,0.000054,0.033225,0.024808,0.016688,0.003543,0.014998,0.065893,0.001404
ACCACACGGTTGATGG-1,0.734764,0.005806,0.000027,0.000027,0.082741,0.001049,0.013468,0.018095,0.005554,0.034241,0.104229
ACCACCAATGTAACAA-1,0.034239,0.000011,0.000011,0.047453,0.000011,0.118013,0.606359,0.099042,0.038191,0.02227,0.034403
ACCACCCTCTCTTCTA-1,0.000021,0.000021,0.012978,0.027222,0.003857,0.027854,0.069939,0.342457,0.053168,0.325091,0.137393
ACCACGTGCAGCTATA-1,0.041388,0.000142,0.033839,0.070858,0.043972,0.294951,0.220601,0.052586,0.062862,0.026643,0.152159
ACCACTGTTCAAGAAG-1,0.696959,0.302511,0.000059,0.000059,0.000059,0.000059,0.000059,0.000059,0.000059,0.000059,0.000059
ACCAGACCATAACAAC-1,0.618152,0.278342,0.061946,0.032656,0.000035,0.008692,0.000035,0.000035,0.000035,0.000035,0.000035
ACCAGTGCCCGGTCAA-1,0.02696,0.000013,0.000013,0.003409,0.065558,0.126334,0.376979,0.102163,0.017992,0.09401,0.186567
ACCAGTGCGGGAGACG-1,0.040227,0.000033,0.174445,0.000033,0.389599,0.074129,0.000033,0.000033,0.000033,0.317524,0.003914
ACCATATCCGCAATAA-1,0.599602,0.020086,0.000046,0.071407,0.008079,0.231508,0.030285,0.000046,0.000046,0.03885,0.000046
