Barcode,Topic 1to2,Topic 3to4,Topic 5to10
AAACAACGAATAGTTC-1,0.77678,0.14559,0.077629
AAACAAGTATCTCCCA-1,0.000017,0.005288,0.994695
AAACAATCTACTAGCA-1,0.196061,0.413096,0.390843
AAACACCAATAACTGC-1,0.036052,0.005609,0.958339
AAACAGAGCGACTCCT-1,0.162779,0.435964,0.401257
AAACAGCTTTCAGAAG-1,0.757309,0.211499,0.031192
AAACAGGGTCTATATT-1,0.021958,0.000038,0.978005
AAACAGTGTTCCTGGG-1,0.270939,0.093089,0.635972
AAACATTTCCCGGATT-1,0.000048,0.017671,0.982281
AAACCACTACACAGAT-1,0.001167,0.002271,0.996563
AAACCCGAACGAAATC-1,0.002507,0.085857,0.911636
AAACCGGAAATGTTAA-1,0.010058,0.039378,0.950564
AAACCGGGTAGGTACC-1,0.004599,0.113614,0.881788
AAACCGTTCGTCCAGG-1,0.050832,0.074238,0.874931
AAACCTAAGCAGCCGG-1,0.715823,0.059331,0.224846
AAACCTCATGAAGTTG-1,0.415588,0.459308,0.125104
AAACGAAGAACATACC-1,0.049949,0.372729,0.577323
AAACGACAGTCTTGCC-1,0.011122,0.00029,0.988587
AAACGAGACGGTTGAT-1,0.000049,0.158051,0.841899
AAACGCCCGAGATCGG-1,0.001688,0.079937,0.918375
AAACGCTGGGCACGAC-1,0.115184,0.000186,0.88463
AAACGGGCGTACGGGT-1,0.766519,0.002979,0.230501
AAACGGGTTGGTATCC-1,0.823327,0.011883,0.16479
AAACGGTTGCGAACTG-1,0.737465,0.067143,0.195392
AAACGTGTTCGCCCTA-1,0.01596,0.143875,0.840165
AAACTAACGTGGCGAC-1,0.027708,0.157151,0.815141
AAACTCGGTTCGCAAT-1,0.834174,0.040039,0.125787
AAACTCGTGATATAAG-1,0.055461,0.212231,0.732308
AAACTGCTGGCTCCAA-1,0.000032,0.013944,0.986024
AAACTTGCAAACGTAT-1,0.071087,0.209393,0.71952
AAAGAATGTGGACTAA-1,0.863852,0.086559,0.049589
AAAGACATGAAGTTTA-1,0.001228,0.099862,0.89891
AAAGACCCAAGTCGCG-1,0.495105,0.487103,0.017792
AAAGACTGGGCGCTTT-1,0.841114,0.157412,0.001475
AAAGCTTGCCTACATA-1,0.036206,0.023758,0.940036
AAAGGCTACGGACCAT-1,0.024065,0.19295,0.782985
AAAGGCTCTCGCGCCG-1,0.000084,0.192663,0.807253
AAAGGGATGTAGCAAG-1,0.309314,0.690074,0.000612
AAAGGGCAGCTTGAAT-1,0.870602,0.113017,0.016381
AAAGGTAAGCTGTACC-1,0.021392,0.399783,0.578825
AAAGGTCAACGACATG-1,0.023131,0.004682,0.972187
AAAGTAGCATTGCTCA-1,0.051565,0.114109,0.834325
AAAGTCACTGATGTAA-1,0.661524,0.260591,0.077885
AAAGTCGACCCTCAGT-1,0.81574,0.180652,0.003607
AAAGTGCCATCAATTA-1,0.018506,0.055936,0.925559
AAAGTGTGATTTATCT-1,0.00005,0.062662,0.937288
AAAGTTGACTCCCGTA-1,0.000019,0.017594,0.982387
AAATAACCATACGGGA-1,0.195454,0.562693,0.241853
AAATAAGGTAGTGCCC-1,0.011988,0.107051,0.880961
AAATACCTATAAGCAT-1,0.000017,0.028481,0.971502
AAATAGCTTAGACTTT-1,0.016081,0.250249,0.733671
AAATAGGGTGCTATTG-1,0.000044,0.014179,0.985777
AAATCACTCCTAAACG-1,0.000017,0.002846,0.997137
AAATCCGATACACGCC-1,0.654919,0.056399,0.288682
AAATCGTGTACCACAA-1,0.000045,0.007046,0.992909
AAATCTAGCCCTGCTA-1,0.00003,0.00003,0.99994
AAATGATTCGATCAGC-1,0.006445,0.3624,0.631155
AAATGCTCGTTACGTT-1,0.998896,0.000276,0.000828
AAATGGCATGTCTTGT-1,0.052891,0.594405,0.352704
AAATGGCCCGTGCCCT-1,0.034041,0.0001,0.965859
AAATGGTCAATGTGCC-1,0.006121,0.324407,0.669472
AAATGTATCTTATCCC-1,0.93481,0.000093,0.065097
AAATGTGGGTGCTCCT-1,0.729662,0.144085,0.126253
AAATTAACGGGTAGCT-1,0.005431,0.118949,0.87562
AAATTAATAAGCGCGA-1,0.906439,0.045055,0.048505
AAATTACACGACTCTG-1,0.224641,0.619053,0.156305
AAATTACCTATCGATG-1,0.106251,0.79813,0.095619
AAATTCCAGGTCCAAA-1,0.000021,0.045401,0.954579
AAATTGATAGTCCTTT-1,0.000034,0.000034,0.999931
AAATTGCGGCGGTTCT-1,0.850589,0.01527,0.134141
AAATTGGTGAGAAGCA-1,0.025483,0.109199,0.865318
AAATTTACCGAAATCC-1,0.056861,0.437536,0.505603
AAATTTGCGGGTGTGG-1,0.031658,0.055327,0.913015
AACAACTGGTAGTTGC-1,0.689338,0.301604,0.009058
AACAATACATTGTCGA-1,0.000011,0.000011,0.999979
AACAATTACTCTACGC-1,0.713809,0.234971,0.05122
AACACACGCTCGCCGC-1,0.014668,0.053743,0.931589
AACACGACTGTACTGA-1,0.02919,0.44333,0.52748
AACACGAGACGCGGCC-1,0.056141,0.00007,0.943789
AACACGCGGCCGCGAA-1,0.663405,0.246807,0.089789
AACAGCTGTGTGGCAA-1,0.000036,0.001292,0.998672
AACAGGAAATCGAATA-1,0.084535,0.453293,0.462172
AACAGGATGGGCCGCG-1,0.999293,0.000177,0.00053
AACAGGTAGTATGGAT-1,0.000028,0.02091,0.979062
AACATATCAACTGGTG-1,0.010606,0.388901,0.600494
AACATCGATACGTCTA-1,0.029811,0.243893,0.726295
AACATTGGTCAGCCGT-1,0.795846,0.067019,0.137136
AACATTGTGACTCGAG-1,0.640806,0.300235,0.058959
AACCAAGACTTCTCTG-1,0.599743,0.399853,0.000404
AACCAGTATCACTCTT-1,0.031942,0.281186,0.686873
AACCATGGGATCGCTA-1,0.88761,0.045801,0.066589
AACCCAGAGACGGAGA-1,0.491774,0.416587,0.091639
AACCCATCCCATGATC-1,0.061907,0.000437,0.937656
AACCCGACAACCCGTG-1,0.938078,0.000085,0.061838
AACCCGAGCAGAATCG-1,0.000033,0.000205,0.999761
AACCCGATAGGGCTTC-1,0.008287,0.025557,0.966156
AACCCTACTGTCAATA-1,0.043243,0.029046,0.927711
AACCCTGGTGGAACCA-1,0.397651,0.494241,0.108108
AACCGAGCTTGGTCAT-1,0.14677,0.625012,0.228218
AACCGCTAAGGGATGC-1,0.000035,0.039545,0.96042
AACCGTTGTGTTTGCT-1,0.050802,0.490997,0.458201
AACCTAAAGCCGTCCG-1,0.000032,0.14003,0.859938
AACCTCGCTTTAGCCC-1,0.18867,0.235262,0.576068
AACCTGTCACGGAATT-1,0.064602,0.112842,0.822556
AACCTTTAAATACGGT-1,0.000046,0.008695,0.991259
AACCTTTACGACGTCT-1,0.102504,0.568343,0.329153
AACGACCTCCTAGCCG-1,0.646405,0.000402,0.353194
AACGATAATGCCGTAG-1,0.000038,0.066205,0.933756
AACGATAGAAGGGCCG-1,0.685915,0.313517,0.000568
AACGATATGTCAACTG-1,0.177495,0.654125,0.16838
AACGCATGATCTGGGT-1,0.164799,0.717825,0.117376
AACGCGAACGGCAACA-1,0.694042,0.305531,0.000427
AACGCGACCTTGGGCG-1,0.97815,0.000077,0.021773
AACGCGGTCTCCAGCC-1,0.516562,0.389376,0.094062
AACGCTGTTGCTGAAA-1,0.000031,0.007232,0.992737
AACGGACGTACGTATA-1,0.027016,0.045906,0.927078
AACGGCCATCTCCGGT-1,0.00005,0.021708,0.978242
AACGTACTGTGGGTAC-1,0.002929,0.147619,0.849452
AACGTAGTCTACCCAT-1,0.634706,0.182092,0.183203
AACGTCAGACTAGTGG-1,0.870286,0.129069,0.000645
AACGTCGCTGCACTTC-1,0.999546,0.000114,0.000341
AACGTGATGAAGGACA-1,0.00705,0.440315,0.552635
AACGTGCGAAAGTCTC-1,0.036366,0.033883,0.929751
AACGTTATCAGCACCT-1,0.985005,0.000142,0.014852
AACTACCCGTTTGTCA-1,0.000018,0.013252,0.986729
AACTAGCGTATCGCAC-1,0.644159,0.355352,0.00049
AACTAGGCTTGGGTGT-1,0.038184,0.018986,0.94283
AACTCAAGTTAATTGC-1,0.002045,0.206721,0.791234
AACTCCAGAGCGTGTT-1,0.000063,0.087505,0.912432
AACTCCTAATCCCATG-1,0.119648,0.545302,0.335051
AACTCGATAAACACGT-1,0.801021,0.014828,0.184151
AACTCGATGGCGCAGT-1,0.6865,0.28616,0.02734
AACTCTCAATAGAGCG-1,0.026921,0.287252,0.685826
AACTCTCAGTGTGCTC-1,0.139032,0.318212,0.542755
AACTGAGGTCAGCGTC-1,0.000058,0.178051,0.821891
AACTGAGTTATACTGA-1,0.019769,0.046233,0.933998
AACTGATATTAGGCCT-1,0.069997,0.492566,0.437437
AACTGGGTCCCGACGT-1,0.566747,0.432872,0.000381
AACTGGGTTCGAGCCG-1,0.017659,0.281809,0.700532
AACTGGTGTGGGCCTT-1,0.457535,0.54141,0.001055
AACTTCTGCGTCTATC-1,0.99866,0.000335,0.001005
AACTTGCCCGTATGCA-1,0.727726,0.212882,0.059392
AACTTGCGTTCTCGCG-1,0.954883,0.04455,0.000567
AACTTTACGGGAGCTT-1,0.608168,0.000088,0.391745
AACTTTAGCTGCTGAG-1,0.572778,0.425814,0.001408
AACTTTCTCGATCATG-1,0.01472,0.003755,0.981525
AAGAAATCACCAGATT-1,0.03155,0.004149,0.964301
AAGAAGGATCAGTTAG-1,0.891333,0.108148,0.000519
AAGACATACGTGGTTT-1,0.126778,0.056397,0.816825
AAGACCCAACTGAACA-1,0.159971,0.128856,0.711172
AAGACTAACCCGTTGT-1,0.782904,0.105098,0.111998
AAGACTCACGCCCACT-1,0.021401,0.152987,0.825612
AAGACTGCAAGCTACT-1,0.009416,0.057979,0.932605
AAGAGATGAATCGGTA-1,0.617707,0.3222,0.060093
AAGAGCTCTTTATCGG-1,0.000046,0.132372,0.867582
AAGAGGATGTACGCGA-1,0.073216,0.149295,0.777489
AAGAGGCATGGATCGC-1,0.000039,0.150518,0.849443
AAGAGGCCCTTTGGAA-1,0.000046,0.002431,0.997524
AAGATGGCACCGGACC-1,0.000618,0.128372,0.87101
AAGATTGGCGGAACGT-1,0.154471,0.515528,0.330001
AAGCACCCTGCGTATC-1,0.000081,0.191902,0.808018
AAGCATACTCTCCTGA-1,0.011837,0.009816,0.978347
AAGCCGAAGCGGTTTA-1,0.000019,0.000368,0.999613
AAGCCGCTTTACCTTG-1,0.018449,0.006321,0.975229
AAGCCGGAGAGCAGGA-1,0.006756,0.048088,0.945156
AAGCGCAGGGCTTTGA-1,0.704808,0.057923,0.237269
AAGCGGAGTGCGCGCA-1,0.009745,0.010743,0.979512
AAGCGGCGTCATGGGT-1,0.000053,0.344292,0.655655
AAGCGTCCCTCATCGA-1,0.000049,0.063988,0.935963
AAGCTAGATCGAGTAA-1,0.000027,0.000027,0.999946
AAGCTCGTGCCAAGTC-1,0.000034,0.029279,0.970687
AAGCTCTTTCATGGTG-1,0.000022,0.000022,0.999956
AAGGAGAACTTATAAG-1,0.64079,0.300967,0.058244
AAGGAGCGGTTGGTGC-1,0.569764,0.429586,0.00065
AAGGATCGATCGCTTG-1,0.014259,0.134474,0.851267
AAGGATGAGGGACCTC-1,0.037292,0.597169,0.365539
AAGGCAGGCTGTCTCC-1,0.008418,0.116657,0.874924
AAGGCGCGTAAAGCTT-1,0.633003,0.366605,0.000392
AAGGCTGTGCTCATCG-1,0.582831,0.416352,0.000817
AAGGGAACGACTGGCT-1,0.146255,0.051486,0.802259
AAGGGACAGATTCTGT-1,0.172352,0.572799,0.254849
AAGGGACTATGCATTC-1,0.008253,0.000024,0.991723
AAGGTATCCTAATATA-1,0.474918,0.52472,0.000362
AAGGTGATAAACCAGC-1,0.000021,0.015896,0.984084
AAGTAAGCTTCCAAAC-1,0.516635,0.257701,0.225664
AAGTAGAAGACCGGGT-1,0.065123,0.762961,0.171916
AAGTAGTGACGCGAGG-1,0.568422,0.390857,0.040721
AAGTCAATTGTCGTCA-1,0.000019,0.003075,0.996906
AAGTCTAGTAGCTGCC-1,0.064621,0.011595,0.923785
AAGTCTTCTGTGGCCT-1,0.977769,0.000114,0.022117
AAGTGACGACCGAATT-1,0.0321,0.120021,0.847879
AAGTGAGTCGGGTTTA-1,0.056563,0.181212,0.762225
AAGTGCAAAGGTAGAC-1,0.999806,0.000048,0.000145
AAGTGCCTTGACTGTA-1,0.000045,0.017369,0.982586
AAGTGCGTTAGAATCT-1,0.000091,0.003192,0.996717
AAGTGCTTCTCTATTG-1,0.924395,0.072849,0.002756
AAGTGTTTGGAGACGG-1,0.000056,0.055033,0.94491
AAGTTCACTCCAAGCT-1,0.000028,0.000028,0.999944
AAGTTCAGTCTGCGTA-1,0.051211,0.56346,0.385329
AAGTTCGGCCAACAGG-1,0.000762,0.116567,0.882671
AAGTTGTGATGTTATA-1,0.068066,0.070984,0.86095
AAGTTTACTAATGGCA-1,0.031898,0.622318,0.345783
AAGTTTATGGGCCCAA-1,0.815709,0.000158,0.184133
AATAACAACGCTCGGC-1,0.140906,0.189196,0.669897
AATAACACTAGAACAA-1,0.051999,0.153338,0.794663
AATAAGTCCTCGAGAC-1,0.324944,0.503736,0.171319
AATAATCTTCGTATCG-1,0.000019,0.000703,0.999278
AATACAATGTTTCAGG-1,0.994487,0.005075,0.000439
AATACCGGAGGGCTGT-1,0.944979,0.054743,0.000278
AATACCTGATGTGAAC-1,0.202267,0.144518,0.653216
AATAGAACAGAGTGGC-1,0.019839,0.297735,0.682426
AATAGAATCTGTTTCA-1,0.000046,0.042094,0.95786
AATAGCAAGCCTCCTG-1,0.089842,0.095213,0.814946
AATAGCTACCGCGTGC-1,0.014878,0.507606,0.477516
AATAGTCCGTCCCGAC-1,0.040633,0.199562,0.759806
AATAGTCGCGAGTCGG-1,0.973348,0.000116,0.026536
AATATCAAGGTCGGAT-1,0.61355,0.356398,0.030053
AATATCCTAGCAAACT-1,0.999707,0.000073,0.00022
AATATCGAATCAATGC-1,0.000032,0.070525,0.929443
AATATCGAGGGTTCTC-1,0.172381,0.587499,0.24012
AATATTGGAGTATTGA-1,0.809128,0.164007,0.026865
AATCAGACTGCAGGAC-1,0.806272,0.193088,0.000641
AATCAGGTTTCATTTA-1,0.99957,0.000108,0.000323
AATCATGTAAAGACTC-1,0.00004,0.003008,0.996952
AATCCAAGGGCCTGAG-1,0.599469,0.399781,0.00075
AATCCATGCAAGGGTG-1,0.874165,0.033767,0.092069
AATCGCCTCAGCGCCA-1,0.004859,0.028683,0.966458
AATCGCGCAGAGGACT-1,0.016117,0.157263,0.826619
AATCGGGACACTACGA-1,0.473809,0.429081,0.09711
AATCGGTATAGCCCTC-1,0.876662,0.09224,0.031098
AATCGTGAGCCGAGCA-1,0.541835,0.063379,0.394787
AATCTAGGTTTACTTG-1,0.024257,0.000092,0.975651
AATCTATGCCGGAGCC-1,0.018424,0.197686,0.78389
AATCTCTACTGTGGTT-1,0.963553,0.013218,0.023229
AATCTGCGTTGGGACG-1,0.069546,0.404207,0.526247
AATCTGGCTTTCTAGT-1,0.029208,0.000057,0.970735
AATCTGGGTAGACCCT-1,0.022995,0.09712,0.879885
AATGACAGCAATGTCT-1,0.038578,0.000152,0.961269
AATGACGTAGGATGTC-1,0.000061,0.154302,0.845637
AATGACTGTCAGCCGG-1,0.207007,0.618662,0.174331
AATGAGTTCGCATATG-1,0.861422,0.094866,0.043712
AATGATGATACGCTAT-1,0.19031,0.792479,0.01721
AATGATGCGACTCCTG-1,0.143361,0.658032,0.198607
AATGCAACCGGGTACC-1,0.61098,0.388455,0.000565
AATGCACCAAGCAATG-1,0.095908,0.722975,0.181117
AATGGCCGCCAATGCG-1,0.017245,0.035689,0.947066
AATGGTCCACCGTTCA-1,0.856976,0.142588,0.000436
AATGGTTCTCACAAGC-1,0.829455,0.169683,0.000861
AATGTGCCCGAGGTGT-1,0.000032,0.000032,0.999936
AATGTGCTAATCTGAG-1,0.899904,0.095568,0.004528
AATGTTGTCGTGAGAC-1,0.649818,0.013393,0.336789
AATTAAAGGTCGGCGT-1,0.005493,0.055036,0.939471
AATTAACGGATTTCCA-1,0.000093,0.263183,0.736725
AATTACTCGTACGCTC-1,0.917451,0.013019,0.069529
AATTAGCGCTGCAGCG-1,0.000041,0.000041,0.999917
AATTCATAAGGGATCT-1,0.214796,0.784847,0.000356
AATTCCAACTTGGTGA-1,0.718586,0.08426,0.197154
AATTCCAAGCATGTAC-1,0.752428,0.075063,0.172509
AATTCGATTCGAGGAT-1,0.672339,0.069435,0.258226
AATTCTAGAGTTAGGC-1,0.000066,0.002836,0.997098
AATTGAACGCTCTGGT-1,0.000037,0.033874,0.966088
AATTGCAGCAATCGAC-1,0.050192,0.15207,0.797737
AATTGTGGTTGCCAAA-1,0.015799,0.011251,0.972949
AATTTGGGACATAGTA-1,0.106551,0.544356,0.349093
AATTTGGTTCCAAAGA-1,0.031748,0.445137,0.523116
ACAAACCGACAAGGCG-1,0.005221,0.312165,0.682614
ACAAAGAAGGTAGGCC-1,0.918814,0.069413,0.011773
ACAAAGCATGACCTAG-1,0.059511,0.040926,0.899563
ACAAATCGCACCGAAT-1,0.000033,0.002426,0.997541
ACAAATGGTAGTGTTT-1,0.000024,0.00007,0.999906
ACAAATTCAGATCTGA-1,0.000044,0.216429,0.783527
ACAACAGCATGAGCTA-1,0.041376,0.16537,0.793253
ACAACGGTCCCTGCGA-1,0.824909,0.174471,0.000619
ACAAGCAGTGCCTAGC-1,0.914213,0.085325,0.000462
ACAAGCTATATGGAAG-1,0.947073,0.008229,0.044698
ACAAGGAAATCCGCCC-1,0.000051,0.023966,0.975982
ACAAGGACAAGAGGTT-1,0.626929,0.372592,0.000479
ACAAGGATGCTTTAGG-1,0.000082,0.23157,0.768348
ACAAGGCCTACCAGCC-1,0.00932,0.176395,0.814285
ACAAGGGCAGGCTCTG-1,0.000052,0.063646,0.936302
ACAATAGTCGTACGTT-1,0.028613,0.046787,0.9246
ACAATCCATTTAAACC-1,0.051572,0.448646,0.499783
ACAATCGATCTTTATA-1,0.004049,0.585573,0.410379
ACAATGAATACGGAGA-1,0.015181,0.033353,0.951466
ACAATGATTCTTCTAC-1,0.038572,0.07557,0.885857
ACAATTGTGTCTCTTT-1,0.00705,0.0112,0.98175
ACAATTTAGGAGGCTC-1,0.999567,0.000108,0.000325
ACAATTTGAGCAGTGG-1,0.212032,0.472105,0.315863
ACAATTTGGCCATATT-1,0.031561,0.053913,0.914526
ACACAAAGACGGGTGG-1,0.628324,0.371199,0.000477
ACACAAATATTCCTAG-1,0.036345,0.076975,0.886681
ACACACCAGGACCAGT-1,0.000039,0.060103,0.939858
ACACACTTTCTACACG-1,0.081644,0.503935,0.414421
ACACATGATCAAATCT-1,0.114504,0.016163,0.869332
ACACATTGACGCAACA-1,0.820878,0.022898,0.156225
ACACATTTCCGTAGAC-1,0.999525,0.000354,0.000121
ACACCACATAATTAGC-1,0.011106,0.118472,0.870421
ACACCCAGCATGCAGC-1,0.608129,0.391182,0.000689
ACACCCGAGAAATCCG-1,0.90541,0.093817,0.000773
ACACCCGTAAATCTGT-1,0.023262,0.052209,0.924529
ACACCGAGCGCTCTTT-1,0.954585,0.045028,0.000387
ACACCTTAAGTAGGGC-1,0.58564,0.408475,0.005885
ACACCTTACTACTTGC-1,0.034473,0.145765,0.819762
ACACGAGACTCCTTCT-1,0.043214,0.306725,0.65006
ACACGGCACTATGCAT-1,0.622592,0.321286,0.056123
ACACGGGAACTTAGGG-1,0.124541,0.657751,0.217708
ACACGTAGGCCACAAG-1,0.000048,0.003326,0.996626
ACACTCCAATGTCACT-1,0.948803,0.050595,0.000603
ACACTGATCAAGGTGT-1,0.000077,0.245933,0.75399
ACACTGGGACAGTCGT-1,0.000035,0.000035,0.999929
ACAGAACTGAGAACAA-1,0.04919,0.050027,0.900783
ACAGATTAGGTTAGTG-1,0.369544,0.62957,0.000887
ACAGCATAGAGCCAGT-1,0.654124,0.345085,0.000791
ACAGCGACATTCTCAT-1,0.000055,0.017926,0.98202
ACAGGCACGGATCCTT-1,0.78466,0.007664,0.207676
ACAGGCTTGCCCGACT-1,0.000037,0.005092,0.994871
ACAGGTGGAGGTGAGG-1,0.071113,0.12315,0.805737
ACAGGTGTGTTGTTGC-1,0.99963,0.000092,0.000277
ACAGTAATACAACTTG-1,0.037202,0.032108,0.93069
ACAGTATACCGTGGGA-1,0.005647,0.221041,0.773312
ACAGTGCAGCGCATTT-1,0.00002,0.00002,0.99996
ACATAATAAGGCGGTG-1,0.70324,0.296131,0.000629
ACATCAGCTGGGACGC-1,0.999454,0.000137,0.00041
ACATCCCGGCCATACG-1,0.000077,0.283524,0.7164
ACATCCTGGTAACTGT-1,0.014497,0.006261,0.979242
ACATCGATCGTTTACC-1,0.006575,0.008749,0.984675
ACATCGGTCAGCCGCG-1,0.008284,0.093347,0.898368
ACATCGTATGCAATGG-1,0.000021,0.000021,0.999958
ACATCGTTAACCTAGT-1,0.176337,0.525493,0.29817
ACATGGCGCCAAAGTA-1,0.031675,0.168587,0.799737
ACATGGCTCAATTTAG-1,0.921151,0.041013,0.037836
ACATTAGTTTATATCC-1,0.000073,0.000369,0.999558
ACATTTGAAACCTAAC-1,0.926992,0.001872,0.071136
ACCAAACACCCAGCGA-1,0.037175,0.268868,0.693957
ACCAAACTAGAAATCC-1,0.000071,0.4576,0.542329
ACCAACACCACACACT-1,0.060463,0.431054,0.508483
ACCAACCGCACTCCAC-1,0.271991,0.092805,0.635204
ACCAACGCTTATTTAT-1,0.005668,0.296237,0.698095
ACCAAGAACGCGTGTC-1,0.744446,0.186201,0.069353
ACCAAGTCATCGGCAG-1,0.691843,0.224222,0.083935
ACCAATATGCAAGTTA-1,0.000031,0.006759,0.99321
ACCACAACTCAGAACA-1,0.103931,0.478192,0.417877
ACCACAAGTTTCTATC-1,0.25502,0.533747,0.211232
ACCACCAATGTAACAA-1,0.000531,0.167383,0.832086
ACCACCCTCTCTTCTA-1,0.000026,0.013214,0.98676
ACCACGTGCAGCTATA-1,0.000044,0.091495,0.90846
ACCACTGTTCAAGAAG-1,0.691396,0.000036,0.308568
ACCAGACCATAACAAC-1,0.755715,0.190442,0.053843
ACCAGCCCGGTCTTTG-1,0.043398,0.401397,0.555205
ACCAGGAGTGTGATCT-1,0.468121,0.521255,0.010625
ACCAGTGCCCGGTCAA-1,0.038561,0.345462,0.615977
ACCAGTGCGGGAGACG-1,0.00002,0.000225,0.999755
ACCATATCCGCAATAA-1,0.05082,0.112188,0.836992
ACCATCCGCCAACTAG-1,0.165161,0.116068,0.718771
ACCATCGTATATGGTA-1,0.000133,0.086263,0.913604
ACCATTAAGGGTGTCA-1,0.827228,0.000086,0.172687
ACCCAACGCCCGTGGC-1,0.07829,0.480222,0.441488
ACCCACCTACATGCTC-1,0.744074,0.255534,0.000392
ACCCATCTTGAGGGTA-1,0.000043,0.048965,0.950992
ACCCATTTGTCCCTCT-1,0.000047,0.014665,0.985288
ACCCGAGCGAAATTAC-1,0.045461,0.043858,0.910681
ACCCGATTGGTTCCGA-1,0.983009,0.002426,0.014565
ACCCGGAAACTCCCAG-1,0.000061,0.012289,0.98765
ACCCGGAGCACCACAA-1,0.014552,0.025845,0.959602
ACCCGGATGACGCATC-1,0.00135,0.231196,0.767454
ACCCGGTTACACTTCC-1,0.000036,0.004278,0.995687
ACCCGTAGTCTAGTTG-1,0.053973,0.027266,0.918761
ACCCGTGTCATCAGTA-1,0.047126,0.309795,0.643078
ACCCTATAGGACTGAG-1,0.793324,0.169942,0.036734
ACCCTATGCCATATCG-1,0.000025,0.000025,0.999949
ACCCTCCCGTCAGGGC-1,0.550372,0.05631,0.393318
ACCCTCCCTTGCTATT-1,0.000036,0.004242,0.995722
ACCCTGGTAACGCCCT-1,0.000035,0.133081,0.866884
ACCCTTCATCTGCGAA-1,0.117768,0.399975,0.482258
ACCCTTGCCTGGGTCG-1,0.019306,0.019705,0.960988
ACCGAAAGGGCCCTGC-1,0.557096,0.439077,0.003827
ACCGACACATCTCCCA-1,0.420684,0.163161,0.416154
ACCGACTGAGTCCCAC-1,0.431806,0.522851,0.045342
ACCGAGTCTCCTTATT-1,0.8115,0.000102,0.188398
ACCGATAGGCATAACC-1,0.000022,0.000022,0.999955
ACCGATATTTAATCAT-1,0.000027,0.000027,0.999946
ACCGATGGTAGCATCG-1,0.000037,0.199092,0.800871
ACCGCAATAACTGCCT-1,0.000043,0.071333,0.928624
ACCGCGGTGGAAGTCG-1,0.00006,0.076698,0.923242
ACCGGGCCTTTGTTGA-1,0.000035,0.045997,0.953967
ACCGGTCAGGTACACC-1,0.009,0.000013,0.990987
ACCGGTCTGAGTACGG-1,0.000031,0.144242,0.855727
ACCGTGACCACGTGGG-1,0.020912,0.053273,0.925815
ACCGTTCCCGCTCTGA-1,0.000091,0.544888,0.455021
ACCTAAGTACCTTTCA-1,0.069596,0.112666,0.817739
ACCTAATCGACTTCCT-1,0.685681,0.313659,0.00066
ACCTACAGTATGTGGT-1,0.032705,0.092944,0.874351
ACCTACTATAAATCTA-1,0.764776,0.007708,0.227516
ACCTCCGCCCTCGCTG-1,0.000034,0.026634,0.973332
ACCTCCGTTATTCACC-1,0.053656,0.115305,0.831039
ACCTGCGTGTCATGTT-1,0.019332,0.000104,0.980564
ACGAAATGGGCGGCAC-1,0.85214,0.019809,0.128052
ACGACCCATGAGTTGC-1,0.027622,0.053132,0.919245
ACGACTCTAGGGCCGA-1,0.838256,0.057768,0.103976
ACGACTGGTCATACTC-1,0.034679,0.000049,0.965272
ACGAGAACCCATCACG-1,0.729881,0.235238,0.034881
ACGAGGATACCACTCT-1,0.054888,0.004603,0.940509
ACGAGGTTTACAACGT-1,0.051072,0.020838,0.92809
ACGAGTACGGATGCCC-1,0.076264,0.534336,0.3894
ACGAGTCGCCGGCGTT-1,0.556609,0.000717,0.442674
ACGATACATAGAACTA-1,0.393774,0.605911,0.000315
ACGATACCTATCCTGA-1,0.952501,0.047296,0.000203
ACGATCATACATAGAG-1,0.505834,0.493832,0.000334
ACGATCATCTTGTAAA-1,0.035936,0.128568,0.835496
ACGATGCATATGTTAT-1,0.000103,0.217774,0.782123
ACGATGGATCCGATGC-1,0.257081,0.715227,0.027693
ACGCAAACTAATAGAT-1,0.066096,0.164155,0.769749
ACGCAATCACTACAGC-1,0.004448,0.441708,0.553844
ACGCATAAATGACATG-1,0.018079,0.091144,0.890777
ACGCATACGTTTACTA-1,0.000048,0.102062,0.89789
ACGCATTCGTGAGTAC-1,0.000054,0.167196,0.83275
ACGCCAGATGATTTCT-1,0.320707,0.67895,0.000342
ACGCCAGTGCGTTTGC-1,0.935336,0.000127,0.064537
ACGCCGCTAGACGACC-1,0.000055,0.153359,0.846586
ACGCGAAGTCAGACGA-1,0.000075,0.109753,0.890172
ACGCGCTACACAGGGT-1,0.000049,0.052266,0.947686
ACGCGGGCCAAGGACA-1,0.004827,0.265006,0.730166
ACGCGTTTCTTAAGAG-1,0.972992,0.000126,0.026882
ACGCTACTGAATGGGC-1,0.313389,0.079528,0.607083
ACGCTAGTATCAGTGC-1,0.015283,0.036276,0.948441
ACGCTAGTGATACACT-1,0.096569,0.674568,0.228862
ACGCTGTGAGGCGTAG-1,0.91832,0.05311,0.02857
ACGCTTAGTGTCTCTC-1,0.000062,0.293859,0.706078
ACGGAACACGAGTGCC-1,0.999665,0.000084,0.000251
ACGGAATTTAGCAAAT-1,0.946354,0.053079,0.000566
ACGGACTCTCAAAGCG-1,0.085514,0.538034,0.376451
ACGGAGCGCAAATTAC-1,0.02897,0.27451,0.69652
ACGGATGGTGCGGATA-1,0.000026,0.000026,0.999947
ACGGCACTTGCTTGGG-1,0.014449,0.002792,0.982759
ACGGCCAACATGGACT-1,0.021929,0.071176,0.906895
ACGGCGACGATGGGAA-1,0.000025,0.017582,0.982393
ACGGCGGGTTGCCCTG-1,0.968119,0.031478,0.000403
ACGGGAGTGTCGGCCC-1,0.000069,0.000069,0.999862
ACGGGCGTATGCGACA-1,0.013068,0.254026,0.732906
ACGGGTCATGTGACTT-1,0.999397,0.000151,0.000452
ACGGTACAGTTCAATG-1,0.891724,0.010298,0.097979
ACGTACAGATTTCTCT-1,0.059641,0.480699,0.459659
ACGTACTTTGGCACGG-1,0.959944,0.000163,0.039894
ACGTAGATTGCTGATG-1,0.006119,0.09805,0.895831
ACGTAGGAGAGTCGCT-1,0.903098,0.08957,0.007332
ACGTATTACTCCGATC-1,0.008595,0.388828,0.602577
ACGTCCTAAACGAGAT-1,0.023453,0.589014,0.387533
ACGTCTCGTTCCGGGA-1,0.763655,0.00004,0.236306
ACGTGACAAAGTAAGT-1,0.543314,0.000091,0.456594
ACGTGCGCCTCGTGCA-1,0.479106,0.520425,0.000469
ACGTGGTCGAATGTGC-1,0.020929,0.419697,0.559374
ACGTTAATGTCGAAGA-1,0.000067,0.089116,0.910818
ACGTTAGATTTGCCCG-1,0.033305,0.096631,0.870064
ACGTTATTGGTCACTC-1,0.686307,0.000188,0.313505
ACGTTCCGCGCTCCGT-1,0.650296,0.349071,0.000633
ACGTTCGCAATCAATT-1,0.000026,0.090353,0.909621
ACGTTCGTTCAGGAAA-1,0.000051,0.064133,0.935816
ACGTTCTGTACAAGTC-1,0.651576,0.010687,0.337737
ACGTTTAGTTGTGATC-1,0.080153,0.484376,0.43547
ACTAAGGACGCACACC-1,0.028343,0.000048,0.971609
ACTAATACGTCAGGCG-1,0.035587,0.498212,0.466201
ACTACAAAGAGAGGTG-1,0.943911,0.00141,0.054679
ACTACCAGCTCTCTGG-1,0.503243,0.496074,0.000683
ACTACGCGTTAGAATT-1,0.207143,0.489942,0.302915
ACTAGTTGCGATCGTC-1,0.000048,0.06469,0.935262
ACTATATGCTGTGTTC-1,0.077487,0.255065,0.667448
ACTATCCAGGGCATGG-1,0.004755,0.194974,0.800271
ACTATCGCCGGCTAAA-1,0.266305,0.000023,0.733672
ACTATCTGCCCGCGTA-1,0.000032,0.016627,0.983341
ACTATTCGTCCGTGGT-1,0.410408,0.588916,0.000676
ACTATTTCCGGGCCCA-1,0.067686,0.000117,0.932197
ACTCAACGAATGTATT-1,0.688592,0.158238,0.153169
ACTCAAGTGCAAGGCT-1,0.004968,0.13632,0.858712
ACTCAATAAAGGCACG-1,0.224142,0.580116,0.195742
ACTCAGACCTGCTTCT-1,0.552986,0.436303,0.010711
ACTCCAATATCATCAT-1,0.122269,0.000049,0.877682
ACTCCCATTCCTAAAG-1,0.016073,0.000114,0.983813
ACTCCCGAATTCGTTT-1,0.00004,0.392298,0.607662
ACTCCCGTAGACTAGG-1,0.003488,0.00563,0.990882
ACTCCCTAATGCTAAA-1,0.017121,0.078724,0.904156
ACTCCCTAGAATAGTA-1,0.000026,0.000026,0.999947
ACTCCGGCCGACCACT-1,0.769272,0.029629,0.201099
ACTCGATGTATTTCAT-1,0.932774,0.000129,0.067096
ACTCGCCGTTCGATAA-1,0.030587,0.106282,0.863131
ACTCGCGATCTGACGC-1,0.013066,0.062254,0.92468
ACTCGTAACCCGTCCT-1,0.060423,0.000088,0.939489
ACTCGTCAGTAATCCC-1,0.015823,0.134719,0.849458
ACTCTAAACCTGGGAT-1,0.943973,0.000054,0.055974
ACTCTCTGACTTAGGT-1,0.000043,0.100951,0.899005
ACTCTCTTATACACGA-1,0.125372,0.60116,0.273468
ACTCTGACCTAATAGA-1,0.544615,0.075992,0.379394
ACTCTTCAGCTCCCGC-1,0.01211,0.008403,0.979487
ACTCTTGTATAGTAAC-1,0.014594,0.315068,0.670338
ACTGAAACGCCGTTAG-1,0.000029,0.000029,0.999941
ACTGAATGGCGAAAGT-1,0.000032,0.091625,0.908344
ACTGCCCGCCATTCTC-1,0.5116,0.016025,0.472375
ACTGCCGTCGTAACTC-1,0.19382,0.694999,0.111181
ACTGCGGACACACCGT-1,0.033152,0.089301,0.877547
ACTGCTCGGAAGGATG-1,0.042662,0.00876,0.948579
ACTGGCGAACCTGCGT-1,0.043319,0.003546,0.953136
ACTGGGATGCCAGTGC-1,0.723304,0.162339,0.114357
ACTGTACGATACACAT-1,0.070665,0.443403,0.485933
ACTGTAGCACTTTGGA-1,0.71431,0.284825,0.000865
ACTGTATACGCGAGCA-1,0.704892,0.204431,0.090677
ACTGTCCAGGATTATA-1,0.000717,0.280893,0.71839
ACTGTCTTCTTTAGAA-1,0.250457,0.457059,0.292484
ACTGTGCTAGTAGATC-1,0.970126,0.028406,0.001467
ACTGTTTAGTGTAGGC-1,0.378504,0.595913,0.025583
ACTTACCGGGCGCGCA-1,0.112264,0.4604,0.427336
ACTTACGCATCCACGC-1,0.000069,0.066612,0.933319
ACTTAGTACGACAAGA-1,0.821794,0.161865,0.016341
ACTTATACTTACCCGG-1,0.024881,0.187023,0.788096
ACTTATCTGATCTATA-1,0.668121,0.126605,0.205274
ACTTATTAGGATCGGT-1,0.014696,0.12536,0.859943
ACTTATTTATGTGCCA-1,0.000047,0.004307,0.995646
ACTTCAGGCTGATCCC-1,0.000063,0.033604,0.966333
ACTTCCATGCGGGACA-1,0.000114,0.32217,0.677716
ACTTCCTGTCGTGCGA-1,0.01741,0.000098,0.982491
ACTTCGCCATACGCAC-1,0.138474,0.556079,0.305447
ACTTCGCTAGCGAGTG-1,0.011405,0.001715,0.98688
ACTTGACTCCCTCTTT-1,0.000059,0.03897,0.960972
ACTTGCCATATTGTAC-1,0.526104,0.469348,0.004548
ACTTGGGACCCGGTGG-1,0.683,0.316629,0.000371
ACTTGTAGTCCCTTCA-1,0.388287,0.257831,0.353882
ACTTGTGGATGGAACG-1,0.000031,0.100195,0.899774
ACTTTACCCTCATGAA-1,0.000041,0.161767,0.838192
ACTTTCCTATAGCTTC-1,0.512927,0.37974,0.107333
ACTTTGACTGCATCCT-1,0.906623,0.050519,0.042858
ACTTTGTCGACGCACT-1,0.003132,0.00003,0.996839
AGAAATTATGACTCGC-1,0.000018,0.000018,0.999964
AGAACCCAGCGTGACA-1,0.004447,0.060353,0.9352
AGAACGTGGTACATTC-1,0.126561,0.603854,0.269586
AGAACTGTACTTTGTA-1,0.201269,0.12124,0.677491
AGAAGAGCGCCGTTCC-1,0.000603,0.100312,0.899085
AGAAGGTACACTTCAC-1,0.132872,0.000083,0.867045
AGAAGGTTGCCGAATT-1,0.042211,0.008677,0.949112
AGAAGGTTGTAGGTCG-1,0.59904,0.026815,0.374145
AGAAGTGATTCGTGAT-1,0.007453,0.020546,0.972
AGAATAAATCTTCAGG-1,0.980144,0.000068,0.019788
AGAATGCGGGTTCGGA-1,0.000075,0.439436,0.56049
AGAATTATGGATTCGA-1,0.0025,0.458548,0.538952
AGAATTGTTTGACATA-1,0.804895,0.123435,0.07167
AGACAGCTCAGAATCC-1,0.999454,0.000137,0.00041
AGACAGGCATCTCAGC-1,0.016232,0.043847,0.939921
AGACATAGATCCTTCC-1,0.661733,0.337425,0.000842
AGACCAAACCACACCT-1,0.123117,0.024185,0.852698
AGACCATGGGATACAA-1,0.805367,0.194214,0.000419
AGACCCACCGCTGATC-1,0.000048,0.02322,0.976732
AGACCCGCCCTCCTCG-1,0.300865,0.665935,0.033201
AGACCGCTCCGCGGTT-1,0.000018,0.000018,0.999965
AGACCGGGAAACCCTG-1,0.204421,0.122515,0.673065
AGACGAAGTGCCGGTC-1,0.000046,0.007811,0.992143
AGACGACGATGCCGCT-1,0.013732,0.123706,0.862562
AGACGCCCACTTCGCC-1,0.013791,0.005942,0.980267
AGACGGGATTGGTATA-1,0.000063,0.286056,0.713881
AGACGGGCCGATTTAA-1,0.00536,0.513611,0.481028
AGACTAGCCTTCCAGA-1,0.508974,0.487273,0.003753
AGACTGTTACCGGGTC-1,0.097874,0.08524,0.816886
AGAGAAACACCAGAAA-1,0.999645,0.000089,0.000266
AGAGAACCGTCTAGGA-1,0.054073,0.574619,0.371308
AGAGAAGGAGTACAAT-1,0.030568,0.051468,0.917965
AGAGATCTCTAAAGCG-1,0.019779,0.242109,0.738111
AGAGCAGTTATGAGAC-1,0.812093,0.163234,0.024673
AGAGCCGCCGAGATTT-1,0.000038,0.000038,0.999925
AGAGCGCTTGTAACGG-1,0.023665,0.003761,0.972573
AGAGCGGGCTAATCAT-1,0.163357,0.570124,0.266519
AGAGCGTACAAGCTCG-1,0.85231,0.146733,0.000957
AGAGCTACGAAAGCAT-1,0.915147,0.027506,0.057347
AGAGGCTTCGGAAACC-1,0.000044,0.01608,0.983876
AGAGGGACAATTGTCC-1,0.008709,0.011611,0.97968
AGAGGTATCTCGGTCC-1,0.490994,0.508453,0.000553
AGAGTAAACTTCACTA-1,0.000036,0.01095,0.989014
AGAGTATAGTGTTACG-1,0.006957,0.017863,0.97518
AGAGTGAACAGACACC-1,0.021673,0.021839,0.956488
AGAGTTAGAGACCGAT-1,0.000055,0.190703,0.809243
AGAGTTGCAGGCCTCC-1,0.008754,0.011492,0.979753
AGATAACTTCAGGGCC-1,0.064579,0.289024,0.646397
AGATACCAATAGAACC-1,0.03924,0.069446,0.891314
AGATACCAGCACTTCA-1,0.009226,0.235392,0.755382
AGATACCGGTGTTCAC-1,0.000061,0.070892,0.929047
AGATACGACTTCATAT-1,0.779414,0.219115,0.001471
AGATACTCAAGATCGA-1,0.000043,0.064932,0.935025
AGATATAATACGACTA-1,0.71782,0.022976,0.259204
AGATCGTGCATAAGAT-1,0.18849,0.747915,0.063596
AGATCTCAGGTGTGAT-1,0.059499,0.57294,0.367561
AGATGACTCGCCCACG-1,0.624571,0.372188,0.003242
AGATGAGGGTTGCGAT-1,0.077145,0.413569,0.509285
AGATGATGGAGTCTGG-1,0.02346,0.341154,0.635386
AGATGCAAGACGTGCA-1,0.005762,0.013281,0.980957
AGATGCATCCTGTGTC-1,0.737024,0.104826,0.158151
AGATGCTATAACGAGC-1,0.895676,0.000104,0.104219
AGATTATAGGACGTTT-1,0.000062,0.130335,0.869604
AGATTCAAGCGGGTCG-1,0.000033,0.015168,0.984799
AGATTCACAACCGATA-1,0.057481,0.008889,0.933629
AGCAAAGGCCGCTAGT-1,0.00004,0.146538,0.853422
AGCAACATATCTTATT-1,0.000025,0.022764,0.977211
AGCAACCGAAAGTAAT-1,0.052295,0.050057,0.897649
AGCACCAGTACTCACG-1,0.42742,0.571699,0.000881
AGCACTACCGGCCTGT-1,0.52751,0.44541,0.02708
AGCACTACCTCACCAG-1,0.000051,0.036781,0.963168
AGCACTTAAGGACGCC-1,0.703932,0.295607,0.000461
AGCAGAAGGAGAAAGA-1,0.721704,0.06307,0.215226
AGCAGCCAGATGAATA-1,0.04754,0.168289,0.784171
AGCAGTCGAAGCATGC-1,0.306674,0.195036,0.498289
AGCATATCAATATGCT-1,0.000048,0.05197,0.947982
AGCATCATTTCGAAAG-1,0.07573,0.092764,0.831506
AGCATCGTCGATAATT-1,0.399404,0.600075,0.000521
AGCATTACGAGGCAAG-1,0.563063,0.25463,0.182306
AGCCAAGCTTTGTGTC-1,0.858839,0.045439,0.095722
AGCCACAGGTTACCCG-1,0.062969,0.158773,0.778258
AGCCACTCCCGTGCTT-1,0.525963,0.473651,0.000386
AGCCATATAGTATGTG-1,0.99961,0.000097,0.000292
AGCCCATACATGTAAG-1,0.062349,0.089836,0.847815
AGCCCGCAACAAGCAG-1,0.979298,0.020483,0.000219
AGCCCGCACTACAATG-1,0.964649,0.035121,0.00023
AGCCCGGTAGCCTGTA-1,0.045398,0.287955,0.666647
AGCCCTAAGCGAAGTT-1,0.072619,0.522945,0.404436
AGCCCTGTCGCACCGT-1,0.002738,0.090542,0.906719
AGCCCTTCTAATCCGA-1,0.076045,0.511688,0.412267
AGCCCTTGGACATCCC-1,0.000029,0.000029,0.999943
AGCCGCAAATTCAAAT-1,0.96742,0.001987,0.030592
AGCCGCTTGATTAGCG-1,0.621995,0.004975,0.37303
AGCCGTGGCTAAATGT-1,0.026413,0.040092,0.933495
AGCCTAATACCCACGT-1,0.103283,0.000072,0.896645
AGCCTTAAAGCGGAAG-1,0.92521,0.052692,0.022098
AGCGACAGGAACGGTC-1,0.025206,0.203879,0.770916
AGCGACATCCCATTCA-1,0.837462,0.162264,0.000274
AGCGACCAACGATATT-1,0.60382,0.39583,0.00035
AGCGATGCGCCTAATA-1,0.040665,0.057168,0.902168
AGCGCATAATGAATCG-1,0.00013,0.335024,0.664847
AGCGCGGGTGCCAATG-1,0.315161,0.596862,0.087977
AGCGCTAGAGCGATGT-1,0.003624,0.128495,0.867881
AGCGCTTATGGGCAAG-1,0.152159,0.456546,0.391295
AGCGGACACTTCGTAG-1,0.593548,0.185296,0.221155
AGCGGCGGTTAGCGGT-1,0.156105,0.000086,0.843809
AGCGGGAAGGGTCCAT-1,0.906056,0.013374,0.080571
AGCGGGTCTGACACTC-1,0.872159,0.024817,0.103024
AGCGGTTGAGATGTAC-1,0.000056,0.176899,0.823045
AGCGGTTGCCGCTCTG-1,0.018227,0.140614,0.841159
AGCGTACGAGAGCTAG-1,0.969182,0.000394,0.030424
AGCGTAGCGCTAGACC-1,0.41546,0.245097,0.339443
AGCGTCTGAACCCGCA-1,0.618661,0.38059,0.000748
AGCGTGGTATTCTACT-1,0.000052,0.034849,0.965098
AGCGTTCCGATTTAAA-1,0.000032,0.154665,0.845303
AGCTAACAAGCAATGT-1,0.009194,0.013166,0.97764
AGCTAAGTACGCAGGC-1,0.435167,0.074426,0.490407
AGCTAGAAGCAGAAGT-1,0.158271,0.680799,0.16093
AGCTATTTAATCCAAC-1,0.576093,0.423508,0.000398
AGCTCCATATATGTTC-1,0.000049,0.04423,0.955721
AGCTCCTTCGCACATC-1,0.000042,0.020295,0.979663
AGCTCGTTGATGGAAA-1,0.021057,0.017218,0.961725
AGCTCTAGACGTTCCA-1,0.000053,0.143769,0.856178
AGCTCTTCCCAGTGCA-1,0.304789,0.38346,0.311751
AGCTCTTCGTAACCTT-1,0.006691,0.19571,0.797599
AGCTCTTTACTCAGTT-1,0.00008,0.00008,0.99984
AGCTGAAGTAAACCAA-1,0.400741,0.598838,0.000421
AGCTGCATTTGAGGTG-1,0.01129,0.042083,0.946627
AGCTGCTGTGCCGAAT-1,0.006756,0.038366,0.954878
AGCTGTAACCTCAATC-1,0.030719,0.182746,0.786535
AGCTTATAGAGACCTG-1,0.539018,0.460478,0.000504
AGCTTCAATACTTTGA-1,0.000077,0.337857,0.662066
AGCTTCTTCTCGAGCA-1,0.625415,0.123452,0.251133
AGCTTGATCTTAACTT-1,0.019544,0.12658,0.853876
AGGAAAGCCTCTGATG-1,0.949508,0.000138,0.050354
AGGAACGAACGACTTC-1,0.00546,0.004203,0.990337
AGGAAGCTGTCCGCCG-1,0.491004,0.285999,0.222997
AGGACAGTCGAATCCC-1,0.000043,0.06979,0.930167
AGGACATCGCACGTCG-1,0.469428,0.529813,0.000759
AGGACATCGGCACACT-1,0.071059,0.000594,0.928347
AGGACGACCCATTAGA-1,0.002598,0.030904,0.966497
AGGACGCTCGATGTTG-1,0.123831,0.684438,0.191731
AGGACTTATAGGAGAA-1,0.44381,0.003727,0.552463
AGGAGACATCCACAGT-1,0.000017,0.0347,0.965283
AGGAGAGTCTGGCTAC-1,0.014055,0.012475,0.973469
AGGAGGCCTTCGCGCG-1,0.000021,0.000021,0.999958
AGGATAAAGTCGGGAT-1,0.000049,0.03824,0.961711
AGGATATAGGGATTTA-1,0.000055,0.065412,0.934534
AGGATATCCGACTGCA-1,0.871266,0.026365,0.102369
AGGATCACGCGATCTG-1,0.014778,0.000086,0.985136
AGGATTGCTTACGACA-1,0.000022,0.034437,0.965541
AGGCAAAGAGGAATCA-1,0.5134,0.318656,0.167944
AGGCACGTGACTGTCC-1,0.000042,0.063496,0.936463
AGGCAGATGCGTAAAC-1,0.085878,0.724855,0.189267
AGGCAGGGAGCGTACT-1,0.000042,0.053254,0.946704
AGGCATTGTCGTAGGG-1,0.000045,0.000432,0.999523
AGGCCACATTGGTTAC-1,0.036356,0.053076,0.910568
AGGCCACCCGTTATGA-1,0.578325,0.421052,0.000623
AGGCCCAGTGACTGGT-1,0.944726,0.054796,0.000477
AGGCCCATTGTACAGG-1,0.329976,0.669436,0.000587
AGGCCCTAGAACGCCA-1,0.00005,0.00005,0.9999
AGGCCTATCATACCAA-1,0.999727,0.000068,0.000205
AGGCCTGAGAATCTCG-1,0.000099,0.411935,0.587966
AGGCGATAACTGGCGT-1,0.000031,0.000031,0.999939
AGGCGGTTTGTCCCGC-1,0.091482,0.000055,0.908463
AGGCGTCTATGGACGG-1,0.009885,0.323656,0.666458
AGGCTATGGTTAGCTT-1,0.844534,0.139735,0.015731
AGGCTTCCCGAAGAAG-1,0.000099,0.086816,0.913085
AGGCTTGCTAGACACC-1,0.830638,0.168629,0.000734
AGGGAAACGAGGTACT-1,0.339258,0.439399,0.221343
AGGGACAGCACGGCGG-1,0.657158,0.342105,0.000737
AGGGACCGGCTGCGTT-1,0.007981,0.28969,0.702328
AGGGACTCTACGCGAC-1,0.000117,0.290702,0.709181
AGGGAGACATACTTCG-1,0.015649,0.253517,0.730833
AGGGCAGCGGCGTGGT-1,0.259645,0.733603,0.006751
AGGGCCCTAATGTTCT-1,0.004356,0.03491,0.960734
AGGGCGAGCAGCTGAT-1,0.076409,0.023817,0.899774
AGGGCGTGATCGGCTA-1,0.766143,0.233431,0.000426
AGGGCTGCAGTTACAG-1,0.000073,0.125423,0.874504
AGGGTCAGAGCACTCG-1,0.981721,0.00012,0.018159
AGGGTCAGTAACCCTA-1,0.002507,0.196852,0.800641
AGGGTCGATGCGAACT-1,0.013118,0.199084,0.787799
AGGGTCTGGACGCAGT-1,0.039965,0.0005,0.959535
AGGGTGCCGTTCTTTA-1,0.184068,0.069461,0.746471
AGGGTGCTCTCGAGGG-1,0.011492,0.367378,0.62113
AGGGTGGATAGTGCAT-1,0.991758,0.007968,0.000274
AGGGTGTGCTACACGC-1,0.001863,0.063133,0.935004
AGGGTTCAGACGGTCC-1,0.969442,0.000093,0.030464
AGGGTTCCCTTTGGTT-1,0.060944,0.47839,0.460666
AGGGTTTAGTTCGGGA-1,0.00006,0.144689,0.855251
AGGTAACCTCCTATTC-1,0.600738,0.384036,0.015226
AGGTAGATCGAGATAT-1,0.024681,0.00176,0.973559
AGGTAGGTACAAAGCT-1,0.267874,0.462059,0.270068
AGGTATGCGGACATTA-1,0.008518,0.038443,0.95304
AGGTCAGGTGAGAGTG-1,0.004106,0.001397,0.994497
AGGTCGCCACTTCGGT-1,0.567058,0.220173,0.212769
AGGTCGCCTCCCAACA-1,0.003101,0.043362,0.953536
AGGTCGCGGAGTTACT-1,0.010556,0.54962,0.439824
AGGTGCACGTCCACAT-1,0.588861,0.115546,0.295593
AGGTGGTGACCTTCGC-1,0.820309,0.07305,0.106641
AGGTGTATCGCCATGA-1,0.555772,0.439015,0.005213
AGGTGTTGCCGACCAC-1,0.02125,0.057143,0.921607
AGGTTACACCATGCCG-1,0.048778,0.1043,0.846922
AGGTTGAGGCACGCTT-1,0.224856,0.629753,0.145391
AGGTTTCACACACCTT-1,0.002907,0.152803,0.84429
AGTAACGTTCATCCTG-1,0.023889,0.35779,0.61832
AGTAACTATAGCAGCC-1,0.690595,0.079299,0.230106
AGTAATCTAAGGGTGG-1,0.286657,0.121842,0.591502
AGTAATGTCTTGCCGC-1,0.634821,0.316627,0.048552
AGTACAGAAGCTTATA-1,0.958101,0.000192,0.041707
AGTACATCATTTATCA-1,0.01434,0.235554,0.750106
AGTACCTTCGAGTGCT-1,0.000063,0.360509,0.639428
AGTACGGCCCGTATCG-1,0.999348,0.000163,0.000489
AGTACGGGCACCTGGC-1,0.414554,0.584604,0.000842
AGTACGTGGCCTGTCT-1,0.0593,0.337329,0.603371
AGTACTCTTATGCCCA-1,0.000037,0.000272,0.999692
AGTAGAAGGCGCCTCA-1,0.932745,0.000512,0.066742
AGTAGCTAGACGCCGA-1,0.01711,0.152372,0.830518
AGTAGGAAGGAAGTTG-1,0.027149,0.527414,0.445437
AGTAGGTAACATACAT-1,0.414526,0.533609,0.051865
AGTATAATACTAGGCA-1,0.842644,0.156959,0.000397
AGTATACACAGCGACA-1,0.581835,0.200208,0.217958
AGTATCCATAATAACG-1,0.733987,0.092483,0.173529
AGTATGCTGGAGACCA-1,0.000037,0.002282,0.997681
AGTATTTGGCACGACC-1,0.000032,0.000032,0.999936
AGTCAAATGATGTGAT-1,0.968011,0.000123,0.031866
AGTCAACACCACCATC-1,0.000022,0.000115,0.999863
AGTCAAGATGACACTT-1,0.000024,0.003906,0.99607
AGTCACTAGCTCTCGA-1,0.000023,0.000023,0.999954
AGTCACTCCGCCTCAT-1,0.716005,0.224135,0.05986
AGTCAGCCACCGCCTG-1,0.955692,0.043561,0.000746
AGTCCAGCGGGTACGT-1,0.999354,0.000162,0.000485
AGTCCATTGGCTGATG-1,0.000021,0.010885,0.989094
AGTCCCGCCTTTAATT-1,0.187715,0.625506,0.186779
AGTCCCTCGCAGAAAG-1,0.032428,0.063095,0.904477
AGTCGACGGTCTCAAG-1,0.002156,0.039729,0.958115
AGTCGGCCCAAACGAC-1,0.623258,0.376275,0.000466
AGTCGGCTCAACTTTA-1,0.014261,0.000626,0.985113
AGTCGGTTGCGTGAGA-1,0.000036,0.181599,0.818365
AGTCGTATAAAGCAGA-1,0.653328,0.156807,0.189865
AGTCGTCGACCACCAA-1,0.000024,0.002379,0.997597
AGTCGTGGGCATTACG-1,0.107606,0.089416,0.802978
AGTCTAAAGTATACTC-1,0.010691,0.351767,0.637542
AGTCTCACAAGACTAC-1,0.018339,0.040288,0.941374
AGTCTGGACATCCTTG-1,0.998513,0.000372,0.001116
AGTCTTCTCCTCAAAT-1,0.629279,0.370292,0.00043
AGTCTTTAAAGTGTCC-1,0.823894,0.03211,0.143997
AGTGAACAAACTTCTC-1,0.000032,0.045848,0.95412
AGTGAAGATGGTGTCC-1,0.0241,0.011154,0.964745
AGTGACCTACTTTACG-1,0.003952,0.132511,0.863537
AGTGAGACTTCCAGTA-1,0.009248,0.176771,0.813981
AGTGAGCCTCGCCGCC-1,0.000167,0.147956,0.851876
AGTGAGGGTTTCTGAC-1,0.023584,0.471814,0.504602
AGTGAGTCGAATTAAC-1,0.057319,0.192234,0.750447
AGTGATAACCTGCGCG-1,0.000045,0.014549,0.985406
AGTGATATGAGTAGTT-1,0.00004,0.040344,0.959615
AGTGATTCAAGCAGGA-1,0.038822,0.432735,0.528443
AGTGCACGCTTAAGAA-1,0.000029,0.002154,0.997816
AGTGCGTAGCTCGTAA-1,0.000046,0.046744,0.95321
AGTGCTAAACACAGCA-1,0.000085,0.116444,0.883472
AGTGCTTGCACGAATA-1,0.000035,0.050097,0.949867
AGTGGCCCGCAAATGG-1,0.969295,0.030499,0.000206
AGTGGCGGCAATTTGA-1,0.171638,0.706081,0.122281
AGTGGCGTCTGAAGGT-1,0.005765,0.167348,0.826887
AGTGGCTCCGTCGGCC-1,0.874134,0.072184,0.053682
AGTGGTGTTACCCGTG-1,0.191367,0.089488,0.719145
AGTGGTTGCGTATAGG-1,0.979173,0.000899,0.019928
AGTGTATTGCGCATTG-1,0.15286,0.613588,0.233551
AGTGTGCTAAGATCGC-1,0.992587,0.006809,0.000604
AGTGTGGTCTATTGTG-1,0.764709,0.234582,0.000709
AGTTAAACACTTGCGA-1,0.000039,0.000039,0.999922
AGTTAAGCGGTCCCGG-1,0.390995,0.452727,0.156278
AGTTAAGTCAACCGCT-1,0.016466,0.055843,0.927691
AGTTACCCTTAAGACT-1,0.983205,0.000078,0.016717
AGTTACCGCACATGGT-1,0.98869,0.000244,0.011065
AGTTACTCTATCGTGG-1,0.159017,0.66227,0.178713
AGTTCACCGGTTGGAC-1,0.99914,0.000215,0.000645
AGTTCCTACAGAATTA-1,0.328466,0.588167,0.083367
AGTTCCTATTTATGTT-1,0.000028,0.000028,0.999944
AGTTCTGCGTTGTATC-1,0.930658,0.068802,0.00054
AGTTGACATCGGCTGG-1,0.778821,0.220396,0.000783
AGTTGACGGTCCTTGC-1,0.897289,0.000084,0.102627
AGTTGCTGACTGATAT-1,0.902965,0.078205,0.01883
AGTTGGCAAGGCTAGA-1,0.857768,0.115432,0.0268
AGTTTATGTAAAGACA-1,0.000018,0.108108,0.891874
AGTTTCGCAGGTCGGA-1,0.072421,0.565384,0.362195
AGTTTGCACCTGCCTC-1,0.000068,0.060465,0.939467
AGTTTGGCACGGGTTG-1,0.000018,0.000018,0.999963
AGTTTGGCCAGACCTA-1,0.070088,0.048694,0.881219
ATAAACCATTGGACGG-1,0.641946,0.205773,0.152281
ATAAACGGACCCGTAA-1,0.000052,0.110589,0.88936
ATAAACGTTGCACCAC-1,0.000041,0.088171,0.911788
ATAAAGGCTCGGTCGT-1,0.000052,0.046165,0.953782
ATAAAGGTCAAGTACG-1,0.000052,0.341431,0.658517
ATAAATATTAGCAGCT-1,0.019363,0.396246,0.584391
ATAACGCCGGAGGGTC-1,0.00007,0.030122,0.969808
ATAACGGAGTCCAACG-1,0.150748,0.6032,0.246052
ATAACGTTACCTCCAC-1,0.024189,0.144989,0.830822
ATAAGGTGGAGAACAT-1,0.000053,0.021377,0.978569
ATAAGTACCCGATTGT-1,0.040209,0.134945,0.824846
ATAAGTAGGATTCAGA-1,0.000078,0.483001,0.516921
ATAAGTAGGGCGACTC-1,0.018496,0.227646,0.753857
ATAAGTTACCGCGACG-1,0.000056,0.000056,0.999887
ATAATACCGTTAGCCG-1,0.999316,0.000171,0.000513
ATAATAGCTGTTGAAT-1,0.000058,0.035304,0.964639
ATAATAGTGTAGGGAC-1,0.797329,0.202077,0.000594
ATAATCTTGGAGAACC-1,0.000114,0.246016,0.753871
ATAATTAGCTAAGTAG-1,0.699993,0.179857,0.12015
ATACAGGCCCTCCAAT-1,0.000028,0.006703,0.993268
ATACCACGGGCAACTT-1,0.611516,0.240269,0.148214
ATACCAGCAAATTGCT-1,0.354964,0.588636,0.0564
ATACCAGGCTAATAGA-1,0.522554,0.477039,0.000407
ATACCAGGTGAGCGAT-1,0.395666,0.372016,0.232318
ATACCCTGGCTCAAAT-1,0.781629,0.000064,0.218307
ATACCGTCATCCATAA-1,0.066444,0.165614,0.767942
ATACCTAACCAAGAAA-1,0.010375,0.298389,0.691236
ATACGAAGGCTTTCCA-1,0.000015,0.024065,0.975921
ATACGACAGATGGGTA-1,0.006468,0.077017,0.916515
ATACGCCGATCTACCG-1,0.728291,0.258967,0.012741
ATACGCCGGCGAAACC-1,0.000026,0.028904,0.971071
ATACGGAACGTCGTTT-1,0.051491,0.000172,0.948337
ATACGGGTTTCGATTG-1,0.273064,0.7265,0.000436
ATACGGTGAAGATGCA-1,0.974985,0.024744,0.000271
ATACGTACTTAGCCAC-1,0.000043,0.02085,0.979107
ATACGTCCACTCCTGT-1,0.000041,0.000041,0.999918
ATACGTTATGCACGGA-1,0.697675,0.07534,0.226985
ATACTACCCGTACCAC-1,0.000032,0.019928,0.98004
