Barcode,Topic 1,Topic 2,Topic 3to10
AAACAAGTATCTCCCA-1,0.00001,0.009302,0.990687
AAACAATCTACTAGCA-1,0.000031,0.833888,0.166081
AAACACCAATAACTGC-1,0.000026,0.743112,0.256862
AAACAGAGCGACTCCT-1,0.000016,0.000016,0.999968
AAACAGCTTTCAGAAG-1,0.00002,0.710659,0.289321
AAACAGGGTCTATATT-1,0.000036,0.749957,0.250007
AAACATTTCCCGGATT-1,0.000013,0.006066,0.993921
AAACCCGAACGAAATC-1,0.000011,0.000011,0.999978
AAACCGGAAATGTTAA-1,0.000054,0.000054,0.999893
AAACCGGGTAGGTACC-1,0.000013,0.068153,0.931834
AAACCGTTCGTCCAGG-1,0.00003,0.83874,0.16123
AAACCTAAGCAGCCGG-1,0.000027,0.089281,0.910692
AAACCTCATGAAGTTG-1,0.000008,0.000008,0.999984
AAACGAAGAACATACC-1,0.000055,0.797033,0.202912
AAACGAGACGGTTGAT-1,0.000016,0.026352,0.973633
AAACGCTGGGCACGAC-1,0.000056,0.000056,0.999887
AAACGGGCGTACGGGT-1,0.000016,0.172389,0.827595
AAACGGGTTGGTATCC-1,0.00003,0.878103,0.121867
AAACGGTTGCGAACTG-1,0.000035,0.919907,0.080057
AAACGTGTTCGCCCTA-1,0.000058,0.049096,0.950846
AAACTAACGTGGCGAC-1,0.000019,0.611386,0.388596
AAACTCGGTTCGCAAT-1,0.000016,0.283465,0.716519
AAACTCGTGATATAAG-1,0.000025,0.000025,0.99995
AAACTGCTGGCTCCAA-1,0.000026,0.376478,0.623496
AAACTTGCAAACGTAT-1,0.000023,0.889348,0.110629
AAAGAATGTGGACTAA-1,0.000007,0.000007,0.999987
AAAGACTGGGCGCTTT-1,0.000022,0.018942,0.981035
AAAGCTTGCCTACATA-1,0.000045,0.000045,0.999909
AAAGGCTACGGACCAT-1,0.000042,0.931852,0.068106
AAAGGCTCTCGCGCCG-1,0.000029,0.622259,0.377712
AAAGGGATGTAGCAAG-1,0.000032,0.000032,0.999935
AAAGGGCAGCTTGAAT-1,0.000012,0.043203,0.956785
AAAGGTAAGCTGTACC-1,0.000039,0.12793,0.872031
AAAGTAGCATTGCTCA-1,0.000028,0.952168,0.047804
AAAGTCGACCCTCAGT-1,0.000012,0.048495,0.951493
AAAGTGCCATCAATTA-1,0.000026,0.000026,0.999947
AAAGTGTGATTTATCT-1,0.000022,0.000022,0.999956
AAAGTTGACTCCCGTA-1,0.000015,0.012275,0.98771
AAATAACCATACGGGA-1,0.000018,0.000018,0.999964
AAATAAGGTAGTGCCC-1,0.000012,0.001881,0.998107
AAATACCTATAAGCAT-1,0.000014,0.166424,0.833561
AAATAGCTTAGACTTT-1,0.000024,0.000024,0.999952
AAATAGGGTGCTATTG-1,0.000016,0.203774,0.79621
AAATCCGATACACGCC-1,0.000016,0.004132,0.995852
AAATCGCGGAAGGAGT-1,0.00005,0.991457,0.008493
AAATCGTGTACCACAA-1,0.000036,0.223474,0.776489
AAATCTAGCCCTGCTA-1,0.000013,0.003388,0.996599
AAATGATTCGATCAGC-1,0.000025,0.060212,0.939764
AAATGCTCGTTACGTT-1,0.00002,0.001254,0.998725
AAATGGCATGTCTTGT-1,0.000032,0.000032,0.999935
AAATGGCCCGTGCCCT-1,0.000018,0.998547,0.001435
AAATGGTCAATGTGCC-1,0.000018,0.000018,0.999963
AAATGTATCTTATCCC-1,0.000025,0.995669,0.004306
AAATTAACGGGTAGCT-1,0.000017,0.000017,0.999966
AAATTAATAAGCGCGA-1,0.000032,0.579636,0.420333
AAATTACACGACTCTG-1,0.000017,0.000017,0.999967
AAATTACCTATCGATG-1,0.00003,0.00003,0.999939
AAATTCCAGGTCCAAA-1,0.000032,0.000032,0.999935
AAATTGATAGTCCTTT-1,0.000029,0.989597,0.010374
AAATTGCGGCGGTTCT-1,0.000054,0.872069,0.127878
AAATTGGTGAGAAGCA-1,0.000034,0.040222,0.959744
AAATTTACCGAAATCC-1,0.000047,0.744381,0.255572
AAATTTGCGGGTGTGG-1,0.00001,0.187114,0.812876
AACAACTGGTAGTTGC-1,0.000014,0.049395,0.950591
AACAATACATTGTCGA-1,0.000023,0.898192,0.101785
AACAATTACTCTACGC-1,0.000019,0.00379,0.996191
AACACACGCTCGCCGC-1,0.000008,0.010539,0.989453
AACACGACTGTACTGA-1,0.000074,0.208006,0.791921
AACACGAGACGCGGCC-1,0.000021,0.75563,0.244349
AACACGCGGCCGCGAA-1,0.000037,0.758642,0.241321
AACAGCTGTGTGGCAA-1,0.000049,0.898302,0.101649
AACAGGAAATCGAATA-1,0.000024,0.002675,0.997301
AACAGGATGGGCCGCG-1,0.000014,0.000014,0.999972
AACAGGTAGTATGGAT-1,0.00002,0.010912,0.989068
AACATAGCGTGTATCG-1,0.000008,0.002799,0.997193
AACATATCAACTGGTG-1,0.000017,0.000017,0.999966
AACATCGATACGTCTA-1,0.000059,0.000059,0.999881
AACATTGGTCAGCCGT-1,0.000037,0.99967,0.000294
AACATTGTGACTCGAG-1,0.000046,0.919435,0.080519
AACCAAGACTTCTCTG-1,0.00001,0.009846,0.990143
AACCAGTATCACTCTT-1,0.000062,0.784331,0.215607
AACCATGGGATCGCTA-1,0.000034,0.02292,0.977046
AACCCAGAGACGGAGA-1,0.000017,0.007923,0.99206
AACCCATCCCATGATC-1,0.000023,0.957085,0.042893
AACCCGAGCAGAATCG-1,0.000008,0.000008,0.999984
AACCCTACTGTCAATA-1,0.000041,0.034502,0.965457
AACCCTGGTGGAACCA-1,0.000055,0.364387,0.635558
AACCGAGCTTGGTCAT-1,0.000018,0.005269,0.994713
AACCGCTAAGGGATGC-1,0.000026,0.107802,0.892172
AACCGTTGTGTTTGCT-1,0.000073,0.001054,0.998873
AACCTCGCTTTAGCCC-1,0.00002,0.078226,0.921754
AACCTGTCACGGAATT-1,0.000043,0.056063,0.943893
AACCTTTAAATACGGT-1,0.00003,0.796255,0.203715
AACCTTTACGACGTCT-1,0.000013,0.000013,0.999974
AACGAAAGTCGTCCCA-1,0.000028,0.942144,0.057828
AACGACCTCCTAGCCG-1,0.000133,0.003255,0.996612
AACGATAATGCCGTAG-1,0.000023,0.56427,0.435707
AACGATAGAAGGGCCG-1,0.000049,0.012321,0.98763
AACGATATGTCAACTG-1,0.00002,0.007208,0.992772
AACGCATGATCTGGGT-1,0.000031,0.000031,0.999938
AACGCGAACGGCAACA-1,0.000028,0.857237,0.142735
AACGCGACCTTGGGCG-1,0.000026,0.932541,0.067434
AACGCGGTCTCCAGCC-1,0.000066,0.035094,0.96484
AACGCTGTTGCTGAAA-1,0.000026,0.003413,0.996561
AACGGACGTACGTATA-1,0.000035,0.022512,0.977452
AACGGCCATCTCCGGT-1,0.000012,0.18282,0.817168
AACGTACTGTGGGTAC-1,0.000016,0.304425,0.695559
AACGTCAGACTAGTGG-1,0.000019,0.000019,0.999962
AACGTCGCTGCACTTC-1,0.000036,0.011141,0.988823
AACGTGATGAAGGACA-1,0.000057,0.034172,0.965771
AACGTGCGAAAGTCTC-1,0.000025,0.010352,0.989623
AACGTTATCAGCACCT-1,0.000029,0.323502,0.676468
AACGTTCTACCATTGT-1,0.00003,0.00003,0.999939
AACTACCCGTTTGTCA-1,0.000012,0.019516,0.980472
AACTAGCGTATCGCAC-1,0.000055,0.906583,0.093362
AACTAGGCTTGGGTGT-1,0.000028,0.745145,0.254827
AACTCAAGTTAATTGC-1,0.000017,0.001339,0.998645
AACTCCAGAGCGTGTT-1,0.000017,0.086407,0.913575
AACTCCTAATCCCATG-1,0.000056,0.000056,0.999888
AACTCGATAAACACGT-1,0.000018,0.999839,0.000144
AACTCGATGGCGCAGT-1,0.000019,0.01336,0.986621
AACTCTCAATAGAGCG-1,0.000026,0.009896,0.990078
AACTCTCAGTGTGCTC-1,0.000042,0.833579,0.166379
AACTGAGGTCAGCGTC-1,0.000031,0.343444,0.656525
AACTGAGTTATACTGA-1,0.000048,0.000048,0.999904
AACTGATATTAGGCCT-1,0.000038,0.000038,0.999925
AACTGGGTCCCGACGT-1,0.000046,0.001272,0.998681
AACTGGTGTGGGCCTT-1,0.00004,0.974811,0.025149
AACTTCTGCGTCTATC-1,0.000013,0.011548,0.988439
AACTTGCCCGTATGCA-1,0.00001,0.007725,0.992265
AACTTGCGTTCTCGCG-1,0.000007,0.058199,0.941794
AACTTTACGGGAGCTT-1,0.000052,0.834028,0.16592
AACTTTAGCTGCTGAG-1,0.000028,0.931957,0.068015
AACTTTCTCGATCATG-1,0.000037,0.000037,0.999927
AAGAAATCACCAGATT-1,0.000075,0.013737,0.986188
AAGAAGGATCAGTTAG-1,0.000061,0.080951,0.918988
AAGACATACGTGGTTT-1,0.000014,0.000014,0.999972
AAGACCCAACTGAACA-1,0.00002,0.840639,0.159341
AAGACTAACCCGTTGT-1,0.000019,0.602035,0.397946
AAGACTGCAAGCTACT-1,0.000016,0.009728,0.990256
AAGAGATGAATCGGTA-1,0.000009,0.009778,0.990213
AAGAGCTCTTTATCGG-1,0.000025,0.179144,0.820831
AAGAGGATGTACGCGA-1,0.000018,0.058761,0.941221
AAGAGGCATGGATCGC-1,0.000016,0.03677,0.963214
AAGAGGCCCTTTGGAA-1,0.000014,0.000062,0.999924
AAGATGGCACCGGACC-1,0.000039,0.872084,0.127876
AAGATTGGCGGAACGT-1,0.00002,0.032609,0.967371
AAGCACCCTGCGTATC-1,0.000034,0.631795,0.368172
AAGCATACTCTCCTGA-1,0.000009,0.125855,0.874136
AAGCCGAAGCGGTTTA-1,0.000015,0.009016,0.990968
AAGCCGCTTTACCTTG-1,0.000079,0.000079,0.999842
AAGCCGGAGAGCAGGA-1,0.00002,0.00002,0.99996
AAGCGCAGGGCTTTGA-1,0.000023,0.589303,0.410674
AAGCGGAGTGCGCGCA-1,0.00002,0.04207,0.957909
AAGCGGCGTCATGGGT-1,0.0001,0.044867,0.955033
AAGCGTCCCTCATCGA-1,0.000035,0.874084,0.12588
AAGCTAGATCGAGTAA-1,0.000032,0.452816,0.547152
AAGCTCGTGCCAAGTC-1,0.000018,0.024361,0.975621
AAGCTCTTTCATGGTG-1,0.000047,0.086994,0.912959
AAGGAGAACTTATAAG-1,0.000049,0.960302,0.03965
AAGGAGCGGTTGGTGC-1,0.000033,0.000033,0.999935
AAGGATCGATCGCTTG-1,0.000026,0.005602,0.994372
AAGGATGAGGGACCTC-1,0.000021,0.000021,0.999958
AAGGCAGGCTGTCTCC-1,0.000033,0.000033,0.999933
AAGGCGCGTAAAGCTT-1,0.000015,0.003232,0.996752
AAGGCTGTGCTCATCG-1,0.000015,0.000015,0.99997
AAGGGACAGATTCTGT-1,0.000011,0.000011,0.999977
AAGGGACTATGCATTC-1,0.000061,0.943739,0.056199
AAGGGTTAGCCATGCG-1,0.000037,0.000037,0.999925
AAGGTATCCTAATATA-1,0.000024,0.01277,0.987206
AAGGTGATAAACCAGC-1,0.000038,0.006317,0.993645
AAGTAGAAGACCGGGT-1,0.000038,0.001286,0.998676
AAGTAGTGACGCGAGG-1,0.000017,0.044448,0.955536
AAGTCAATTGTCGTCA-1,0.000023,0.022125,0.977852
AAGTCTAGTAGCTGCC-1,0.00005,0.00005,0.9999
AAGTCTTCTGTGGCCT-1,0.000033,0.97136,0.028607
AAGTGACGACCGAATT-1,0.000008,0.013541,0.98645
AAGTGAGTCGGGTTTA-1,0.000043,0.88885,0.111107
AAGTGCAAAGGTAGAC-1,0.000023,0.595642,0.404335
AAGTGCCTTGACTGTA-1,0.000018,0.028575,0.971407
AAGTGCGTTAGAATCT-1,0.000027,0.81715,0.182824
AAGTGTTTGGAGACGG-1,0.000032,0.414754,0.585214
AAGTTCACTCCAAGCT-1,0.000038,0.041535,0.958426
AAGTTCAGTCTGCGTA-1,0.000014,0.010872,0.989114
AAGTTCGGCCAACAGG-1,0.000011,0.248646,0.751343
AAGTTGTGATGTTATA-1,0.000012,0.000012,0.999976
AAGTTTACTAATGGCA-1,0.000052,0.906816,0.093132
AAGTTTATGGGCCCAA-1,0.000044,0.648729,0.351228
AATAACAACGCTCGGC-1,0.000011,0.005106,0.994883
AATAACACTAGAACAA-1,0.000038,0.708181,0.291781
AATAACGTCGCGCCCA-1,0.000017,0.000017,0.999966
AATAAGTCCTCGAGAC-1,0.000034,0.979558,0.020409
AATAATCTTCGTATCG-1,0.000052,0.000052,0.999897
AATACAATGTTTCAGG-1,0.000019,0.019035,0.980945
AATACCTGATGTGAAC-1,0.000015,0.000015,0.999971
AATAGAACAGAGTGGC-1,0.00003,0.923535,0.076436
AATAGAATCTGTTTCA-1,0.000014,0.04999,0.949996
AATAGCAAGCCTCCTG-1,0.000037,0.512219,0.487744
AATAGCTACCGCGTGC-1,0.000016,0.000016,0.999967
AATAGTCCGTCCCGAC-1,0.000022,0.839789,0.16019
AATAGTCGCGAGTCGG-1,0.000029,0.916099,0.083872
AATATCAAGGTCGGAT-1,0.000087,0.536805,0.463108
AATATCCTAGCAAACT-1,0.000022,0.66838,0.331598
AATATCGAATCAATGC-1,0.000013,0.076245,0.923742
AATATCGAGGGTTCTC-1,0.000039,0.000039,0.999923
AATATTGGAGTATTGA-1,0.000029,0.103966,0.896005
AATCAGACTGCAGGAC-1,0.00005,0.920543,0.079406
AATCATGTAAAGACTC-1,0.000009,0.000009,0.999982
AATCCAAGGGCCTGAG-1,0.000051,0.249983,0.749965
AATCCATGCAAGGGTG-1,0.000024,0.778553,0.221423
AATCGCCTCAGCGCCA-1,0.000015,0.000015,0.999969
AATCGCGCAGAGGACT-1,0.000021,0.000021,0.999958
AATCGGGACACTACGA-1,0.000049,0.752512,0.24744
AATCGGTATAGCCCTC-1,0.000018,0.000018,0.999965
AATCGTGAGCCGAGCA-1,0.000033,0.036026,0.963941
AATCTAGGTTTACTTG-1,0.000044,0.828511,0.171444
AATCTATGCCGGAGCC-1,0.00003,0.00003,0.999939
AATCTCTACTGTGGTT-1,0.000036,0.758414,0.24155
AATCTGCGTTGGGACG-1,0.000034,0.051022,0.948944
AATCTGGCTTTCTAGT-1,0.000037,0.847629,0.152333
AATGACAGCAATGTCT-1,0.000021,0.679773,0.320206
AATGACGTAGGATGTC-1,0.000051,0.044408,0.955542
AATGACTGTCAGCCGG-1,0.000018,0.000018,0.999963
AATGAGTTCGCATATG-1,0.000048,0.085951,0.914001
AATGATGATACGCTAT-1,0.000038,0.015748,0.984214
AATGATGCGACTCCTG-1,0.000039,0.024123,0.975838
AATGCAACCGGGTACC-1,0.000023,0.00585,0.994127
AATGCACCAAGCAATG-1,0.00003,0.00003,0.99994
AATGGTCCACCGTTCA-1,0.000012,0.009501,0.990487
AATGGTTCTCACAAGC-1,0.000029,0.063964,0.936007
AATGTGCCCGAGGTGT-1,0.000028,0.975065,0.024907
AATGTTAAGACCCTGA-1,0.000011,0.026199,0.97379
AATGTTGTCGTGAGAC-1,0.00002,0.005909,0.994071
AATTAAAGGTCGGCGT-1,0.000045,0.023659,0.976297
AATTAACGGATTTCCA-1,0.000039,0.869999,0.129962
AATTACTCGTACGCTC-1,0.000089,0.74492,0.254991
AATTAGCGCTGCAGCG-1,0.00005,0.695213,0.304737
AATTATACCCAGCAAG-1,0.000029,0.040375,0.959596
AATTCATAAGGGATCT-1,0.000015,0.000015,0.99997
AATTCCAACTTGGTGA-1,0.00005,0.98581,0.01414
AATTCCAAGCATGTAC-1,0.00002,0.847288,0.152692
AATTCGATTCGAGGAT-1,0.000036,0.410201,0.589763
AATTCTAGAGTTAGGC-1,0.000036,0.848992,0.150972
AATTGAACGCTCTGGT-1,0.00002,0.04048,0.959499
AATTGCAGCAATCGAC-1,0.000032,0.000032,0.999935
AATTGTGGTTGCCAAA-1,0.000049,0.000049,0.999902
AATTTGGGACATAGTA-1,0.000055,0.000055,0.999889
AATTTGGTTCCAAAGA-1,0.000053,0.080099,0.919848
ACAAAGAAGGTAGGCC-1,0.00002,0.784216,0.215765
ACAAAGCATGACCTAG-1,0.00001,0.013563,0.986427
ACAAATCGCACCGAAT-1,0.000009,0.028776,0.971215
ACAAATGGTAGTGTTT-1,0.000019,0.007788,0.992193
ACAAATTCAGATCTGA-1,0.000043,0.48746,0.512497
ACAACAGCATGAGCTA-1,0.000033,0.072844,0.927123
ACAACGGTCCCTGCGA-1,0.000008,0.000008,0.999983
ACAAGCAGTGCCTAGC-1,0.000007,0.000007,0.999985
ACAAGCTATATGGAAG-1,0.000045,0.915485,0.08447
ACAAGGAAATCCGCCC-1,0.000013,0.10206,0.897927
ACAAGGACAAGAGGTT-1,0.000031,0.000031,0.999937
ACAAGGATGCTTTAGG-1,0.000018,0.014866,0.985116
ACAAGGGCAGGCTCTG-1,0.00003,0.022584,0.977386
ACAATAGTCGTACGTT-1,0.000022,0.197938,0.80204
ACAATCCATTTAAACC-1,0.000006,0.000006,0.999989
ACAATGAATACGGAGA-1,0.000052,0.793078,0.206869
ACAATGATTCTTCTAC-1,0.000029,0.59433,0.405642
ACAATTGTGTCTCTTT-1,0.000022,0.05892,0.941058
ACAATTTAGGAGGCTC-1,0.000033,0.815907,0.18406
ACAATTTGAGCAGTGG-1,0.000023,0.000023,0.999953
ACAATTTGGCCATATT-1,0.000017,0.000017,0.999966
ACACAAAGACGGGTGG-1,0.000017,0.000017,0.999965
ACACAAATATTCCTAG-1,0.000083,0.116923,0.882994
ACACACCAGGACCAGT-1,0.000017,0.060837,0.939145
ACACACTTTCTACACG-1,0.000027,0.000027,0.999946
ACACATGATCAAATCT-1,0.000026,0.979035,0.020939
ACACATTGACGCAACA-1,0.000026,0.999766,0.000208
ACACCACATAATTAGC-1,0.000026,0.000026,0.999948
ACACCCAGCATGCAGC-1,0.000014,0.000014,0.999972
ACACCCGAGAAATCCG-1,0.000049,0.019541,0.98041
ACACCGAGCGCTCTTT-1,0.000035,0.7871,0.212865
ACACCTTAAGTAGGGC-1,0.000012,0.047289,0.952699
ACACCTTACTACTTGC-1,0.000019,0.000019,0.999961
ACACGAGACTCCTTCT-1,0.000035,0.030056,0.969909
ACACGGCACTATGCAT-1,0.000037,0.927554,0.072409
ACACGGGAACTTAGGG-1,0.000011,0.000011,0.999979
ACACGTAGGCCACAAG-1,0.00001,0.00001,0.99998
ACACTCCAATGTCACT-1,0.000008,0.13883,0.861162
ACACTGATCAAGGTGT-1,0.000029,0.737951,0.26202
ACACTGGGACAGTCGT-1,0.000021,0.026837,0.973142
ACAGAACTGAGAACAA-1,0.00002,0.945744,0.054237
ACAGATTAGGTTAGTG-1,0.000061,0.987571,0.012368
ACAGCATAGAGCCAGT-1,0.000064,0.144207,0.855728
ACAGCGACATTCTCAT-1,0.000043,0.000043,0.999915
ACAGCGCACCCGCAGC-1,0.000055,0.051251,0.948695
ACAGGAGGCGCAGCCG-1,0.000037,0.881096,0.118867
ACAGGCACGGATCCTT-1,0.00005,0.029602,0.970348
ACAGGCTTGCCCGACT-1,0.000018,0.09663,0.903352
ACAGGTGGAGGTGAGG-1,0.000035,0.830158,0.169807
ACAGGTGTGTTGTTGC-1,0.000063,0.762842,0.237095
ACAGTAATACAACTTG-1,0.000047,0.720622,0.279331
ACAGTATACCGTGGGA-1,0.000073,0.000073,0.999854
ACATAATAAGGCGGTG-1,0.000025,0.000025,0.99995
ACATACAATCAAGCGG-1,0.00002,0.013296,0.986684
ACATCAGCTGGGACGC-1,0.000013,0.299072,0.700914
ACATCCCGGCCATACG-1,0.000039,0.839501,0.16046
ACATCCTGGTAACTGT-1,0.000029,0.022348,0.977623
ACATCGATCGTTTACC-1,0.000019,0.03533,0.964652
ACATCGGTCAGCCGCG-1,0.000014,0.000014,0.999972
ACATCGTATGCAATGG-1,0.00002,0.00002,0.99996
ACATCGTTAACCTAGT-1,0.000089,0.085799,0.914112
ACATCTCAACGCGTAA-1,0.000049,0.919053,0.080898
ACATGGCGCCAAAGTA-1,0.000016,0.000016,0.999967
ACATGGCTCAATTTAG-1,0.000047,0.957629,0.042324
ACATTAGTTTATATCC-1,0.000029,0.817524,0.182447
ACATTTGAAACCTAAC-1,0.00004,0.00004,0.99992
ACCAAACACCCAGCGA-1,0.000047,0.051295,0.948658
ACCAAACTAGAAATCC-1,0.000041,0.531939,0.46802
ACCAACACCACACACT-1,0.000012,0.000012,0.999976
ACCAACCGCACTCCAC-1,0.000027,0.025503,0.97447
ACCAACGCTTATTTAT-1,0.000042,0.647122,0.352836
ACCAAGAACGCGTGTC-1,0.00005,0.033885,0.966065
ACCAAGTCATCGGCAG-1,0.000038,0.005116,0.994846
ACCAATATGCAAGTTA-1,0.000033,0.560635,0.439332
ACCACAACTCAGAACA-1,0.000029,0.932719,0.067253
ACCACAAGTTTCTATC-1,0.000008,0.000008,0.999983
ACCACCAATGTAACAA-1,0.000036,0.000036,0.999929
ACCACCCTCTCTTCTA-1,0.000026,0.000026,0.999948
ACCACGTGCAGCTATA-1,0.000025,0.051369,0.948606
ACCACTGTTCAAGAAG-1,0.000048,0.936445,0.063508
ACCAGACCATAACAAC-1,0.000027,0.890245,0.109728
ACCAGCCCGGTCTTTG-1,0.000054,0.850028,0.149919
ACCAGGAGTGTGATCT-1,0.000043,0.746384,0.253572
ACCAGTGCCCGGTCAA-1,0.000064,0.1104,0.889536
ACCAGTGCGGGAGACG-1,0.000024,0.000024,0.999952
ACCATATCCGCAATAA-1,0.000027,0.077576,0.922398
ACCATCCGCCAACTAG-1,0.000017,0.818138,0.181845
ACCATCGTATATGGTA-1,0.000027,0.026801,0.973173
ACCATTAAGGGTGTCA-1,0.00004,0.964085,0.035875
ACCCAACGCCCGTGGC-1,0.000012,0.056825,0.943163
ACCCACCTACATGCTC-1,0.000025,0.01449,0.985484
ACCCATCTTGAGGGTA-1,0.000025,0.048033,0.951941
ACCCATTTGTCCCTCT-1,0.000021,0.000021,0.999959
ACCCGAGCGAAATTAC-1,0.00004,0.898865,0.101095
ACCCGGAAACTCCCAG-1,0.000021,0.697889,0.30209
ACCCGGAGCACCACAA-1,0.000016,0.000016,0.999967
ACCCGGATGACGCATC-1,0.000022,0.000022,0.999956
ACCCGGTTACACTTCC-1,0.000012,0.051117,0.948872
ACCCGTAGTCTAGTTG-1,0.000065,0.000065,0.999871
ACCCGTGTCATCAGTA-1,0.000032,0.963067,0.036901
ACCCTATAGGACTGAG-1,0.000014,0.073493,0.926493
ACCCTATGCCATATCG-1,0.000036,0.924734,0.07523
ACCCTCCCGTCAGGGC-1,0.000039,0.045035,0.954927
ACCCTCCCTTGCTATT-1,0.000031,0.097031,0.902938
ACCCTGGTAACGCCCT-1,0.000029,0.000029,0.999942
ACCCTTCATCTGCGAA-1,0.000064,0.000064,0.999873
ACCCTTGCCTGGGTCG-1,0.000081,0.011489,0.98843
ACCCTTTAGTTCTCCA-1,0.000057,0.878608,0.121334
ACCGAAAGGGCCCTGC-1,0.000041,0.651746,0.348213
ACCGAAGAGTCTGGTT-1,0.000022,0.72879,0.271188
ACCGACACATCTCCCA-1,0.000029,0.769981,0.22999
ACCGACTGAGTCCCAC-1,0.000008,0.02058,0.979412
ACCGAGTCTCCTTATT-1,0.000013,0.030437,0.96955
ACCGATAGGCATAACC-1,0.000015,0.000015,0.999971
ACCGATATTTAATCAT-1,0.000038,0.000038,0.999923
ACCGATGGTAGCATCG-1,0.000019,0.046445,0.953536
ACCGCAATAACTGCCT-1,0.000017,0.269919,0.730064
ACCGCGGTGGAAGTCG-1,0.000014,0.000014,0.999973
ACCGGGCCTTTGTTGA-1,0.00003,0.092686,0.907283
ACCGGTCAGGTACACC-1,0.000029,0.889737,0.110234
ACCGTGACCACGTGGG-1,0.000034,0.734692,0.265274
ACCGTTCCCGCTCTGA-1,0.000088,0.861919,0.137994
ACCTAAGTACCTTTCA-1,0.000034,0.813607,0.186359
ACCTAATCGACTTCCT-1,0.000024,0.001165,0.99881
ACCTACAGTATGTGGT-1,0.000023,0.005204,0.994773
ACCTACTATAAATCTA-1,0.00003,0.897354,0.102617
ACCTCAGCGAGGCGCA-1,0.000037,0.000037,0.999927
ACCTCCGCCCTCGCTG-1,0.000046,0.023324,0.97663
ACCTCCGTTATTCACC-1,0.00001,0.00001,0.99998
ACCTGCGTGTCATGTT-1,0.000026,0.748967,0.251007
ACGAAATGGGCGGCAC-1,0.000028,0.000209,0.999762
ACGACCCATGAGTTGC-1,0.00003,0.00003,0.999941
ACGACTCTAGGGCCGA-1,0.000026,0.106837,0.893137
ACGACTGGTCATACTC-1,0.000042,0.905649,0.094309
ACGAGAACCCATCACG-1,0.000024,0.13184,0.868136
ACGAGATATTTGCTTA-1,0.000037,0.062841,0.937123
ACGAGGATACCACTCT-1,0.000022,0.477736,0.522242
ACGAGGTTTACAACGT-1,0.000016,0.925156,0.074829
ACGAGTACGGATGCCC-1,0.00004,0.00004,0.99992
ACGAGTCGCCGGCGTT-1,0.000045,0.902821,0.097134
ACGATACATAGAACTA-1,0.000044,0.000044,0.999913
ACGATACCTATCCTGA-1,0.000036,0.899548,0.100416
ACGATCATACATAGAG-1,0.000041,0.001137,0.998822
ACGATCATCTTGTAAA-1,0.000049,0.000049,0.999902
ACGATGCATATGTTAT-1,0.000016,0.053767,0.946217
ACGATGGATCCGATGC-1,0.00005,0.09483,0.905121
ACGCAAACTAATAGAT-1,0.000029,0.889268,0.110703
ACGCAATCACTACAGC-1,0.000015,0.000015,0.999969
ACGCATACGTTTACTA-1,0.000024,0.004215,0.995761
ACGCATTCGTGAGTAC-1,0.000051,0.011087,0.988863
ACGCCAGATGATTTCT-1,0.000028,0.000028,0.999943
ACGCCAGTGCGTTTGC-1,0.000014,0.036194,0.963792
ACGCCCAGCTGTCGAT-1,0.000037,0.415151,0.584812
ACGCCGCTAGACGACC-1,0.000023,0.022097,0.97788
ACGCCTGACACGCGCT-1,0.000027,0.664486,0.335487
ACGCGAAGTCAGACGA-1,0.000023,0.67577,0.324207
ACGCGCTACACAGGGT-1,0.000008,0.048813,0.951179
ACGCGGGCCAAGGACA-1,0.000015,0.000015,0.99997
ACGCGTTTCTTAAGAG-1,0.000028,0.916408,0.083563
ACGCTACTGAATGGGC-1,0.000104,0.000104,0.999793
ACGCTAGTGATACACT-1,0.000015,0.000015,0.99997
ACGCTGTGAGGCGTAG-1,0.000025,0.665575,0.3344
ACGGAACACGAGTGCC-1,0.000029,0.000029,0.999943
ACGGAATTTAGCAAAT-1,0.000013,0.000013,0.999975
ACGGACTCTCAAAGCG-1,0.000012,0.074382,0.925606
ACGGAGCGCAAATTAC-1,0.000013,0.000013,0.999974
ACGGATGGTGCGGATA-1,0.000046,0.185384,0.814571
ACGGCACTTGCTTGGG-1,0.00005,0.767834,0.232116
ACGGCCAACATGGACT-1,0.000019,0.770477,0.229504
ACGGCGACGATGGGAA-1,0.000033,0.058213,0.941755
ACGGCGGGTTGCCCTG-1,0.000055,0.708618,0.291327
ACGGGAGTGTCGGCCC-1,0.000018,0.911677,0.088305
ACGGGCGTATGCGACA-1,0.000017,0.000017,0.999965
ACGGGTCATGTGACTT-1,0.000034,0.658903,0.341064
ACGGTACAGTTCAATG-1,0.000008,0.000008,0.999983
ACGTACAGATTTCTCT-1,0.000091,0.057947,0.941962
ACGTAGATTGCTGATG-1,0.000027,0.025697,0.974276
ACGTAGGAGAGTCGCT-1,0.000036,0.48898,0.510984
ACGTATTACTCCGATC-1,0.000063,0.000063,0.999875
ACGTCTCGTTCCGGGA-1,0.000021,0.877927,0.122052
ACGTGACAAAGTAAGT-1,0.000025,0.973097,0.026878
ACGTGCGCCTCGTGCA-1,0.000014,0.030412,0.969574
ACGTTAATGTCGAAGA-1,0.000024,0.088023,0.911953
ACGTTAGATTTGCCCG-1,0.00001,0.044445,0.955545
ACGTTATTGGTCACTC-1,0.00003,0.329445,0.670524
ACGTTCCGCGCTCCGT-1,0.000052,0.924805,0.075143
ACGTTCGCAATCAATT-1,0.000034,0.117902,0.882064
ACGTTCGTTCAGGAAA-1,0.000051,0.953544,0.046405
ACGTTCTGTACAAGTC-1,0.000018,0.104842,0.89514
ACGTTTAGTTGTGATC-1,0.000034,0.000034,0.999932
ACGTTTCGGTGCACTT-1,0.000195,0.000195,0.999611
ACTAAGGACGCACACC-1,0.00002,0.314263,0.685717
ACTAATACGTCAGGCG-1,0.000094,0.33809,0.661816
ACTACCAGCTCTCTGG-1,0.00003,0.008364,0.991606
ACTACGCGTTAGAATT-1,0.000042,0.923929,0.076028
ACTAGTTGCGATCGTC-1,0.000034,0.008462,0.991504
ACTATATGCTGTGTTC-1,0.000071,0.000071,0.999858
ACTATCCAGGGCATGG-1,0.00001,0.00001,0.99998
ACTATCGCCGGCTAAA-1,0.000026,0.962711,0.037263
ACTATCTGCCCGCGTA-1,0.000013,0.000013,0.999974
ACTATTCGTCCGTGGT-1,0.000025,0.000025,0.999949
ACTATTTCCGGGCCCA-1,0.000027,0.891006,0.108967
ACTCAACGAATGTATT-1,0.000041,0.961265,0.038695
ACTCAAGTGCAAGGCT-1,0.00003,0.118356,0.881614
ACTCAATAAAGGCACG-1,0.000041,0.000041,0.999918
ACTCAGACCTGCTTCT-1,0.00003,0.347439,0.652531
ACTCCAATATCATCAT-1,0.000023,0.786902,0.213075
ACTCCCATTCCTAAAG-1,0.000026,0.914846,0.085127
ACTCCCGAATTCGTTT-1,0.000029,0.000029,0.999942
ACTCCCGTAGACTAGG-1,0.000048,0.010768,0.989184
ACTCCCTAATGCTAAA-1,0.000023,0.794065,0.205912
ACTCCCTAGAATAGTA-1,0.000033,0.508539,0.491428
ACTCCGGCCGACCACT-1,0.000021,0.098081,0.901899
ACTCGATGTATTTCAT-1,0.000024,0.633066,0.36691
ACTCGCCGTTCGATAA-1,0.000012,0.034815,0.965174
ACTCGCGATCTGACGC-1,0.000038,0.000038,0.999924
ACTCGTAACCCGTCCT-1,0.00002,0.835965,0.164016
ACTCGTCAGTAATCCC-1,0.000045,0.038295,0.961661
ACTCTAAACCTGGGAT-1,0.000029,0.970562,0.029409
ACTCTCTGACTTAGGT-1,0.00004,0.077221,0.92274
ACTCTCTTATACACGA-1,0.000113,0.149349,0.850538
ACTCTGACCTAATAGA-1,0.000031,0.000031,0.999939
ACTCTTCAGCTCCCGC-1,0.000019,0.000019,0.999963
ACTCTTGTATAGTAAC-1,0.000009,0.080175,0.919816
ACTGAAACGCCGTTAG-1,0.000025,0.02792,0.972055
ACTGAATGGCGAAAGT-1,0.000021,0.05869,0.941288
ACTGATTTAGTGATTC-1,0.000051,0.875076,0.124873
ACTGCCGTCGTAACTC-1,0.000025,0.000025,0.99995
ACTGCGGACACACCGT-1,0.000062,0.000062,0.999875
ACTGCTCGGAAGGATG-1,0.000042,0.979256,0.020702
ACTGGCGAACCTGCGT-1,0.000046,0.856804,0.14315
ACTGTACGATACACAT-1,0.000033,0.000033,0.999934
ACTGTAGCACTTTGGA-1,0.000014,0.000014,0.999971
ACTGTATACGCGAGCA-1,0.000018,0.000018,0.999965
ACTGTCCAGGATTATA-1,0.000018,0.006468,0.993514
ACTGTCTTCTTTAGAA-1,0.000037,0.2021,0.797863
ACTGTGCTAGTAGATC-1,0.000021,0.044173,0.955806
ACTGTTTAGTGTAGGC-1,0.000066,0.848831,0.151103
ACTTACCGGGCGCGCA-1,0.000023,0.007862,0.992115
ACTTACGCATCCACGC-1,0.00003,0.744291,0.255679
ACTTAGTACGACAAGA-1,0.000014,0.000014,0.999973
ACTTATACTTACCCGG-1,0.000016,0.060837,0.939146
ACTTATTAGGATCGGT-1,0.000023,0.059271,0.940705
ACTTATTTATGTGCCA-1,0.000019,0.039635,0.960346
ACTTCAGGCTGATCCC-1,0.000057,0.123199,0.876744
ACTTCCAGTGGAAGCT-1,0.000028,0.797765,0.202206
ACTTCCATGCGGGACA-1,0.000019,0.182031,0.817951
ACTTCGCCATACGCAC-1,0.000022,0.105907,0.894071
ACTTCGCTAGCGAGTG-1,0.000041,0.001589,0.99837
ACTTGACTCCCTCTTT-1,0.000047,0.051461,0.948492
ACTTGCCATATTGTAC-1,0.000072,0.846417,0.153511
ACTTGGGACCCGGTGG-1,0.000007,0.024932,0.975061
ACTTGTAGTCCCTTCA-1,0.000026,0.756035,0.243939
ACTTGTGGATGGAACG-1,0.00004,0.275984,0.723977
ACTTTACCCTCATGAA-1,0.000047,0.021447,0.978505
ACTTTCCTATAGCTTC-1,0.000023,0.000023,0.999954
ACTTTGACTGCATCCT-1,0.000027,0.906212,0.093761
ACTTTGTCGACGCACT-1,0.000062,0.000062,0.999877
AGAAATTATGACTCGC-1,0.00001,0.00001,0.99998
AGAACCCAGCGTGACA-1,0.000027,0.000027,0.999945
AGAACGTGGTACATTC-1,0.000032,0.014574,0.985394
AGAACTGTACTTTGTA-1,0.000044,0.02803,0.971927
AGAAGAGCGCCGTTCC-1,0.000413,0.043045,0.956541
AGAAGGTACACTTCAC-1,0.000042,0.932503,0.067456
AGAAGGTTGCCGAATT-1,0.000008,0.000008,0.999984
AGAAGGTTGTAGGTCG-1,0.000032,0.162928,0.83704
AGAAGTGATTCGTGAT-1,0.000029,0.778783,0.221188
AGAATAAATCTTCAGG-1,0.000025,0.905573,0.094402
AGAATACAGGCTATCC-1,0.000039,0.002478,0.997482
AGAATGCGGGTTCGGA-1,0.000064,0.010291,0.989645
AGAATTATGGATTCGA-1,0.000011,0.031991,0.967998
AGAATTGTTTGACATA-1,0.000027,0.043781,0.956192
AGACAGCTCAGAATCC-1,0.000054,0.101141,0.898805
AGACAGGCATCTCAGC-1,0.000032,0.000032,0.999936
AGACATAGATCCTTCC-1,0.000054,0.97608,0.023867
AGACCAAACCACACCT-1,0.000027,0.88398,0.115993
AGACCATGGGATACAA-1,0.000006,0.000006,0.999988
AGACCCACCGCTGATC-1,0.000019,0.415882,0.584099
AGACCCGCCCTCCTCG-1,0.000023,0.003166,0.996811
AGACCGCTCCGCGGTT-1,0.000012,0.002083,0.997905
AGACCGGGAAACCCTG-1,0.000007,0.055302,0.944691
AGACGAAGTGCCGGTC-1,0.000033,0.023813,0.976154
AGACGACGATGCCGCT-1,0.000032,0.939921,0.060047
AGACGCCCACTTCGCC-1,0.000012,0.000012,0.999976
AGACGGGCCGATTTAA-1,0.000038,0.363418,0.636544
AGACTAGCCTTCCAGA-1,0.000012,0.002494,0.997493
AGACTGTTACCGGGTC-1,0.000018,0.925012,0.07497
AGAGAACCGTCTAGGA-1,0.000011,0.010135,0.989854
AGAGAAGGAGTACAAT-1,0.000049,0.888684,0.111267
AGAGATCTCTAAAGCG-1,0.000013,0.174311,0.825676
AGAGCAGTTATGAGAC-1,0.000024,0.005255,0.994721
AGAGCCGCCGAGATTT-1,0.000018,0.038408,0.961574
AGAGCGCTTGTAACGG-1,0.000061,0.000061,0.999877
AGAGCGGGCTAATCAT-1,0.000017,0.000017,0.999966
AGAGCGTACAAGCTCG-1,0.000025,0.000025,0.999951
AGAGCTACGAAAGCAT-1,0.000025,0.886272,0.113703
AGAGGCTTCGGAAACC-1,0.00004,0.00004,0.999919
AGAGGGACAATTGTCC-1,0.000044,0.951155,0.048801
AGAGGTATCTCGGTCC-1,0.000036,0.998654,0.00131
AGAGTAAACTTCACTA-1,0.000028,0.013162,0.98681
AGAGTATAGTGTTACG-1,0.000023,0.000023,0.999953
AGAGTCTTAATGAAAG-1,0.000032,0.000032,0.999936
AGAGTTAGAGACCGAT-1,0.000047,0.870397,0.129555
AGAGTTGCAGGCCTCC-1,0.000039,0.483861,0.5161
AGATAACTTCAGGGCC-1,0.000013,0.000013,0.999975
AGATACCAATAGAACC-1,0.000015,0.000015,0.99997
AGATACCAGCACTTCA-1,0.000099,0.000099,0.999803
AGATACCGGTGTTCAC-1,0.000013,0.001162,0.998825
AGATACGACTTCATAT-1,0.000037,0.000037,0.999926
AGATACTCAAGATCGA-1,0.00001,0.074092,0.925897
AGATATAATACGACTA-1,0.000024,0.774294,0.225682
AGATCGTGCATAAGAT-1,0.00002,0.00002,0.999959
AGATCTCAGGTGTGAT-1,0.000011,0.052317,0.947672
AGATGACTCGCCCACG-1,0.000035,0.000035,0.999931
AGATGAGGGTTGCGAT-1,0.000049,0.000049,0.999902
AGATGATGGAGTCTGG-1,0.000023,0.000023,0.999953
AGATGCAAGACGTGCA-1,0.000026,0.951109,0.048865
AGATGCATCCTGTGTC-1,0.000043,0.980674,0.019283
AGATGCTATAACGAGC-1,0.000022,0.935544,0.064434
AGATTATAGGACGTTT-1,0.000018,0.094938,0.905044
AGATTCACAACCGATA-1,0.000026,0.827866,0.172108
AGCAAAGGCCGCTAGT-1,0.000014,0.413367,0.586619
AGCAACATATCTTATT-1,0.000014,0.000014,0.999972
AGCAACCGAAAGTAAT-1,0.000028,0.907245,0.092727
AGCACCAGTACTCACG-1,0.000027,0.075994,0.923979
AGCACTACCGGCCTGT-1,0.000016,0.080381,0.919603
AGCACTACCTCACCAG-1,0.000021,0.062976,0.937003
AGCACTTAAGGACGCC-1,0.000036,0.000036,0.999928
AGCAGAAGGAGAAAGA-1,0.00002,0.815108,0.184872
AGCAGCCAGATGAATA-1,0.000029,0.640535,0.359436
AGCAGTCGAAGCATGC-1,0.000017,0.01787,0.982113
AGCATATCAATATGCT-1,0.000038,0.027654,0.972308
AGCATCATTTCGAAAG-1,0.000036,0.875471,0.124493
AGCATCGTCGATAATT-1,0.000016,0.000016,0.999968
AGCATTACGAGGCAAG-1,0.000007,0.000007,0.999987
AGCCAAGCTTTGTGTC-1,0.000038,0.918073,0.081889
AGCCACAGGTTACCCG-1,0.00001,0.11265,0.88734
AGCCACTCCCGTGCTT-1,0.000049,0.011212,0.98874
AGCCATATAGTATGTG-1,0.000019,0.657149,0.342832
AGCCCATACATGTAAG-1,0.00002,0.114026,0.885954
AGCCCGCAACAAGCAG-1,0.000013,0.869389,0.130597
AGCCCGCACTACAATG-1,0.000034,0.000034,0.999932
AGCCCGGTAGCCTGTA-1,0.00003,0.955145,0.044825
AGCCCTAAGCGAAGTT-1,0.000019,0.000019,0.999961
AGCCCTGTCGCACCGT-1,0.000014,0.000014,0.999973
AGCCCTTCTAATCCGA-1,0.000017,0.000017,0.999966
AGCCCTTGGACATCCC-1,0.000034,0.000034,0.999933
AGCCGCAAATTCAAAT-1,0.000032,0.961016,0.038952
AGCCGCTTGATTAGCG-1,0.000022,0.875353,0.124625
AGCCGTGGCTAAATGT-1,0.000027,0.907603,0.09237
AGCCTAATACCCACGT-1,0.000028,0.981187,0.018785
AGCCTTAAAGCGGAAG-1,0.000013,0.002558,0.997429
AGCGACAGGAACGGTC-1,0.000029,0.696323,0.303648
AGCGACATCCCATTCA-1,0.00002,0.00002,0.999961
AGCGACCAACGATATT-1,0.000024,0.028303,0.971673
AGCGATGCGCCTAATA-1,0.00002,0.00002,0.999961
AGCGCATAATGAATCG-1,0.00002,0.931645,0.068334
AGCGCGGGTGCCAATG-1,0.000016,0.08104,0.918945
AGCGCTAGAGCGATGT-1,0.000061,0.000061,0.999877
AGCGCTTATGGGCAAG-1,0.00013,0.202866,0.797005
AGCGGACACTTCGTAG-1,0.000039,0.979536,0.020425
AGCGGCGGTTAGCGGT-1,0.000049,0.760256,0.239695
AGCGGGAAGGGTCCAT-1,0.000011,0.000011,0.999979
AGCGGGTCTGACACTC-1,0.000038,0.624015,0.375947
AGCGGTTGCCGCTCTG-1,0.000043,0.000043,0.999914
AGCGTACGAGAGCTAG-1,0.000045,0.954939,0.045015
AGCGTAGCGCTAGACC-1,0.000038,0.971138,0.028824
AGCGTCTGAACCCGCA-1,0.00003,0.988059,0.011911
AGCGTGGTATTCTACT-1,0.000014,0.156239,0.843747
AGCTAACAAGCAATGT-1,0.000032,0.893169,0.106799
AGCTAAGTACGCAGGC-1,0.000038,0.062117,0.937845
AGCTACGAATGGTGGT-1,0.000055,0.000055,0.999889
AGCTAGAAGCAGAAGT-1,0.000011,0.000011,0.999978
AGCTATTTAATCCAAC-1,0.00004,0.00004,0.999919
AGCTCCATATATGTTC-1,0.000025,0.005275,0.9947
AGCTCCTTCGCACATC-1,0.000021,0.326447,0.673533
AGCTCGTTGATGGAAA-1,0.000061,0.011959,0.98798
AGCTCTAGACGTTCCA-1,0.000039,0.011621,0.98834
AGCTCTTCCCAGTGCA-1,0.000046,0.015733,0.984222
AGCTCTTCGTAACCTT-1,0.000016,0.000016,0.999967
AGCTCTTTACTCAGTT-1,0.000024,0.009958,0.990018
AGCTGAAGTAAACCAA-1,0.000008,0.020429,0.979563
AGCTGTAACCTCAATC-1,0.000023,0.834835,0.165143
AGCTTATAGAGACCTG-1,0.000035,0.860091,0.139873
AGCTTCTTCTCGAGCA-1,0.000037,0.030787,0.969176
AGCTTGATCTTAACTT-1,0.000039,0.17427,0.825691
AGGAAAGCCTCTGATG-1,0.000071,0.848439,0.15149
AGGAACGAACGACTTC-1,0.000014,0.000014,0.999973
AGGAAGCTGTCCGCCG-1,0.00002,0.988074,0.011906
AGGACAGTCGAATCCC-1,0.000017,0.017935,0.982048
AGGACATCGCACGTCG-1,0.000021,0.08413,0.915849
AGGACATCGGCACACT-1,0.000043,0.000043,0.999914
AGGACGACCCATTAGA-1,0.000012,0.024061,0.975926
AGGACGCTCGATGTTG-1,0.000026,0.000026,0.999947
AGGACTTATAGGAGAA-1,0.000041,0.822057,0.177901
AGGAGACATCCACAGT-1,0.000026,0.000026,0.999949
AGGAGAGTCTGGCTAC-1,0.000038,0.000038,0.999924
AGGAGCGTTTATTATC-1,0.000019,0.00387,0.996111
AGGAGGCCTTCGCGCG-1,0.000027,0.016339,0.983634
AGGATAAAGTCGGGAT-1,0.000051,0.581853,0.418097
AGGATATAGGGATTTA-1,0.000033,0.000033,0.999934
AGGATATCCGACTGCA-1,0.000016,0.07185,0.928134
AGGATCACGCGATCTG-1,0.000039,0.893752,0.106208
AGGATTGCTTACGACA-1,0.00002,0.008746,0.991234
AGGCAATACGGAGGAC-1,0.000056,0.84085,0.159094
AGGCACGTGACTGTCC-1,0.00001,0.00001,0.999979
AGGCAGATGCGTAAAC-1,0.00001,0.003371,0.996619
AGGCAGGGAGCGTACT-1,0.000058,0.813439,0.186503
AGGCATTGTCGTAGGG-1,0.000025,0.000025,0.999949
AGGCCACATTGGTTAC-1,0.000031,0.000031,0.999939
AGGCCACCCGTTATGA-1,0.000044,0.000044,0.999912
AGGCCCAGTGACTGGT-1,0.000025,0.817259,0.182716
AGGCCCATTGTACAGG-1,0.000024,0.008431,0.991545
AGGCCCTAGAACGCCA-1,0.000019,0.340356,0.659626
AGGCCTGAGAATCTCG-1,0.000025,0.022382,0.977593
AGGCGATAACTGGCGT-1,0.00004,0.00004,0.99992
AGGCGGTTTGTCCCGC-1,0.000038,0.893258,0.106704
AGGCGTCTATGGACGG-1,0.000185,0.049895,0.94992
AGGCTATGGTTAGCTT-1,0.000017,0.000017,0.999967
AGGCTTCCCGAAGAAG-1,0.00003,0.80838,0.19159
AGGCTTGCTAGACACC-1,0.000034,0.03165,0.968315
AGGGAAACGAGGTACT-1,0.000034,0.000034,0.999931
AGGGACAGCACGGCGG-1,0.000038,0.925317,0.074645
AGGGACCGGCTGCGTT-1,0.000023,0.000023,0.999954
AGGGACTCTACGCGAC-1,0.000043,0.853537,0.146419
AGGGAGACATACTTCG-1,0.000043,0.068527,0.931429
AGGGCAGCGGCGTGGT-1,0.000062,0.430913,0.569025
AGGGCCCTAATGTTCT-1,0.00004,0.00004,0.99992
AGGGCGAGCAGCTGAT-1,0.000032,0.607731,0.392236
AGGGCGTGATCGGCTA-1,0.000041,0.019687,0.980273
AGGGCTGCAGTTACAG-1,0.000035,0.005652,0.994313
AGGGTCAGTAACCCTA-1,0.000078,0.051821,0.948101
AGGGTCGATGCGAACT-1,0.000015,0.000305,0.99968
AGGGTCTGGACGCAGT-1,0.000044,0.000044,0.999912
AGGGTGCTCTCGAGGG-1,0.000019,0.093697,0.906284
AGGGTGGATAGTGCAT-1,0.000021,0.337082,0.662897
AGGGTTCCCTTTGGTT-1,0.000057,0.017727,0.982216
AGGGTTTAGTTCGGGA-1,0.000067,0.113365,0.886567
AGGTAACCTCCTATTC-1,0.00005,0.024362,0.975588
AGGTACGATATTGCCA-1,0.000049,0.021698,0.978253
AGGTAGATCGAGATAT-1,0.000046,0.847823,0.152131
AGGTAGGTACAAAGCT-1,0.000016,0.000783,0.999201
AGGTATAATTGATAGT-1,0.000032,0.020002,0.979965
AGGTATGCGGACATTA-1,0.000025,0.000025,0.99995
AGGTCAGGTGAGAGTG-1,0.000038,0.701277,0.298685
AGGTCGCCACTTCGGT-1,0.000036,0.991852,0.008112
AGGTCGCCTCCCAACA-1,0.000014,0.000014,0.999973
AGGTCGCGGAGTTACT-1,0.000038,0.000038,0.999924
AGGTGCACGTCCACAT-1,0.000042,0.000042,0.999916
AGGTGGTGACCTTCGC-1,0.000023,0.951975,0.048001
AGGTGTATCGCCATGA-1,0.000032,0.079387,0.920581
AGGTGTTGCCGACCAC-1,0.000031,0.000032,0.999937
AGGTTACACCATGCCG-1,0.000029,0.000029,0.999943
AGGTTGAGGCACGCTT-1,0.000025,0.000025,0.999951
AGGTTTCACACACCTT-1,0.000024,0.052832,0.947143
AGTAACGTTCATCCTG-1,0.000052,0.73764,0.262307
AGTAACTATAGCAGCC-1,0.000033,0.003394,0.996573
AGTAAGGGACAGAATC-1,0.000049,0.000049,0.999903
AGTAATCTAAGGGTGG-1,0.000019,0.000019,0.999961
AGTAATGTCTTGCCGC-1,0.000017,0.000017,0.999965
AGTACAGAAGCTTATA-1,0.000032,0.066811,0.933157
AGTACATCATTTATCA-1,0.000062,0.000062,0.999876
AGTACCTTCGAGTGCT-1,0.000054,0.032227,0.967719
AGTACGGCCCGTATCG-1,0.000035,0.748588,0.251377
AGTACGGGCACCTGGC-1,0.000021,0.000021,0.999957
AGTACGTGGCCTGTCT-1,0.000042,0.679463,0.320496
AGTACTCTTATGCCCA-1,0.000032,0.41938,0.580588
AGTAGAAGGCGCCTCA-1,0.000021,0.870198,0.129781
AGTAGGAAGGAAGTTG-1,0.000014,0.000014,0.999971
AGTAGGTAACATACAT-1,0.000061,0.118351,0.881588
AGTATAATACTAGGCA-1,0.00001,0.00001,0.99998
AGTATACACAGCGACA-1,0.000037,0.960121,0.039843
AGTATCCATAATAACG-1,0.000044,0.954669,0.045287
AGTATGCTGGAGACCA-1,0.000058,0.869985,0.129957
AGTATTTGGCACGACC-1,0.000058,0.692541,0.307401
AGTCAACACCACCATC-1,0.000006,0.006051,0.993943
AGTCAAGATGACACTT-1,0.000016,0.009981,0.990003
AGTCACTAGCTCTCGA-1,0.000048,0.000048,0.999904
AGTCACTCCGCCTCAT-1,0.000039,0.95291,0.047051
AGTCAGCCACCGCCTG-1,0.000068,0.004193,0.995739
AGTCCAGCGGGTACGT-1,0.000035,0.908493,0.091472
AGTCCATTGGCTGATG-1,0.000044,0.017678,0.982278
AGTCCCGCCTTTAATT-1,0.000023,0.000023,0.999953
AGTCCCTCGCAGAAAG-1,0.000022,0.000022,0.999956
AGTCGAATTAGCGTAA-1,0.000036,0.000036,0.999928
AGTCGACGGTCTCAAG-1,0.000031,0.010991,0.988978
AGTCGGCCCAAACGAC-1,0.000021,0.004925,0.995053
AGTCGGCTCAACTTTA-1,0.000025,0.795139,0.204837
AGTCGGTTGCGTGAGA-1,0.000059,0.00698,0.992961
AGTCGTATAAAGCAGA-1,0.000018,0.034669,0.965313
AGTCGTCGACCACCAA-1,0.000019,0.021231,0.978749
AGTCGTGGGCATTACG-1,0.000032,0.910124,0.089844
AGTCTAAAGTATACTC-1,0.000027,0.000027,0.999945
AGTCTCACAAGACTAC-1,0.000046,0.775663,0.224291
AGTCTGGACATCCTTG-1,0.000042,0.226456,0.773502
AGTCTTCTCCTCAAAT-1,0.000086,0.000086,0.999829
AGTCTTTAAAGTGTCC-1,0.000025,0.08197,0.918005
AGTGAACAAACTTCTC-1,0.000019,0.096903,0.903078
AGTGAAGATGGTGTCC-1,0.000041,0.000041,0.999918
AGTGACCTACTTTACG-1,0.000027,0.083262,0.916711
AGTGAGACTTCCAGTA-1,0.000017,0.000017,0.999966
AGTGAGCCTCGCCGCC-1,0.000008,0.000008,0.999984
AGTGAGGGTTTCTGAC-1,0.000113,0.241277,0.75861
AGTGAGTCGAATTAAC-1,0.000019,0.012859,0.987122
AGTGATAACCTGCGCG-1,0.000013,0.000733,0.999255
AGTGATATGAGTAGTT-1,0.000015,0.175143,0.824842
AGTGATTCAAGCAGGA-1,0.000053,0.016438,0.983509
AGTGCACGCTTAAGAA-1,0.000021,0.002272,0.997707
AGTGCGTAGCTCGTAA-1,0.000031,0.42664,0.573329
AGTGCTAAACACAGCA-1,0.000024,0.116195,0.88378
AGTGCTTGCACGAATA-1,0.000012,0.000012,0.999976
AGTGGCCCGCAAATGG-1,0.000037,0.02054,0.979423
AGTGGCGGCAATTTGA-1,0.000027,0.008066,0.991907
AGTGGCGTCTGAAGGT-1,0.000012,0.014017,0.985971
AGTGGCTCCGTCGGCC-1,0.000026,0.882616,0.117357
AGTGGGAGTATACACG-1,0.000021,0.884532,0.115447
AGTGGTGTTACCCGTG-1,0.000036,0.96261,0.037353
AGTGGTTGCGTATAGG-1,0.000028,0.944639,0.055333
AGTGTATTGCGCATTG-1,0.000016,0.000016,0.999968
AGTGTGCTAAGATCGC-1,0.000033,0.917641,0.082326
AGTGTGGTCTATTGTG-1,0.000026,0.081573,0.9184
AGTTAAACACTTGCGA-1,0.000009,0.000009,0.999982
AGTTAAGCGGTCCCGG-1,0.000017,0.002065,0.997918
AGTTAAGTCAACCGCT-1,0.000041,0.799461,0.200498
AGTTACCCTTAAGACT-1,0.000015,0.270486,0.7295
AGTTACCGCACATGGT-1,0.000012,0.133478,0.86651
AGTTACTCTATCGTGG-1,0.000018,0.047669,0.952313
AGTTATTCAGACTGTG-1,0.000031,0.008093,0.991875
AGTTCACCGGTTGGAC-1,0.000034,0.787357,0.212609
AGTTCCTACAGAATTA-1,0.000038,0.003227,0.996735
AGTTCCTATTTATGTT-1,0.000051,0.027029,0.972921
AGTTCTGCGTTGTATC-1,0.000032,0.171673,0.828295
AGTTGACATCGGCTGG-1,0.000055,0.556805,0.443139
AGTTGACGGTCCTTGC-1,0.000026,0.712257,0.287716
AGTTGCTGACTGATAT-1,0.000033,0.017386,0.982582
AGTTGGCAAGGCTAGA-1,0.00004,0.00004,0.999919
AGTTTATGTAAAGACA-1,0.000018,0.000018,0.999964
AGTTTCGCAGGTCGGA-1,0.000043,0.042088,0.957868
AGTTTGCACCTGCCTC-1,0.000039,0.617008,0.382953
AGTTTGGCACGGGTTG-1,0.000014,0.022425,0.977562
AGTTTGGCCAGACCTA-1,0.000011,0.155455,0.844534
ATAAACCATTGGACGG-1,0.000051,0.738868,0.26108
ATAAACGGACCCGTAA-1,0.000014,0.385172,0.614814
ATAAACGTTGCACCAC-1,0.000022,0.045171,0.954807
ATAAAGGCTCGGTCGT-1,0.000014,0.065807,0.934179
ATAAAGGTCAAGTACG-1,0.000039,0.802762,0.197199
ATAAATATTAGCAGCT-1,0.000018,0.382228,0.617754
ATAACGCCGGAGGGTC-1,0.000028,0.018848,0.981125
ATAACGGAGTCCAACG-1,0.000036,0.000036,0.999928
ATAACGTTACCTCCAC-1,0.000033,0.838678,0.161289
ATAAGCAAACACCGAG-1,0.000039,0.918753,0.081208
ATAAGGTGGAGAACAT-1,0.000029,0.460411,0.53956
ATAAGTACCCGATTGT-1,0.000053,0.451071,0.548877
ATAAGTAGGATTCAGA-1,0.000014,0.000014,0.999973
ATAAGTAGGGCGACTC-1,0.000011,0.000011,0.999978
ATAAGTTACCGCGACG-1,0.000042,0.311635,0.688323
ATAATACCGTTAGCCG-1,0.000016,0.037991,0.961993
ATAATAGCTGTTGAAT-1,0.000029,0.445566,0.554405
ATAATAGTGTAGGGAC-1,0.000033,0.013462,0.986505
ATAATCTTGGAGAACC-1,0.000026,0.431359,0.568615
ATAATTAGCTAAGTAG-1,0.000025,0.763545,0.23643
ATACAGGCCCTCCAAT-1,0.000017,0.317511,0.682472
ATACCACGGGCAACTT-1,0.00001,0.051617,0.948374
ATACCAGCAAATTGCT-1,0.000036,0.972098,0.027866
ATACCAGGCTAATAGA-1,0.000038,0.643427,0.356534
ATACCCTGGCTCAAAT-1,0.000039,0.999653,0.000309
ATACCGTCATCCATAA-1,0.000065,0.022876,0.977059
ATACCTAACCAAGAAA-1,0.00003,0.878755,0.121215
ATACGAAGGCTTTCCA-1,0.000038,0.024078,0.975884
ATACGCCGATCTACCG-1,0.000045,0.577027,0.422929
ATACGCCGGCGAAACC-1,0.000023,0.022317,0.97766
ATACGGAACGTCGTTT-1,0.000064,0.809142,0.190794
ATACGGGTTTCGATTG-1,0.000059,0.000059,0.999882
ATACGGTGAAGATGCA-1,0.000041,0.651785,0.348173
ATACGTACTTAGCCAC-1,0.000015,0.2641,0.735885
ATACGTCCACTCCTGT-1,0.000011,0.033467,0.966522
ATACGTTATGCACGGA-1,0.000058,0.614981,0.384961
ATACTACCCGTACCAC-1,0.000019,0.000131,0.99985
ATACTAGCATGACCCT-1,0.000023,0.000023,0.999953
ATACTCTCGCCACTCT-1,0.000033,0.60721,0.392757
ATACTGCCTTACACCG-1,0.000043,0.041457,0.9585
ATACTTGTTCTCGAGC-1,0.000013,0.209479,0.790507
ATAGACAACGGGACCT-1,0.000006,0.000006,0.999987
ATAGACGAAGAGAAAG-1,0.000015,0.000382,0.999603
ATAGAGTACTGGGACA-1,0.00003,0.00003,0.999939
ATAGAGTTATCAACTT-1,0.000045,0.088711,0.911243
ATAGCAACTAGGGAAG-1,0.000008,0.000008,0.999984
ATAGCCATAACAGTCA-1,0.000018,0.000018,0.999963
ATAGCCTCAGTACCCA-1,0.000039,0.110967,0.888994
ATAGCTGCTCTTGTTA-1,0.000039,0.887783,0.112178
ATAGGAATCTAAGCTT-1,0.00004,0.414635,0.585325
ATAGGCGGCTATAGAA-1,0.000029,0.047764,0.952207
ATAGGCTAGCTTCGCA-1,0.000033,0.000033,0.999933
ATAGGGATATCCTTGA-1,0.000014,0.000014,0.999971
ATAGGTTGGGCAGATG-1,0.000024,0.01418,0.985796
ATAGTCTTTGACGTGC-1,0.000055,0.740845,0.259101
ATAGTGAAGCGTTCTC-1,0.000018,0.007883,0.992099
ATAGTTCCACCCACTC-1,0.00002,0.142567,0.857413
ATATAAAGCGCTCGTG-1,0.000018,0.590559,0.409423
ATATAAATGTAGCTGC-1,0.000032,0.542164,0.457804
ATATAACACGGGCGCA-1,0.000025,0.0043,0.995675
ATATACATGTATGGTA-1,0.000038,0.956564,0.043398
ATATACGCTCGTGACG-1,0.00005,0.00005,0.999899
ATATCAACCTACAGAG-1,0.000015,0.000015,0.99997
ATATCAATTCCAGCCT-1,0.000046,0.955805,0.044149
ATATCGGTAGGGAGAT-1,0.000037,0.000037,0.999927
ATATCGTTCCTCGAAC-1,0.00003,0.015804,0.984165
ATATCTCCCTCGTTAA-1,0.000015,0.002521,0.997465
